Swiss food composition database – Generic foods V6.1 (28.03.2019),,,,,,,,,,,,,,,,,,,,,,,,,,,,,,,,,,,,,,,,,,,,,,,,,,,,,,,,,,,,,,,,,,,,,,,,,,,,,,,,,,,,,,,,,,,,,,,,,,,,,,,,,,,,,,,,,,,,,,,,,,,,,,,,
,,,,,,,,,,,,,,,,,,,,,,,,,,,,,,,,,,,,,,,,,,,,,,,,,,,,,,,,,,,,,,,,,,,,,,,,,,,,,,,,,,,,,,,,,,,,,,,,,,,,,,,,,,,,,,,,,,,,,,,,,,,,,,,,
ID,ID V 4.0,ID SwissFIR,Name,Synonyms,Category,Density,Matrix unit,"Energy, kilojoules (kJ)",Derivation of value,Source,"Energy, kilocalories (kcal)",Derivation of value,Source,"Fat, total (g)",Derivation of value,Source,"Fatty acids, saturated (g)",Derivation of value,Source,"Fatty acids, monounsaturated (g)",Derivation of value,Source,"Fatty acids, polyunsaturated (g)",Derivation of value,Source,Cholesterol (mg),Derivation of value,Source,"Carbohydrates, available (g)",Derivation of value,Source,Sugars (g),Derivation of value,Source,Starch (g),Derivation of value,Source,Dietary fibres (g),Derivation of value,Source,Protein (g),Derivation of value,Source,Salt (NaCl) (g),Derivation of value,Source,Alcohol (g),Derivation of value,Source,Wasser (g),Derivation of value,Source,"Vitamin A activity, RE (µg-RE)",Derivation of value,Source,"Vitamin A activity, RAE (µg-RE)",Derivation of value,Source,All-trans retinol equivalents (µg-RE),Derivation of value,Source,Beta- carotene activity (µg-BCE),Derivation of value,Source,Beta-carotene (µg),Derivation of value,Source,Vitamin B1 (thiamine) (mg),Derivation of value,Source,Vitamin B2 (riboflavin) (mg),Derivation of value,Source,Vitamin B6 (pyridoxine) (mg),Derivation of value,Source,Vitamin B12 (cobalamin) (µg),Derivation of value,Source,Niacin (mg),Derivation of value,Source,Folate (µg),Derivation of value,Source,Panthotenic acid (mg),Derivation of value,Source,Vitamin C (ascorbic acid) (mg),Derivation of value,Source,Vitamin D (calciferol) (µg),Derivation of value,Source,Vitamin E activity (mg-ATE),Derivation of value,Source,Potassium (K) (mg),Derivation of value,Source,Sodium (Na) (mg),Derivation of value,Source,Chloride (Cl) (mg),Derivation of value,Source,Calcium (Ca) (mg),Derivation of value,Source,Magnesium (Mg) (mg),Derivation of value,Source,Phosphorus (P) (mg),Derivation of value,Source,Iron (Fe) (mg),Derivation of value,Source,Iodide (I) (µg),Derivation of value,Source,Zinc (Zn) (mg),Derivation of value,Source,Selenium (Se) (µg),Derivation of value,Source,Record has changed
10533,,,Agar Agar,,Various/Gelling and binding agents,,per 100g edible portion,641,Automated calculation,,160,Automated calculation,,0.2,-,1473,n.d.,,,n.d.,,,n.d.,,,n.d.,,,0,-,1473,n.d.,,,n.d.,,,74.1,-,1473,2.4,-,1473,0.3,Automated calculation,,n.d.,,,20.5,-,1473,n.d.,,,n.d.,,,n.d.,,,n.d.,,,n.d.,,,n.d.,,,n.d.,,,n.d.,,,n.d.,,,n.d.,,,n.d.,,,n.d.,,,n.d.,,,n.d.,,,n.d.,,,52,-,1473,130,-,1473,n.d.,,,660,-,1473,100,-,1473,34,-,1473,4.5,-,1473,n.d.,,,1.5,-,1473,n.d.,,,Nein
10536,,,Agave syrup,,Sweets/Sugar and sweeteners,,per 100g edible portion,1240,Automated calculation,,293,Automated calculation,,0,-,1476;1477,n.d.,,,n.d.,,,n.d.,,,n.d.,,,73.1,-,1476;1477,n.d.,,,n.d.,,,0,Estimation,1408,0.2,-,1476;1477,n.d.,,,n.d.,,,n.d.,,,n.d.,,,n.d.,,,n.d.,,,n.d.,,,n.d.,,,n.d.,,,n.d.,,,n.d.,,,n.d.,,,n.d.,,,n.d.,,,n.d.,,,n.d.,,,n.d.,,,n.d.,,,n.d.,,,n.d.,,,n.d.,,,n.d.,,,n.d.,,,n.d.,,,n.d.,,,n.d.,,,n.d.,,,n.d.,,,Nein
273,4500,841005,Almond,,"Nuts, seeds and oleaginous fruit",,per 100g edible portion,2450,Automated calculation,,593,Automated calculation,,49.9,-,1631,3.8,-,1631,31.6,-,1631,13.3,-,1631,1,-,43,4,-,81,3.9,-,156,4,-,81,13,-,141,25.5,Estimation,1662,0,Automated calculation,,0,Estimation,51,11.7,-,81,0,Automated calculation,,0,Automated calculation,,0,Estimation,51,0,Estimation,51,0,-,103,0.19,-,81;1672,0.44,-,81,0.15,-,81,0,-,43,2.1,-,81,48,-,81,0.46,-,43;1672,tr.,-,81,0,-,81,29.61,Automated calculation,,760,-,81;1542,1.3,-,43;1542,40,-,8,270,-,141;1542,240,-,141;1542,510,-,81;1542,4.8,-,141;1542,2,-,43,6,-,141,n.d.,,,Nein
278,4123,841012,"Almond, dry roasted, salted",,"Savoury snacks/Salted nuts, seeds and kernels",,per 100g edible portion,2620,Automated calculation,,634,Automated calculation,,52.1,-,1002,4,-,156,32.4,-,1002,13,-,1002,0,-,156,10.3,Estimation,1003,4.9,-,156,0.7,-,156,10.9,-,1002,25.4,Estimation,1698,0.8,Automated calculation,,0,Estimation,51,2.5,-,1002,0,Automated calculation,,0,Automated calculation,,0,Estimation,51,0,Estimation,51,0,-,156,0.07,-,156,0.86,-,156,0.13,-,156,0,-,156,3.9,-,156,33,-,156,0.23,-,156,0,-,156,0,-,8,27.45,-,156,750,-,156,340,-,156,1190,-,8,270,-,156,290,-,156,490,-,156,4.5,-,156,2.4,-,156,3.5,-,156,n.d.,,,Nein
269,4497,832075,"Almond, roasted, salted",,"Savoury snacks/Salted nuts, seeds and kernels",,per 100g edible portion,2680,Automated calculation,,649,Automated calculation,,55.2,-,156,4.2,-,156,34.8,-,156,13.5,-,156,0,-,156,7.2,Estimation,51,4.6,-,156,0.6,-,156,10.5,-,156,25.6,Estimation,1698,0.8,Automated calculation,,0,Estimation,51,2.8,-,156,0,Automated calculation,,0,Automated calculation,,0,Estimation,51,1,Estimation,51,1,-,156,0.09,-,156,0.78,-,156,0.12,-,156,0,-,156,3.67,-,156,27,-,156,0.23,-,156,0,-,156,0,-,8,25.97,-,156,670,-,156;1542,330,-,156;1542,1190,-,8,240,-,156;1542,270,-,156;1542,470,-,156;1542,3.3,-,156;1542,2.4,-,8,3.1,-,156,n.d.,,,Nein
13398,,,"Amaranth, seed, cooked (without addition of fat and salt)",,"Cereal products, pulses and potatoes/Other cereal products",,per 100g edible portion,531,Automated calculation,,126,Automated calculation,,2.4,Calculation on the basis of ingredients,,0.5,Calculation on the basis of ingredients,,0.6,Calculation on the basis of ingredients,,0.9,Calculation on the basis of ingredients,,0,Calculation on the basis of ingredients,,19.1,Calculation on the basis of ingredients,,0.6,Calculation on the basis of ingredients,,18.5,Calculation on the basis of ingredients,,3.7,Calculation on the basis of ingredients,,5.3,Calculation on the basis of ingredients,,0,Automated calculation,,0,Calculation on the basis of ingredients,,69.6,Automated calculation,,0,Automated calculation,,0,Automated calculation,,0,Calculation on the basis of ingredients,,0,Calculation on the basis of ingredients,,0,Calculation on the basis of ingredients,,0.02,Calculation on the basis of ingredients,,0.06,Calculation on the basis of ingredients,,0.11,Calculation on the basis of ingredients,,0,Calculation on the basis of ingredients,,0.34,Calculation on the basis of ingredients,,16.2,Calculation on the basis of ingredients,,0.27,Calculation on the basis of ingredients,,1,Calculation on the basis of ingredients,,0,Calculation on the basis of ingredients,,0.4,Calculation on the basis of ingredients,,150,Calculation on the basis of ingredients,,1.9,Calculation on the basis of ingredients,,36,Calculation on the basis of ingredients,,58,Calculation on the basis of ingredients,,84,Calculation on the basis of ingredients,,180,Calculation on the basis of ingredients,,3,Calculation on the basis of ingredients,,0.8,Calculation on the basis of ingredients,,1.2,Calculation on the basis of ingredients,,n.d.,,,Ja
13397,,,"Amaranth, seed, raw",,"Cereal products, pulses and potatoes/Other cereal products",,per 100g edible portion,1580,Automated calculation,,376,Automated calculation,,7,-,1631,1.5,-,1631,1.7,-,1631,2.8,-,1631,0,Estimation,1648,56.8,-,1640,1.7,-,1640,55.1,-,1640,11,-,1643,15.8,-,1640,0,Automated calculation,,0,Estimation,1677,11.1,-,1640,0,Automated calculation,,0,Automated calculation,,0,Estimation,1678,0,Estimation,1648,0,-,1631,0.08,-,1631;1642,0.19,-,1640,0.53,-,1642;1643,0,Estimation,1648,1.2,-,1640,64.3,-,1642;1643,0.95,-,1528;1642,4.2,-,1528,0,Estimation,1648,1.19,-,1631,480,-,1640,4,-,1631,110,-,1528,160,-,1631,250,-,1631,560,-,1631,9,-,1640,2.5,-,1528,3.7,-,1640,n.d.,,,Nein
868,3704,1001540,Amaretti (Almond cookie),,Sweets/Cookies/Biscuits,,per 100g edible portion,1920,Automated calculation,,456,Automated calculation,,12.4,Calculation on the basis of ingredients,,0.9,Calculation on the basis of ingredients,,7.9,Calculation on the basis of ingredients,,3.3,Calculation on the basis of ingredients,,0,Calculation on the basis of ingredients,,75.7,Calculation on the basis of ingredients,,75.7,Calculation on the basis of ingredients,,1,Calculation on the basis of ingredients,,3.2,Calculation on the basis of ingredients,,8.7,Calculation on the basis of ingredients,,0.1,Automated calculation,,0,Calculation on the basis of ingredients,,1,Automated calculation,,0,Automated calculation,,0,Automated calculation,,0,Calculation on the basis of ingredients,,0,Calculation on the basis of ingredients,,0,Calculation on the basis of ingredients,,0.05,Calculation on the basis of ingredients,,0.19,Calculation on the basis of ingredients,,0.04,Calculation on the basis of ingredients,,0.02,Calculation on the basis of ingredients,,0.54,Calculation on the basis of ingredients,,13.3,Calculation on the basis of ingredients,,0.15,Calculation on the basis of ingredients,,tr.,Calculation on the basis of ingredients,,0,Calculation on the basis of ingredients,,7.37,Calculation on the basis of ingredients,,220,Calculation on the basis of ingredients,,36,Calculation on the basis of ingredients,,49,Calculation on the basis of ingredients,,69,Calculation on the basis of ingredients,,62,Calculation on the basis of ingredients,,130,Calculation on the basis of ingredients,,1.3,Calculation on the basis of ingredients,,2,Calculation on the basis of ingredients,,1.5,Calculation on the basis of ingredients,,n.d.,,,Ja
10532,,,Anchovis paste,,Various/Spreads,,per 100g edible portion,1130,Automated calculation,,272,Automated calculation,,21.3,Calculation on the basis of ingredients,,4,Calculation on the basis of ingredients,,13.8,Calculation on the basis of ingredients,,2.1,Calculation on the basis of ingredients,,57,Calculation on the basis of ingredients,,0.2,Calculation on the basis of ingredients,,0.1,Calculation on the basis of ingredients,,0,Calculation on the basis of ingredients,,0,Calculation on the basis of ingredients,,19.8,Calculation on the basis of ingredients,,19,Automated calculation,,0,Calculation on the basis of ingredients,,58.7,Automated calculation,,11,Automated calculation,,10,Automated calculation,,9,Calculation on the basis of ingredients,,13,Calculation on the basis of ingredients,,13,Calculation on the basis of ingredients,,0.03,Calculation on the basis of ingredients,,0.19,Calculation on the basis of ingredients,,0.28,Calculation on the basis of ingredients,,15.68,Calculation on the basis of ingredients,,2.93,Calculation on the basis of ingredients,,12,Calculation on the basis of ingredients,,0.47,Calculation on the basis of ingredients,,0.4,Calculation on the basis of ingredients,,1.3,Calculation on the basis of ingredients,,5.51,Calculation on the basis of ingredients,,190,Calculation on the basis of ingredients,,7720,Calculation on the basis of ingredients,,6000,Calculation on the basis of ingredients,,220,Calculation on the basis of ingredients,,170,Calculation on the basis of ingredients,,210,Calculation on the basis of ingredients,,2.1,Calculation on the basis of ingredients,,25,Calculation on the basis of ingredients,,1.3,Calculation on the basis of ingredients,,n.d.,,,Ja
554,3895,1001075,"Appenzeller, at least 15% fidm",,Milk and dairy products/Hard cheese,,per 100g edible portion,985,Automated calculation,,235,Automated calculation,,11.4,-,177,6.8,-,177,2.7,-,177,0.5,-,177,34,-,177,0,Estimation,1408,0,Estimation,1408,0,-,22,0,-,22,33.1,Estimation,1662,2,Automated calculation,,0,-,22,48.2,-,177,142,Automated calculation,,136,Automated calculation,,130,-,127,70,-,127,n.d.,,,0.04,-,35,0.5,-,35;1659,0.07,-,35,1.3,-,35;1659,0.1,-,35,15,-,35,0.54,-,35;1659,tr.,-,22,0.3,-,35;1659,0.36,-,35,120,-,177,810,-,177,1240,-,177,1090,-,177,36,-,177,730,-,177,0.2,-,177,35,-,35,2.5,-,177,n.d.,,,Nein
553,3894,1001074,"Appenzeller, at least 45% fidm",,Milk and dairy products/Hard cheese,,per 100g edible portion,1590,Automated calculation,,384,Automated calculation,,31.7,-,177,19,-,177,7.4,-,177,1.5,-,177,95,-,177,0,Estimation,1408,0,Estimation,1408,0,-,22,0,-,22,24.3,Estimation,1662,1.6,Automated calculation,,0,-,22,39.6,-,177,382,Automated calculation,,366,Automated calculation,,350,-,8,190,Estimation,51,190,-,8,0.04,-,35,0.36,-,35;1659,0.07,-,35,1.06,-,35;1659,0.1,-,35,15,-,35,0.33,-,35;1659,tr.,-,22,0.5,-,35;1659,0.95,-,35,82,-,177,620,-,177,960,-,177,740,-,177,29,-,177,540,-,177,0.3,-,177,8.4,-,1333;1399,4,-,177,n.d.,,,Nein
378,4480,1000841,"Apple, fresh",,Fruit/Fresh fruit,,per 100g edible portion,232,Automated calculation,,55,Automated calculation,,0.3,-,43,0.1,-,43,0,-,43,0.1,-,43,0,-,43,11.7,-,43,11.6,-,43,0.1,-,43,2.1,-,43,0.3,-,43,0,Automated calculation,,0,-,43,85,-,43,4,Automated calculation,,2,Automated calculation,,0,Estimation,51,26,Estimation,51,20,-,121,0.02,-,43;1670,0.01,-,43;1670,0.04,-,43;1670,0,-,43,0.09,-,43;1670,13,-,43,0.09,-,43;1670,7,-,43;1670,0,-,43,0.5,-,43,120,-,43,4,-,43,2.2,-,36,5,-,43,4,-,43,9,-,43,0.2,-,43,0.8,-,36,0.1,-,36,n.d.,,,Nein
568,3712,1001093,Apple juice,,Fruit/Fruit juices;Non-alcoholic beverages/Fruit and vegetable juices,1,per 100ml food volume,190,Automated calculation,,45,Automated calculation,,0.1,-,12,0,-,34,0,-,34,0.1,-,34,0,Estimation,51,10.8,-,22,10.3,-,22,0,-,43,tr.,-,43,0.1,-,12,0,Automated calculation,,0,-,22,87.7,-,22,0,Automated calculation,,0,Automated calculation,,0,Estimation,51,0,-,85,0,Estimation,85,0.02,-,22,0.02,-,22,0.04,-,22,0,-,43,0.16,-,22,1,-,43,0.07,-,22,7.4,-,9,0,-,22,0.51,-,9,120,-,22,2.3,-,22,2,-,9,6.7,-,22,5.5,-,22,8,-,22,0.2,-,22,2,-,9,0.1,-,9,n.d.,,,Nein
435,3822,1000913,"Apple, peeled, dried",,Fruit/Dried fruit,,per 100g edible portion,1250,Automated calculation,,295,Automated calculation,,2,-,9,0.5,-,9,0.1,-,9,1,-,9,0,-,9,63.2,-,9,60,-,9,0.1,-,9,9.2,-,9,1.5,-,9,0,Automated calculation,,0,-,9,20,-,9,0,Automated calculation,,0,Automated calculation,,0,Estimation,51,0,Estimation,51,0,-,156,0.09,-,9,0.06,-,9,0.15,-,9,0,-,9,0.31,-,9,20,-,9,0.01,-,9,12.2,-,9,0,-,9,1.84,-,9,520,-,9,15,-,9,10,-,9,15,-,9,31,-,9,56,-,9,2,-,9,10,-,9,0.6,-,9,n.d.,,,Nein
1480,,,"Apple pie, baked (with cake dough)",,"Sweets/Cakes and tarts;Prepared dishes/Cakes, pies and gratins",,per 100g edible portion,604,Automated calculation,,144,Automated calculation,,6.1,Calculation on the basis of ingredients,,3.4,Calculation on the basis of ingredients,,1.5,Calculation on the basis of ingredients,,0.5,Calculation on the basis of ingredients,,37,Calculation on the basis of ingredients,,18.7,Calculation on the basis of ingredients,,9.5,Calculation on the basis of ingredients,,9.1,Calculation on the basis of ingredients,,1.8,Calculation on the basis of ingredients,,2.7,Calculation on the basis of ingredients,,0.2,Automated calculation,,0,Calculation on the basis of ingredients,,70.8,Automated calculation,,65,Automated calculation,,62,Automated calculation,,58,Calculation on the basis of ingredients,,42,Calculation on the basis of ingredients,,34,Calculation on the basis of ingredients,,0.04,Calculation on the basis of ingredients,,0.04,Calculation on the basis of ingredients,,0.05,Calculation on the basis of ingredients,,0.08,Calculation on the basis of ingredients,,0.16,Calculation on the basis of ingredients,,8.1,Calculation on the basis of ingredients,,0.22,Calculation on the basis of ingredients,,3.8,Calculation on the basis of ingredients,,0.2,Calculation on the basis of ingredients,,0.5,Calculation on the basis of ingredients,,120,Calculation on the basis of ingredients,,91,Calculation on the basis of ingredients,,140,Calculation on the basis of ingredients,,19,Calculation on the basis of ingredients,,8.5,Calculation on the basis of ingredients,,41,Calculation on the basis of ingredients,,0.4,Calculation on the basis of ingredients,,3.1,Calculation on the basis of ingredients,,0.3,Calculation on the basis of ingredients,,n.d.,,,Nein
1479,,,"Apple pie, baked (with puff pastry)",,"Sweets/Cakes and tarts;Prepared dishes/Cakes, pies and gratins",,per 100g edible portion,592,Automated calculation,,141,Automated calculation,,7,Calculation on the basis of ingredients,,3.9,Calculation on the basis of ingredients,,1.7,Calculation on the basis of ingredients,,0.5,Calculation on the basis of ingredients,,39,Calculation on the basis of ingredients,,16.5,Calculation on the basis of ingredients,,9.5,Calculation on the basis of ingredients,,6.9,Calculation on the basis of ingredients,,1.7,Calculation on the basis of ingredients,,2.3,Calculation on the basis of ingredients,,0.2,Automated calculation,,0,Calculation on the basis of ingredients,,72.6,Automated calculation,,74,Automated calculation,,71,Automated calculation,,67,Calculation on the basis of ingredients,,46,Calculation on the basis of ingredients,,37,Calculation on the basis of ingredients,,0.03,Calculation on the basis of ingredients,,0.04,Calculation on the basis of ingredients,,0.05,Calculation on the basis of ingredients,,0.08,Calculation on the basis of ingredients,,0.14,Calculation on the basis of ingredients,,7.8,Calculation on the basis of ingredients,,0.2,Calculation on the basis of ingredients,,3.8,Calculation on the basis of ingredients,,0.2,Calculation on the basis of ingredients,,0.51,Calculation on the basis of ingredients,,110,Calculation on the basis of ingredients,,94,Calculation on the basis of ingredients,,140,Calculation on the basis of ingredients,,19,Calculation on the basis of ingredients,,7.5,Calculation on the basis of ingredients,,38,Calculation on the basis of ingredients,,0.4,Calculation on the basis of ingredients,,3.1,Calculation on the basis of ingredients,,0.3,Calculation on the basis of ingredients,,n.d.,,,Nein
627,4343,1001174,"Applesauce, sweetened, canned",,Fruit/Cooked fruit (incl. cans),,per 100g edible portion,379,Automated calculation,,89,Automated calculation,,0.3,-,22,0.1,-,22,0,-,22,0.1,-,22,0,-,22,20.5,-,22,20.4,-,22,0.1,-,22,1.9,-,22,0.3,-,22,0,Automated calculation,,0,-,22,76.5,-,22,n.d.,,,n.d.,,,n.d.,,,n.d.,,,n.d.,,,0.02,-,22,0.02,-,22,0.04,-,22,0,-,22,0.08,-,22,5.9,-,22,0.08,-,22,2.3,-,22,0,-,22,0.34,-,22,97,-,22,3.6,-,22,2.1,-,22,4.4,-,22,3.6,-,22,8.1,-,22,0.2,-,22,0.7,-,22,0.1,-,22,n.d.,,,Nein
628,4344,1001175,"Applesauce, unsweetened, canned",,Fruit/Cooked fruit (incl. cans),,per 100g edible portion,232,Automated calculation,,55,Automated calculation,,0.3,-,22,0.1,-,22,0,-,22,0.1,-,22,0,-,22,11.7,-,22,11.6,-,22,0.1,-,22,2.1,-,22,0.3,-,22,0,Automated calculation,,0,-,22,85,-,22,n.d.,,,n.d.,,,n.d.,,,n.d.,,,n.d.,,,0.02,-,22,0.02,-,22,0.05,-,22,0,-,22,0.09,-,22,6.5,-,22,0.09,-,22,2.5,-,22,0,-,22,0.43,-,22,110,-,22,4,-,22,2.2,-,22,4.8,-,22,4,-,22,9,-,22,0.2,-,22,0.8,-,22,0.1,-,22,n.d.,,,Nein
1049,3775,,"Apple, stewed, drained (without addition of sugar)",,Fruit/Cooked fruit (incl. cans),,per 100g edible portion,305,Automated calculation,,72,Automated calculation,,0.4,Calculation on the basis of ingredients,,0.1,Calculation on the basis of ingredients,,0,Calculation on the basis of ingredients,,0.1,Calculation on the basis of ingredients,,0,Calculation on the basis of ingredients,,15.4,Calculation on the basis of ingredients,,15.3,Calculation on the basis of ingredients,,0.1,Calculation on the basis of ingredients,,2.8,Calculation on the basis of ingredients,,0.4,Calculation on the basis of ingredients,,0,Automated calculation,,0,Calculation on the basis of ingredients,,81.1,Automated calculation,,6,Automated calculation,,3,Automated calculation,,0,Calculation on the basis of ingredients,,34,Calculation on the basis of ingredients,,20,Calculation on the basis of ingredients,,0.02,Calculation on the basis of ingredients,,0.01,Calculation on the basis of ingredients,,0.05,Calculation on the basis of ingredients,,0,Calculation on the basis of ingredients,,0.1,Calculation on the basis of ingredients,,12,Calculation on the basis of ingredients,,0.11,Calculation on the basis of ingredients,,6.4,Calculation on the basis of ingredients,,0,Calculation on the basis of ingredients,,0.66,Calculation on the basis of ingredients,,140,Calculation on the basis of ingredients,,5.3,Calculation on the basis of ingredients,,2.9,Calculation on the basis of ingredients,,6.3,Calculation on the basis of ingredients,,5.3,Calculation on the basis of ingredients,,12,Calculation on the basis of ingredients,,0.3,Calculation on the basis of ingredients,,1.1,Calculation on the basis of ingredients,,0.1,Calculation on the basis of ingredients,,n.d.,,,Ja
469,4047,1000952,"Apricot, dried",,Fruit/Dried fruit,,per 100g edible portion,1160,Automated calculation,,275,Automated calculation,,0.5,-,36,tr.,-,43,0.3,-,43,0.1,-,43,0,-,43,47.9,-,36,43.3,-,36,0,-,36,17.7,-,36,5,-,36,0,Automated calculation,,0,-,43,17.6,-,36,917,Automated calculation,,458,Automated calculation,,0,Estimation,51,5500,Estimation,51,5500,-,124,0.01,-,43,0.16,-,43,0.26,-,43,0,-,43,3.2,-,43,13,-,43,0.7,-,43,8,-,43,0,-,43,4.5,-,43,1370,-,36,11,-,36,5.4,-,36,82,-,36,50,-,36,110,-,36,5.2,-,43,2.7,-,36,0.4,-,36,n.d.,,,Nein
1482,,,"Apricot pie, baked (with cake dough)",,"Sweets/Cakes and tarts;Prepared dishes/Cakes, pies and gratins",,per 100g edible portion,586,Automated calculation,,140,Automated calculation,,6,Calculation on the basis of ingredients,,3.3,Calculation on the basis of ingredients,,1.4,Calculation on the basis of ingredients,,0.4,Calculation on the basis of ingredients,,37,Calculation on the basis of ingredients,,17.6,Calculation on the basis of ingredients,,8.5,Calculation on the basis of ingredients,,9,Calculation on the basis of ingredients,,1.8,Calculation on the basis of ingredients,,3,Calculation on the basis of ingredients,,0.2,Automated calculation,,0,Calculation on the basis of ingredients,,71.8,Automated calculation,,263,Automated calculation,,160,Automated calculation,,58,Calculation on the basis of ingredients,,1227,Calculation on the basis of ingredients,,1132,Calculation on the basis of ingredients,,0.04,Calculation on the basis of ingredients,,0.06,Calculation on the basis of ingredients,,0.07,Calculation on the basis of ingredients,,0.08,Calculation on the basis of ingredients,,0.4,Calculation on the basis of ingredients,,5.7,Calculation on the basis of ingredients,,0.3,Calculation on the basis of ingredients,,3.1,Calculation on the basis of ingredients,,0.2,Calculation on the basis of ingredients,,0.63,Calculation on the basis of ingredients,,230,Calculation on the basis of ingredients,,90,Calculation on the basis of ingredients,,140,Calculation on the basis of ingredients,,26,Calculation on the basis of ingredients,,12,Calculation on the basis of ingredients,,49,Calculation on the basis of ingredients,,0.6,Calculation on the basis of ingredients,,2.9,Calculation on the basis of ingredients,,0.4,Calculation on the basis of ingredients,,n.d.,,,Nein
1481,,,"Apricot pie, baked (with puff pastry)",,"Sweets/Cakes and tarts;Prepared dishes/Cakes, pies and gratins",,per 100g edible portion,573,Automated calculation,,137,Automated calculation,,6.8,Calculation on the basis of ingredients,,3.8,Calculation on the basis of ingredients,,1.6,Calculation on the basis of ingredients,,0.4,Calculation on the basis of ingredients,,39,Calculation on the basis of ingredients,,15.4,Calculation on the basis of ingredients,,8.5,Calculation on the basis of ingredients,,6.9,Calculation on the basis of ingredients,,1.7,Calculation on the basis of ingredients,,2.6,Calculation on the basis of ingredients,,0.2,Automated calculation,,0,Calculation on the basis of ingredients,,73.5,Automated calculation,,272,Automated calculation,,169,Automated calculation,,67,Calculation on the basis of ingredients,,1231,Calculation on the basis of ingredients,,1135,Calculation on the basis of ingredients,,0.03,Calculation on the basis of ingredients,,0.06,Calculation on the basis of ingredients,,0.06,Calculation on the basis of ingredients,,0.08,Calculation on the basis of ingredients,,0.37,Calculation on the basis of ingredients,,5.4,Calculation on the basis of ingredients,,0.29,Calculation on the basis of ingredients,,3.1,Calculation on the basis of ingredients,,0.2,Calculation on the basis of ingredients,,0.64,Calculation on the basis of ingredients,,230,Calculation on the basis of ingredients,,93,Calculation on the basis of ingredients,,140,Calculation on the basis of ingredients,,26,Calculation on the basis of ingredients,,12,Calculation on the basis of ingredients,,45,Calculation on the basis of ingredients,,0.5,Calculation on the basis of ingredients,,2.9,Calculation on the basis of ingredients,,0.3,Calculation on the basis of ingredients,,n.d.,,,Nein
379,3629,1000842,"Apricot, raw",,Fruit/Fresh fruit,,per 100g edible portion,204,Automated calculation,,48,Automated calculation,,0.1,-,43,tr.,-,43,tr.,-,43,tr.,-,43,0,-,43,10,-,43,10,-,43,tr.,-,43,2.1,-,43,0.8,-,43,0,Automated calculation,,0,-,43,86.7,-,43,302,Automated calculation,,151,Automated calculation,,0,Estimation,51,1813,-,1530;1662,1859,-,105;124;1670,0.03,-,43;1670,0.04,-,43;1670,0.06,-,43;1670,0,-,43,0.48,-,43;1670,7,-,43,0.23,-,43;1670,5.7,-,43;1670,0,-,43,0.7,-,43,320,-,43,2,-,43,1,-,36,16,-,43,10,-,43,20,-,43,0.4,-,43,0.5,-,36,0.1,-,36,n.d.,,,Nein
1051,3766,,"Apricot, stewed, drained (without addition of sugar) ",,Fruit/Cooked fruit (incl. cans),,per 100g edible portion,255,Automated calculation,,60,Automated calculation,,0.1,Calculation on the basis of ingredients,,0,Calculation on the basis of ingredients,,0,Calculation on the basis of ingredients,,0,Calculation on the basis of ingredients,,0,Calculation on the basis of ingredients,,12.5,Calculation on the basis of ingredients,,12.5,Calculation on the basis of ingredients,,0,Calculation on the basis of ingredients,,2.6,Calculation on the basis of ingredients,,1,Calculation on the basis of ingredients,,0,Automated calculation,,0,Calculation on the basis of ingredients,,83.8,Automated calculation,,378,Automated calculation,,189,Automated calculation,,0,Calculation on the basis of ingredients,,2266,Calculation on the basis of ingredients,,1743,Calculation on the basis of ingredients,,0.03,Calculation on the basis of ingredients,,0.04,Calculation on the basis of ingredients,,0.07,Calculation on the basis of ingredients,,0,Calculation on the basis of ingredients,,0.54,Calculation on the basis of ingredients,,6.1,Calculation on the basis of ingredients,,0.26,Calculation on the basis of ingredients,,4.9,Calculation on the basis of ingredients,,0,Calculation on the basis of ingredients,,0.88,Calculation on the basis of ingredients,,350,Calculation on the basis of ingredients,,2.5,Calculation on the basis of ingredients,,1.3,Calculation on the basis of ingredients,,19,Calculation on the basis of ingredients,,13,Calculation on the basis of ingredients,,25,Calculation on the basis of ingredients,,0.5,Calculation on the basis of ingredients,,0.6,Calculation on the basis of ingredients,,0.2,Calculation on the basis of ingredients,,n.d.,,,Ja
621,3599,1001168,"Apricot, sweetened, canned",,Fruit/Cooked fruit (incl. cans),,per 100g edible portion,354,Automated calculation,,83,Automated calculation,,0.1,-,22,tr.,-,22,tr.,-,22,tr.,-,22,0,-,22,19,-,22,19,-,22,tr.,-,22,1.9,-,22,0.7,-,22,0,Automated calculation,,0,-,22,78,-,22,149,Automated calculation,,75,Automated calculation,,0,-,51,895,-,51,713,-,89,0.03,-,22,0.04,-,22,0.06,-,22,0,-,22,0.49,-,22,3.2,-,22,0.23,-,22,3.2,-,22,0,-,22,0.47,-,22,260,-,22,1.8,-,22,1.1,-,22,14,-,22,9,-,22,18,-,22,0.4,-,22,0.5,-,22,0.1,-,22,n.d.,,,Nein
623,4730,1001170,"Apricot, unsweetened, canned",,Fruit/Cooked fruit (incl. cans),,per 100g edible portion,204,Automated calculation,,48,Automated calculation,,0.1,-,22,tr.,-,22,tr.,-,22,tr.,-,22,0,-,22,10,-,22,10,-,22,tr.,-,22,2.1,-,22,0.8,-,22,0,Automated calculation,,0,-,22,86.7,-,22,149,Automated calculation,,75,Automated calculation,,0,-,51,895,-,51,713,-,89,0.03,-,22,0.05,-,22,0.06,-,22,0,-,22,0.54,-,22,3.5,-,22,0.26,-,22,3.5,-,22,0,-,22,0.53,-,22,280,-,22,2,-,22,1,-,22,15,-,22,10,-,22,20,-,22,0.4,-,22,0.5,-,22,0.1,-,22,n.d.,,,Nein
443,3820,1000925,"Asparagus, raw",,Vegetables/Fresh vegetables,,per 100g edible portion,115,Automated calculation,,27,Automated calculation,,0.2,-,43,tr.,-,43,tr.,-,43,tr.,-,43,0,-,43,3.3,-,43,3.2,-,43,0.1,-,43,1.7,-,43,2.2,-,43,0,Automated calculation,,0,-,43,92,-,43,98,Automated calculation,,49,Automated calculation,,0,Estimation,51,590,Estimation,51,581,-,69,0.15,-,43,0.13,-,43,0.08,-,43,0,-,43,1.1,-,43,128,-,43,0.2,-,43,14,-,43,0,-,43,1.7,-,43,270,-,43,3,-,43,53,-,9,22,-,43,18,-,43,56,-,43,0.9,-,43,7,-,9,0.4,-,9,n.d.,,,Nein
1024,4240,,"Asparagus, steamed (without addition of salt)",,Vegetables/Cooked vegetables (incl. cans),,per 100g edible portion,115,Automated calculation,,27,Automated calculation,,0.2,Calculation on the basis of ingredients,,0,Calculation on the basis of ingredients,,0,Calculation on the basis of ingredients,,0,Calculation on the basis of ingredients,,0,Calculation on the basis of ingredients,,3.3,Calculation on the basis of ingredients,,3.2,Calculation on the basis of ingredients,,0.1,Calculation on the basis of ingredients,,1.7,Calculation on the basis of ingredients,,2.2,Calculation on the basis of ingredients,,0,Automated calculation,,0,Calculation on the basis of ingredients,,92.6,Automated calculation,,98,Automated calculation,,49,Automated calculation,,0,Calculation on the basis of ingredients,,590,Calculation on the basis of ingredients,,523,Calculation on the basis of ingredients,,0.12,Calculation on the basis of ingredients,,0.12,Calculation on the basis of ingredients,,0.07,Calculation on the basis of ingredients,,0,Calculation on the basis of ingredients,,0.88,Calculation on the basis of ingredients,,76.8,Calculation on the basis of ingredients,,0.17,Calculation on the basis of ingredients,,10.5,Calculation on the basis of ingredients,,0,Calculation on the basis of ingredients,,1.7,Calculation on the basis of ingredients,,230,Calculation on the basis of ingredients,,2.6,Calculation on the basis of ingredients,,50,Calculation on the basis of ingredients,,21,Calculation on the basis of ingredients,,16,Calculation on the basis of ingredients,,53,Calculation on the basis of ingredients,,0.7,Calculation on the basis of ingredients,,6.7,Calculation on the basis of ingredients,,0.4,Calculation on the basis of ingredients,,n.d.,,,Ja
380,4361,1000843,"Avocado, fresh",,"Vegetables/Fresh vegetables;Nuts, seeds and oleaginous fruit",,per 100g edible portion,594,Automated calculation,,144,Automated calculation,,14.2,-,43,2.9,-,43,8.9,-,43,1.8,-,43,0,-,43,0.8,-,43,0.8,-,43,tr.,-,43,3,-,43,1.8,-,43,0,Automated calculation,,0,-,43,76.4,-,43,17,Automated calculation,,8,Automated calculation,,0,Estimation,51,100,Estimation,51,67,-,164,0.07,-,43;1669,0.16,-,43,0.23,-,43;1669,0,-,43,2,-,43,39.9,-,43;1669,0.86,-,43;1669,7.5,-,43;1669,0,-,43,1.85,-,43,520,-,43,7,-,43,6,-,36,16,-,43,33,-,43,44,-,43,1,-,43,1,-,36,0.6,-,36,n.d.,,,Ja
704,3723,1001281,Bacon for cooking,,Sausages and cold meats/Raw sausage products,,per 100g edible portion,1330,Automated calculation,,322,Automated calculation,,27.6,-,1032,10.6,-,1032,12.9,-,1032,2.2,-,1032,49,-,1032,0.6,-,1032,0.6,-,1032,0,Estimation,22,0,-,22,17.8,-,1032,2.8,Automated calculation,,0,-,22,50.5,-,1032,6,Automated calculation,,6,Automated calculation,,6,-,8;1662;1690,0,Estimation,51,0,Estimation,51,0.62,-,1032;1673;1690,0.14,-,1032;1673;1690,0.22,-,1032;1673;1690,tr.,-,1032,4.08,-,1032;1673;1690,3,-,9,0.6,-,1032,24.3,-,1032,0.6,-,1032,0.29,-,9,270,-,1032,1130,-,1032,1690,-,1032,10,-,1032,16,-,1032,150,-,1032,0.4,-,1032,1.1,-,9,2,-,1032,11,-,1032,Nein
707,3725,1001290,"Bacon, raw",,Sausages and cold meats/Raw sausage products,,per 100g edible portion,1660,Automated calculation,,400,Automated calculation,,34.3,-,1032,13.1,-,1032,15.5,-,1032,2.3,-,1032,62,-,1032,0.6,-,1032,0.6,-,1010,tr.,-,22,0,-,22,22.1,-,1032,3.8,Automated calculation,,0,-,22,39,-,1032,4,Automated calculation,,4,Automated calculation,,4,-,145,0,Estimation,51,0,Estimation,51,0.56,-,1032,0.14,-,1032,0.3,-,1032,0.5,-,1032,6.9,-,1032,tr.,-,22,1.1,-,1032,8.3,-,1032,1.7,-,1032,tr.,-,22,400,-,1032,1520,-,1032,2370,-,1032,tr.,-,22,22,-,1032,210,-,1032,tr.,-,22,tr.,-,22,2.3,-,1032,9.6,-,1032,Nein
845,3572,1001514,Baguette,,"Bread, flakes and breakfast cereals/Bread and bread products",,per 100g edible portion,1080,Automated calculation,,255,Automated calculation,,0.9,Calculation on the basis of ingredients,,0.2,Calculation on the basis of ingredients,,0.1,Calculation on the basis of ingredients,,0.5,Calculation on the basis of ingredients,,0,Calculation on the basis of ingredients,,51.2,Calculation on the basis of ingredients,,0.5,Calculation on the basis of ingredients,,50.1,Calculation on the basis of ingredients,,2.9,Calculation on the basis of ingredients,,9,Calculation on the basis of ingredients,,1.6,Automated calculation,,0,Calculation on the basis of ingredients,,36.8,Automated calculation,,0,Automated calculation,,0,Automated calculation,,0,Calculation on the basis of ingredients,,0,Calculation on the basis of ingredients,,0,Calculation on the basis of ingredients,,0.12,Calculation on the basis of ingredients,,0.03,Calculation on the basis of ingredients,,0.09,Calculation on the basis of ingredients,,tr.,Calculation on the basis of ingredients,,0.63,Calculation on the basis of ingredients,,8.8,Calculation on the basis of ingredients,,0.26,Calculation on the basis of ingredients,,tr.,Calculation on the basis of ingredients,,0,Calculation on the basis of ingredients,,0.19,Calculation on the basis of ingredients,,140,Calculation on the basis of ingredients,,660,Calculation on the basis of ingredients,,1020,Calculation on the basis of ingredients,,10,Calculation on the basis of ingredients,,22,Calculation on the basis of ingredients,,81,Calculation on the basis of ingredients,,0.9,Calculation on the basis of ingredients,,1,Calculation on the basis of ingredients,,0.7,Calculation on the basis of ingredients,,1.1,Calculation on the basis of ingredients,,Nein
1577,,,"Bami Goreng, prepared",,Prepared dishes/Asian dishes,,per 100g edible portion,580,Automated calculation,,137,Automated calculation,,2.6,Calculation on the basis of ingredients,,0.5,Calculation on the basis of ingredients,,1.4,Calculation on the basis of ingredients,,0.5,Calculation on the basis of ingredients,,44,Calculation on the basis of ingredients,,13.9,Calculation on the basis of ingredients,,1.5,Calculation on the basis of ingredients,,12.1,Calculation on the basis of ingredients,,0.9,Calculation on the basis of ingredients,,14,Calculation on the basis of ingredients,,1,Automated calculation,,0,Calculation on the basis of ingredients,,68.4,Automated calculation,,69,Automated calculation,,41,Automated calculation,,14,Calculation on the basis of ingredients,,328,Calculation on the basis of ingredients,,283,Calculation on the basis of ingredients,,0.09,Calculation on the basis of ingredients,,0.09,Calculation on the basis of ingredients,,0.15,Calculation on the basis of ingredients,,0.06,Calculation on the basis of ingredients,,3.61,Calculation on the basis of ingredients,,4.3,Calculation on the basis of ingredients,,0.31,Calculation on the basis of ingredients,,12.5,Calculation on the basis of ingredients,,0.3,Calculation on the basis of ingredients,,0.5,Calculation on the basis of ingredients,,180,Calculation on the basis of ingredients,,410,Calculation on the basis of ingredients,,560,Calculation on the basis of ingredients,,9.3,Calculation on the basis of ingredients,,17,Calculation on the basis of ingredients,,120,Calculation on the basis of ingredients,,0.7,Calculation on the basis of ingredients,,1.6,Calculation on the basis of ingredients,,0.7,Calculation on the basis of ingredients,,19,Calculation on the basis of ingredients,,Nein
741,4403,1001336,"Banana, dried",,Fruit/Dried fruit,,per 100g edible portion,1160,Automated calculation,,273,Automated calculation,,1,-,43,0.4,-,43,0.1,-,43,0.2,-,43,0,-,43,60.2,-,43,43.7,-,43,16.5,-,43,5.5,-,43,3,-,43,0,Automated calculation,,0,-,43,28,-,43,17,Automated calculation,,8,Automated calculation,,0,Estimation,51,100,Estimation,51,100,-,61,0.1,-,43,0.18,-,43,0.81,-,36,0,-,43,2,-,43,33.3,-,36,0.54,-,36,4,-,43,0,-,43,0.6,-,43,1150,-,43,8,-,43,300,-,36,20,-,43,90,-,43,75,-,43,1.3,-,43,8.1,-,36,0.6,-,36,n.d.,,,Nein
740,4402,1001335,"Banana, dried (banana chips)",,Fruit/Dried fruit,,per 100g edible portion,1570,Automated calculation,,370,Automated calculation,,1.8,-,43,0.7,-,43,0.2,-,43,0.3,-,43,0,-,43,80.7,-,43,65.3,-,43,15.4,-,43,7.6,-,43,3.9,-,43,0,Automated calculation,,0,-,43,3,-,43,61,Automated calculation,,30,Automated calculation,,0,Estimation,51,363,Estimation,51,350,-,164,0.18,-,43,0.24,-,43,tr.,-,22,0,-,43,2.8,-,43,tr.,-,22,tr.,-,22,7,-,43,0,-,43,tr.,-,22,1490,-,43,3,-,43,tr.,-,22,22,-,43,110,-,43,74,-,43,1.2,-,43,tr.,-,22,tr.,-,22,n.d.,,,Nein
381,4479,1000844,"Banana, raw",,Fruit/Fresh fruit,,per 100g edible portion,403,Automated calculation,,95,Automated calculation,,0.3,-,43,0.1,-,43,tr.,-,43,0.1,-,43,0,-,43,21,-,43,17.2,-,43,3.8,-,43,2,-,43,1.1,-,43,0,Automated calculation,,0,-,43,74,-,43,18,Automated calculation,,9,Automated calculation,,0,Estimation,51,109,Estimation,51,77,-,134,0.05,-,43;1670,0.05,-,43;1670,0.37,-,43;1670,0,-,43,0.62,-,43;1670,23,-,43,0.26,-,43;1670,12,-,43,0,-,43,0.29,-,43,390,-,43,1,-,43,110,-,36,8,-,43,30,-,43,22,-,43,0.4,-,43,2,-,36,0.2,-,36,n.d.,,,Nein
739,3836,1001334,Barley flakes,,"Bread, flakes and breakfast cereals/Flakes, bran and germs",,per 100g edible portion,1410,Automated calculation,,333,Automated calculation,,1.5,-,1528,0.3,-,1528,0.1,-,1528,0.7,-,1528,0,-,1528,66.1,-,1528,2.2,-,1528,63.6,-,1528,10.3,-,1528,8.5,-,1640,0,Automated calculation,,0,Estimation,1648,12.4,-,1528,0,Automated calculation,,0,Automated calculation,,0,Estimation,1648,0,Estimation,1648,0,-,1528,0.2,-,1528,0.08,-,1528,0.29,-,1528,0,-,1528,3.1,-,1528,19,-,1528,0.49,-,1528,0,-,1528,0,-,1528,0.25,-,1528,160,-,1528,3,-,1528,20,-,1528,16,-,1528,66,-,1528,190,-,1528,2,-,1528,1,-,1528,1.3,-,1528,n.d.,,,Nein
1587,,,"Barley risotto, cooked",,"Cereal products, pulses and potatoes/Other cereal products",,per 100g edible portion,579,Automated calculation,,137,Automated calculation,,2.2,Calculation on the basis of ingredients,,0.3,Calculation on the basis of ingredients,,1.3,Calculation on the basis of ingredients,,0.3,Calculation on the basis of ingredients,,0,Calculation on the basis of ingredients,,24.8,Calculation on the basis of ingredients,,1.7,Calculation on the basis of ingredients,,23,Calculation on the basis of ingredients,,1.8,Calculation on the basis of ingredients,,3.7,Calculation on the basis of ingredients,,0.8,Automated calculation,,0,Calculation on the basis of ingredients,,67.8,Automated calculation,,0,Automated calculation,,0,Automated calculation,,0,Calculation on the basis of ingredients,,2,Calculation on the basis of ingredients,,1,Calculation on the basis of ingredients,,0.05,Calculation on the basis of ingredients,,0.02,Calculation on the basis of ingredients,,0.06,Calculation on the basis of ingredients,,0,Calculation on the basis of ingredients,,0.81,Calculation on the basis of ingredients,,5.2,Calculation on the basis of ingredients,,0.06,Calculation on the basis of ingredients,,0.4,Calculation on the basis of ingredients,,0,Calculation on the basis of ingredients,,0.43,Calculation on the basis of ingredients,,57,Calculation on the basis of ingredients,,340,Calculation on the basis of ingredients,,540,Calculation on the basis of ingredients,,13,Calculation on the basis of ingredients,,23,Calculation on the basis of ingredients,,71,Calculation on the basis of ingredients,,1,Calculation on the basis of ingredients,,0.7,Calculation on the basis of ingredients,,0.7,Calculation on the basis of ingredients,,n.d.,,,Nein
464,4425,1000946,"Basil, raw",,Vegetables/Herbs,,per 100g edible portion,194,Automated calculation,,46,Automated calculation,,0.8,-,9,0.1,-,9,0,-,9,0.4,-,9,0,-,9,5.1,-,9,5,-,9,0.1,-,9,3.1,-,9,3.1,-,9,0,Automated calculation,,0,-,9,86.4,-,9,811,Automated calculation,,405,Automated calculation,,0,Estimation,51,4865,Estimation,51,4820,-,125,0.08,-,9,0.31,-,9,0.18,-,9,0,-,9,1.1,-,9,50,-,9,0.2,-,9,26,-,9,0,-,9,1,-,9,300,-,9,9,-,9,35,-,9,250,-,9,11,-,9,37,-,9,5.5,-,9,0.9,-,9,0.7,-,9,n.d.,,,Nein
1248,,,Basler Leckerli (Swiss biscuit from Basel),,Sweets/Cookies/Biscuits,,per 100g edible portion,1720,Automated calculation,,407,Automated calculation,,7.5,Calculation on the basis of ingredients,,0.7,Calculation on the basis of ingredients,,4.6,Calculation on the basis of ingredients,,2.1,Calculation on the basis of ingredients,,0,Calculation on the basis of ingredients,,74.5,Calculation on the basis of ingredients,,51.7,Calculation on the basis of ingredients,,23.1,Calculation on the basis of ingredients,,3.2,Calculation on the basis of ingredients,,7.5,Calculation on the basis of ingredients,,0,Automated calculation,,0.8,Calculation on the basis of ingredients,,7.5,Automated calculation,,0,Automated calculation,,0,Automated calculation,,0,Calculation on the basis of ingredients,,1,Calculation on the basis of ingredients,,1,Calculation on the basis of ingredients,,0.07,Calculation on the basis of ingredients,,0.08,Calculation on the basis of ingredients,,0.12,Calculation on the basis of ingredients,,0,Calculation on the basis of ingredients,,0.59,Calculation on the basis of ingredients,,10.1,Calculation on the basis of ingredients,,0.18,Calculation on the basis of ingredients,,0.9,Calculation on the basis of ingredients,,0,Calculation on the basis of ingredients,,4.3,Calculation on the basis of ingredients,,180,Calculation on the basis of ingredients,,2.8,Calculation on the basis of ingredients,,28,Calculation on the basis of ingredients,,51,Calculation on the basis of ingredients,,40,Calculation on the basis of ingredients,,98,Calculation on the basis of ingredients,,1.2,Calculation on the basis of ingredients,,0.7,Calculation on the basis of ingredients,,1.1,Calculation on the basis of ingredients,,n.d.,,,Ja
473,4050,1000958,"Bean, green, dried",,Vegetables/Dried vegetables,,per 100g edible portion,1060,Automated calculation,,252,Automated calculation,,2,-,9,0.4,-,9,0.1,-,9,1.1,-,9,0,-,9,25.7,-,9,9.5,-,9,10.3,-,9,25.3,-,9,20.2,-,9,0.1,Automated calculation,,0,-,9,6,-,9,229,Automated calculation,,114,Automated calculation,,0,Estimation,51,1371,Estimation,51,1371,-,8,0.45,-,9;1642,0.71,-,9,1.33,-,9;1642,0,-,9,4.1,-,9,186,-,9,2.19,-,9;1642,67.6,-,9,0,-,9,1,-,9,2510,-,9;1542,21,-,9;1542,140,-,9,540,-,9;1542,230,-,9;1542,400,-,9;1542,7.2,-,9;1542,25,-,9,2.5,-,9,n.d.,,,Nein
353,4744,1000814,"Bean, green, raw",,Vegetables/Fresh vegetables,,per 100g edible portion,129,Automated calculation,,31,Automated calculation,,0.2,-,43,0.1,-,43,0,-,43,0.1,-,43,0,-,43,3.6,-,43,2.2,-,43,1.4,-,43,3.1,-,43,2.1,-,43,0,Automated calculation,,0,-,43,90.3,-,43,64,Automated calculation,,32,Automated calculation,,0,Estimation,51,383,Estimation,51,306,-,89,0.08,-,43,0.1,-,43,0.14,-,43,0,-,43,0.7,-,43,70,-,43,0.9,-,43,16,-,43,0,-,43,0.24,-,43,240,-,43,4,-,43,13,-,36,56,-,43,28,-,43,38,-,43,1,-,43,3,-,36,0.3,-,36,n.d.,,,Nein
12981,,,Béchamel sauce home made,,Various/Sauces,,per 100g edible portion,613,Automated calculation,,147,Automated calculation,,9.9,Calculation on the basis of ingredients,,6,Calculation on the basis of ingredients,,2.3,Calculation on the basis of ingredients,,0.5,Calculation on the basis of ingredients,,31,Calculation on the basis of ingredients,,10.2,Calculation on the basis of ingredients,,4.8,Calculation on the basis of ingredients,,5.4,Calculation on the basis of ingredients,,0.2,Calculation on the basis of ingredients,,4.2,Calculation on the basis of ingredients,,0.7,Automated calculation,,0,Calculation on the basis of ingredients,,75.4,Automated calculation,,107,Automated calculation,,103,Automated calculation,,99,Calculation on the basis of ingredients,,44,Calculation on the basis of ingredients,,45,Calculation on the basis of ingredients,,0.03,Calculation on the basis of ingredients,,0.22,Calculation on the basis of ingredients,,0.03,Calculation on the basis of ingredients,,0.15,Calculation on the basis of ingredients,,0.16,Calculation on the basis of ingredients,,2.8,Calculation on the basis of ingredients,,0.32,Calculation on the basis of ingredients,,0.7,Calculation on the basis of ingredients,,0.2,Calculation on the basis of ingredients,,0.27,Calculation on the basis of ingredients,,170,Calculation on the basis of ingredients,,300,Calculation on the basis of ingredients,,490,Calculation on the basis of ingredients,,120,Calculation on the basis of ingredients,,12,Calculation on the basis of ingredients,,100,Calculation on the basis of ingredients,,0.1,Calculation on the basis of ingredients,,9.9,Calculation on the basis of ingredients,,0.4,Calculation on the basis of ingredients,,n.d.,,,Nein
1103,3643,,"Beef (average excluding offal, chop), raw",,Meat and offal/Beef,,per 100g edible portion,565,Automated calculation,,134,Automated calculation,,5.4,Calculation on the basis of ingredients,,2.4,Calculation on the basis of ingredients,,2.3,Calculation on the basis of ingredients,,0.3,Calculation on the basis of ingredients,,53,Calculation on the basis of ingredients,,0,Calculation on the basis of ingredients,,0,Calculation on the basis of ingredients,,0,Calculation on the basis of ingredients,,0,Calculation on the basis of ingredients,,21.4,Calculation on the basis of ingredients,,0.1,Automated calculation,,0,Calculation on the basis of ingredients,,73.2,Automated calculation,,7,Automated calculation,,6,Automated calculation,,5,Calculation on the basis of ingredients,,10,Calculation on the basis of ingredients,,10,Calculation on the basis of ingredients,,0.07,Calculation on the basis of ingredients,,0.15,Calculation on the basis of ingredients,,0.31,Calculation on the basis of ingredients,,2.85,Calculation on the basis of ingredients,,4.82,Calculation on the basis of ingredients,,5.9,Calculation on the basis of ingredients,,0.68,Calculation on the basis of ingredients,,0,Calculation on the basis of ingredients,,0.2,Calculation on the basis of ingredients,,0.44,Calculation on the basis of ingredients,,330,Calculation on the basis of ingredients,,45,Calculation on the basis of ingredients,,69,Calculation on the basis of ingredients,,4.5,Calculation on the basis of ingredients,,20,Calculation on the basis of ingredients,,180,Calculation on the basis of ingredients,,1.8,Calculation on the basis of ingredients,,1.6,Calculation on the basis of ingredients,,4.5,Calculation on the basis of ingredients,,n.d.,,,Ja
13292,,,"Beef, boiling meat lean, cooked (without addition of fat and salt)",,Meat and offal/Beef,,per 100g edible portion,926,Automated calculation,,221,Automated calculation,,9.2,Calculation on the basis of ingredients,,4.2,Calculation on the basis of ingredients,,3.7,Calculation on the basis of ingredients,,0.8,Calculation on the basis of ingredients,,98,Calculation on the basis of ingredients,,0,Calculation on the basis of ingredients,,0,Calculation on the basis of ingredients,,n.d.,,,0,Calculation on the basis of ingredients,,34.5,Calculation on the basis of ingredients,,0.1,Automated calculation,,0,Calculation on the basis of ingredients,,56.3,Automated calculation,,11,Automated calculation,,10,Automated calculation,,8,Calculation on the basis of ingredients,,17,Calculation on the basis of ingredients,,13,Calculation on the basis of ingredients,,0.02,Calculation on the basis of ingredients,,0.15,Calculation on the basis of ingredients,,0.39,Calculation on the basis of ingredients,,1.4,Calculation on the basis of ingredients,,n.d.,,,6.5,Calculation on the basis of ingredients,,0.62,Calculation on the basis of ingredients,,0,Calculation on the basis of ingredients,,0.6,Calculation on the basis of ingredients,,0.33,Calculation on the basis of ingredients,,280,Calculation on the basis of ingredients,,48,Calculation on the basis of ingredients,,90,Calculation on the basis of ingredients,,5.9,Calculation on the basis of ingredients,,19,Calculation on the basis of ingredients,,200,Calculation on the basis of ingredients,,2.8,Calculation on the basis of ingredients,,5,Calculation on the basis of ingredients,,7.6,Calculation on the basis of ingredients,,n.d.,,,Ja
36,3869,812078,"Beef, boiling meat, lean, raw",,Meat and offal/Beef,,per 100g edible portion,555,Automated calculation,,132,Automated calculation,,5.5,-,146,2.5,-,146,2.2,-,146,0.5,-,146,59,-,146,0,Estimation,51,0,Estimation,51,n.d.,,,0,Estimation,51,20.7,-,146,0.1,Automated calculation,,0,Estimation,51,71.2,-,146,7,Automated calculation,,6,Automated calculation,,<5,-,163,10,Estimation,51,10,-,163,0.04,-,108,0.13,-,108,0.55,-,146,1.4,-,34,n.d.,,,6,-,34,0.74,-,34,0,Estimation,51,0.5,-,117,0.26,-,107,320,-,146,57,-,146,54,-,8,4.4,-,146,18,-,146,180,-,146,1.7,-,146,3,-,88,4.9,-,146,n.d.,,,Nein
13291,,,"Beef, boiling meat with fat, cooked (without addition of fat and salt)",,Meat and offal/Beef,,per 100g edible portion,1430,Automated calculation,,345,Automated calculation,,25.2,Calculation on the basis of ingredients,,10.6,Calculation on the basis of ingredients,,11.5,Calculation on the basis of ingredients,,1.6,Calculation on the basis of ingredients,,80,Calculation on the basis of ingredients,,0,Calculation on the basis of ingredients,,0,Calculation on the basis of ingredients,,n.d.,,,0,Calculation on the basis of ingredients,,29.5,Calculation on the basis of ingredients,,0.1,Automated calculation,,0,Calculation on the basis of ingredients,,45.3,Automated calculation,,10,Automated calculation,,9,Automated calculation,,8,Calculation on the basis of ingredients,,15,Calculation on the basis of ingredients,,11,Calculation on the basis of ingredients,,0.02,Calculation on the basis of ingredients,,0.16,Calculation on the basis of ingredients,,0.32,Calculation on the basis of ingredients,,1.27,Calculation on the basis of ingredients,,5.3,Calculation on the basis of ingredients,,5.9,Calculation on the basis of ingredients,,0.67,Calculation on the basis of ingredients,,0,Calculation on the basis of ingredients,,0.5,Calculation on the basis of ingredients,,0.3,Calculation on the basis of ingredients,,230,Calculation on the basis of ingredients,,41,Calculation on the basis of ingredients,,82,Calculation on the basis of ingredients,,5,Calculation on the basis of ingredients,,16,Calculation on the basis of ingredients,,160,Calculation on the basis of ingredients,,1.8,Calculation on the basis of ingredients,,4.5,Calculation on the basis of ingredients,,5.3,Calculation on the basis of ingredients,,n.d.,,,Ja
35,4475,812077,"Beef, boiling meat, with fat, raw",,Meat and offal/Beef,,per 100g edible portion,946,Automated calculation,,227,Automated calculation,,16.6,-,146,7,-,146,7.6,-,146,1,-,146,53,-,146,0,Estimation,51,0,Estimation,51,n.d.,,,0,Estimation,51,19.5,-,146,0.2,Automated calculation,,0,Estimation,51,61.7,-,146,7,Automated calculation,,6,Automated calculation,,<5,-,163,10,Estimation,51,10,-,163,0.04,-,108,0.13,-,108,0.53,-,146,1.4,-,34,7,-,163,6,-,34,0.74,-,34,0,Estimation,51,0.5,-,117,0.26,-,107,300,-,146,60,-,146,54,-,8,4.1,-,146,18,-,146,160,-,146,1.2,-,146,3,-,88,3.5,-,146,n.d.,,,Nein
1072,4315,,"Beef, breast, cooked (without addition of fat and salt)",,Meat and offal/Beef,,per 100g edible portion,1310,Automated calculation,,314,Automated calculation,,20.9,Calculation on the basis of ingredients,,9,Calculation on the basis of ingredients,,9.8,Calculation on the basis of ingredients,,0.8,Calculation on the basis of ingredients,,100,Calculation on the basis of ingredients,,0,Calculation on the basis of ingredients,,0,Calculation on the basis of ingredients,,0,Calculation on the basis of ingredients,,0,Calculation on the basis of ingredients,,31.5,Calculation on the basis of ingredients,,0.1,Automated calculation,,0,Calculation on the basis of ingredients,,47.7,Automated calculation,,11,Automated calculation,,10,Automated calculation,,8,Calculation on the basis of ingredients,,17,Calculation on the basis of ingredients,,13,Calculation on the basis of ingredients,,0.06,Calculation on the basis of ingredients,,0.24,Calculation on the basis of ingredients,,0.11,Calculation on the basis of ingredients,,4.6,Calculation on the basis of ingredients,,3.91,Calculation on the basis of ingredients,,3.3,Calculation on the basis of ingredients,,0.53,Calculation on the basis of ingredients,,0,Calculation on the basis of ingredients,,0,Calculation on the basis of ingredients,,0.53,Calculation on the basis of ingredients,,230,Calculation on the basis of ingredients,,36,Calculation on the basis of ingredients,,88,Calculation on the basis of ingredients,,5.3,Calculation on the basis of ingredients,,18,Calculation on the basis of ingredients,,210,Calculation on the basis of ingredients,,3.6,Calculation on the basis of ingredients,,0.5,Calculation on the basis of ingredients,,8,Calculation on the basis of ingredients,,n.d.,,,Ja
719,4591,1001313,"Beef, breast, raw",,Meat and offal/Beef,,per 100g edible portion,784,Automated calculation,,188,Automated calculation,,12.5,-,9,5.4,-,9,5.9,-,9,0.5,-,9,60,-,9,0,-,24,0,-,22,0,Estimation,51,0,-,22,18.9,-,9,0.1,Automated calculation,,0,-,22,67.7,-,9,7,Automated calculation,,6,Automated calculation,,<5,-,163,10,Estimation,51,10,-,163,0.09,-,9,0.18,-,9,0.17,-,9,4.6,-,9,4.7,-,9,3,-,9,0.53,-,9,0,-,9,tr.,-,22,0.43,-,9,270,-,9,48,-,9,53,-,9,4,-,9,18,-,9,190,-,9,2.2,-,9,0.3,-,9,4.8,-,9,n.d.,,,Nein
37,4476,812080,"Beef, chopped, raw",,Meat and offal/Beef,,per 100g edible portion,433,Automated calculation,,102,Automated calculation,,1.5,-,1406,0.6,-,1406,0.6,-,1406,0.3,-,1406,56,-,1406,0,Estimation,51,0,Estimation,51,n.d.,,,0,Estimation,51,22.2,-,1406,0.1,Automated calculation,,0,Estimation,1408,74,-,1406,7,Automated calculation,,6,Automated calculation,,<5,-,163,10,Estimation,51,10,-,163,0.08,-,112;1673;1690,0.13,-,112;1673;1690,0.26,-,1406;1673;1690,1.4,-,34,5.03,-,1673;1690,6,-,34,0.74,-,34,0,Estimation,51,0.5,-,117,0.26,-,107,360,-,1406,44,-,1406,50,-,8,4.2,-,1406,20,-,1406,190,-,1406,1.4,-,1406,3,-,88,3.5,-,1406,7.6,-,1544,Nein
13258,,,"Beef, entrcôte, steak, pan fried medium"" (without addition of fat and salt)""",,Meat and offal/Beef,,per 100g edible portion,768,Automated calculation,,183,Automated calculation,,6.2,Calculation on the basis of ingredients,,3,Calculation on the basis of ingredients,,3,Calculation on the basis of ingredients,,0.5,Calculation on the basis of ingredients,,63,Calculation on the basis of ingredients,,0,Calculation on the basis of ingredients,,0,Calculation on the basis of ingredients,,n.d.,,,0,Calculation on the basis of ingredients,,31.8,Calculation on the basis of ingredients,,0.1,Automated calculation,,0,Calculation on the basis of ingredients,,62.1,Automated calculation,,9,Automated calculation,,8,Automated calculation,,7,Calculation on the basis of ingredients,,14,Calculation on the basis of ingredients,,8,Calculation on the basis of ingredients,,0.03,Calculation on the basis of ingredients,,0.12,Calculation on the basis of ingredients,,0.45,Calculation on the basis of ingredients,,1.34,Calculation on the basis of ingredients,,n.d.,,,7,Calculation on the basis of ingredients,,0.76,Calculation on the basis of ingredients,,0,Calculation on the basis of ingredients,,0.4,Calculation on the basis of ingredients,,0.68,Calculation on the basis of ingredients,,290,Calculation on the basis of ingredients,,49,Calculation on the basis of ingredients,,74,Calculation on the basis of ingredients,,6,Calculation on the basis of ingredients,,23,Calculation on the basis of ingredients,,210,Calculation on the basis of ingredients,,1.7,Calculation on the basis of ingredients,,4.1,Calculation on the basis of ingredients,,4.7,Calculation on the basis of ingredients,,12,Calculation on the basis of ingredients,,Ja
720,4590,1001314,"Beef, entrecôte, steak, raw",,Meat and offal/Beef,,per 100g edible portion,579,Automated calculation,,138,Automated calculation,,5.4,-,22,2.1,-,22,2.2,-,22,0.3,-,22,63,-,22,0,-,24,0,-,22,0,Estimation,51,0,-,22,22.3,-,22,0.1,Automated calculation,,0,-,22,71.3,-,22,7,Automated calculation,,6,Automated calculation,,<5,-,163,10,Estimation,51,10,-,163,0.09,-,9,0.16,-,9,0.19,-,9,5,-,9,4.9,-,9,3,-,9,0.33,-,9,0,-,9,tr.,-,22,0.48,-,9,360,-,9,55,-,9,110,-,9,3,-,9,23,-,9,160,-,9,2,-,9,0.1,-,9,4.1,-,9,n.d.,,,Nein
30,4433,812071,"Beef, entrecôte, steak, raw (Switzerland)",,Meat and offal/Beef,,per 100g edible portion,561,Automated calculation,,133,Automated calculation,,4.5,-,1406,2.2,-,1406,2.2,-,1406,0.4,-,1406,46,-,1406,0,Estimation,51,0,Estimation,51,n.d.,,,0,Estimation,51,23.2,-,1406,0.1,Automated calculation,,0,Estimation,1408,71,-,1406,7,Automated calculation,,6,Automated calculation,,<5,-,163,10,Estimation,51,10,-,163,0.05,-,112,0.1,-,112,0.73,-,1406,1.4,-,34,n.d.,,,6,-,34,0.69,-,34,0,Estimation,51,0.5,-,117,0.9,-,163,360,-,1406,42,-,1406,54,-,8,4.9,-,1406,20,-,1406,180,-,1406,1.3,-,1406,3,-,88,3.4,-,1406,9,-,1406,Nein
31,4432,812072,"Beef, entrecôte, steak, raw (USA)",,Meat and offal/Beef,,per 100g edible portion,876,Automated calculation,,210,Automated calculation,,13.7,-,146,5.6,-,146,6.7,-,146,0.5,-,146,55,-,146,0,Estimation,51,0,Estimation,51,n.d.,,,0,Estimation,51,21.7,-,146,0.1,Automated calculation,,0,Estimation,51,63.2,-,146,7,Automated calculation,,6,Automated calculation,,<5,-,163,10,Estimation,51,10,-,163,0.05,-,112,0.1,-,112,0.53,-,146,1.4,-,34,7,-,163,5,-,34,0.69,-,34,0,Estimation,51,0.5,-,117,0.9,-,163,310,-,1406,45,-,146,54,-,8,4.4,-,146,18,-,146,170,-,146,1.3,-,146,3,-,88,3.3,-,146,30,-,1406,Nein
34,4749,812076,"Beef, eye of round, raw",,Meat and offal/Beef,,per 100g edible portion,447,Automated calculation,,106,Automated calculation,,1.8,-,146,0.8,-,146,0.8,-,146,0.3,-,146,52,-,146,0,Estimation,51,0,Estimation,51,n.d.,,,0,Estimation,51,22.4,-,146,0.1,Automated calculation,,0,Estimation,51,73.8,-,146,7,Automated calculation,,6,Automated calculation,,<5,-,163,10,Estimation,51,10,-,163,0.02,-,112,0.12,-,112,0.63,-,146,1.4,-,34,n.d.,,,6,-,34,0.72,-,34,0,Estimation,51,0.5,-,117,0.9,-,163,380,-,146,39,-,146,54,-,8,5.1,-,146,20,-,146,190,-,146,1,-,146,3,-,88,2.8,-,146,8,-,1406;1544,Nein
13262,,,"Beef, Filet, fried in oven medium"" (without addition of fat and salt)""",,Meat and offal/Beef,,per 100g edible portion,592,Automated calculation,,140,Automated calculation,,2.6,Calculation on the basis of ingredients,,1.2,Calculation on the basis of ingredients,,1.1,Calculation on the basis of ingredients,,0.1,Calculation on the basis of ingredients,,47,Calculation on the basis of ingredients,,0,Calculation on the basis of ingredients,,0,Calculation on the basis of ingredients,,0,Calculation on the basis of ingredients,,0,Calculation on the basis of ingredients,,29.1,Calculation on the basis of ingredients,,0.1,Automated calculation,,0,Calculation on the basis of ingredients,,68.2,Automated calculation,,9,Automated calculation,,8,Automated calculation,,7,Calculation on the basis of ingredients,,13,Calculation on the basis of ingredients,,9,Calculation on the basis of ingredients,,0.08,Calculation on the basis of ingredients,,0.15,Calculation on the basis of ingredients,,0.13,Calculation on the basis of ingredients,,2,Calculation on the basis of ingredients,,4.91,Calculation on the basis of ingredients,,11.3,Calculation on the basis of ingredients,,1.07,Calculation on the basis of ingredients,,0,Calculation on the basis of ingredients,,0,Calculation on the basis of ingredients,,0.18,Calculation on the basis of ingredients,,330,Calculation on the basis of ingredients,,48,Calculation on the basis of ingredients,,73,Calculation on the basis of ingredients,,3.6,Calculation on the basis of ingredients,,25,Calculation on the basis of ingredients,,190,Calculation on the basis of ingredients,,2.9,Calculation on the basis of ingredients,,0.1,Calculation on the basis of ingredients,,5.9,Calculation on the basis of ingredients,,n.d.,,,Ja
639,3904,1001191,"Beef, filet, raw",,Meat and offal/Beef,,per 100g edible portion,444,Automated calculation,,105,Automated calculation,,2,-,50,0.9,-,9,0.9,-,9,0.1,-,9,35,-,9,0,-,50,0,-,22,0,Estimation,51,0,-,22,21.9,-,22,0.1,Automated calculation,,0,-,22,75.1,-,50,7,Automated calculation,,6,Automated calculation,,<5,-,163,10,Estimation,51,10,-,163,0.1,-,9,0.13,-,9,0.19,-,9,2,-,9,4.6,-,9,10,-,9,1,-,9,0,-,9,tr.,-,22,0.24,-,9,340,-,9,42,-,9,55,-,9,3,-,9,22,-,9,160,-,9,2.3,-,9,0.1,-,9,4.4,-,9,n.d.,,,Nein
657,4596,1001214,"Beef, liver, raw",,Meat and offal/Beef,,per 100g edible portion,581,Automated calculation,,138,Automated calculation,,3.9,-,9,1.4,-,9,0.6,-,9,0.8,-,9,354,-,9,5.3,-,9,0,-,9,0,-,9,0,-,22,20.5,-,9,0.3,Automated calculation,,0,-,22,69.1,-,9,4259,Automated calculation,,4179,Automated calculation,,4100,-,115,951,-,145,n.d.,,,0.28,-,9,2.88,-,9,0.83,-,9,65,-,9,14.7,-,9,220,-,9,7.3,-,9,23,-,9,1.7,-,9,0.75,-,9,290,-,9,120,-,9,90,-,9,7,-,9,17,-,9,360,-,9,7,-,9,13,-,9,4.8,-,9,n.d.,,,Nein
13297,,,"Beef, minced, pan fried (without addition of fat and salt)",,Meat and offal/Beef,,per 100g edible portion,1020,Automated calculation,,244,Automated calculation,,11.9,Calculation on the basis of ingredients,,5,Calculation on the basis of ingredients,,5.4,Calculation on the basis of ingredients,,0.7,Calculation on the basis of ingredients,,89,Calculation on the basis of ingredients,,0,Calculation on the basis of ingredients,,0,Calculation on the basis of ingredients,,0,Calculation on the basis of ingredients,,0,Calculation on the basis of ingredients,,34.3,Calculation on the basis of ingredients,,0.2,Automated calculation,,0,Calculation on the basis of ingredients,,53.8,Automated calculation,,13,Automated calculation,,11,Automated calculation,,10,Calculation on the basis of ingredients,,16,Calculation on the basis of ingredients,,9,Calculation on the basis of ingredients,,0.05,Calculation on the basis of ingredients,,0.16,Calculation on the basis of ingredients,,0.32,Calculation on the basis of ingredients,,2.11,Calculation on the basis of ingredients,,4.9,Calculation on the basis of ingredients,,13.5,Calculation on the basis of ingredients,,0.39,Calculation on the basis of ingredients,,0,Calculation on the basis of ingredients,,0.4,Calculation on the basis of ingredients,,0.23,Calculation on the basis of ingredients,,290,Calculation on the basis of ingredients,,82,Calculation on the basis of ingredients,,79,Calculation on the basis of ingredients,,7.1,Calculation on the basis of ingredients,,23,Calculation on the basis of ingredients,,220,Calculation on the basis of ingredients,,3,Calculation on the basis of ingredients,,4.8,Calculation on the basis of ingredients,,7,Calculation on the basis of ingredients,,n.d.,,,Ja
6,3668,811079,"Beef, minced, raw",,Meat and offal/Beef,,per 100g edible portion,645,Automated calculation,,154,Automated calculation,,7.5,-,1406,3.2,-,1406,3.4,-,1406,0.5,-,1406,56,-,146,0,Estimation,51,0,Estimation,51,0,Estimation,51,0,Estimation,1408,21.6,-,1406,0.2,Automated calculation,,0,Estimation,1408,69.7,-,1406,8,Automated calculation,,7,Automated calculation,,6,-,163;1662;1690,10,Estimation,51,10,-,163,0.06,-,108;1673;1690,0.12,-,108;1673;1690,0.45,-,146,1.9,-,34,3.86,-,1673;1690,10,-,34,0.31,-,34,0,Estimation,51,0.5,-,117,0.26,-,107,310,-,1406,61,-,1406,50,-,8,5,-,1406,17,-,1406,160,-,1406,2,-,1406,3,-,88,4.4,-,1406,n.d.,,,Nein
32,4477,812074,"Beef, prime rib, raw (Switzerland)",,Meat and offal/Beef,,per 100g edible portion,692,Automated calculation,,165,Automated calculation,,9,-,146,4,-,146,3.3,-,146,0.7,-,146,58,-,146,0,Estimation,51,0,Estimation,51,n.d.,,,0,Estimation,51,21.1,-,146,0.1,Automated calculation,,0,Estimation,51,68.6,-,146,7,Automated calculation,,6,Automated calculation,,<5,-,163,10,Estimation,51,10,-,163,0.04,-,112,0.13,-,112,0.41,-,146,1.4,-,34,n.d.,,,6,-,34,0.72,-,34,0,Estimation,51,0.5,-,117,0.26,-,107,330,-,146,45,-,146,54,-,8,4.4,-,146,18,-,146,170,-,146,1.5,-,146,3,-,88,5,-,146,11,-,1406,Nein
33,4478,812075,"Beef, prime rib, raw (USA)",,Meat and offal/Beef,,per 100g edible portion,909,Automated calculation,,219,Automated calculation,,15.7,-,146,6.8,-,146,6.4,-,146,0.7,-,146,54,-,146,0,Estimation,51,0,Estimation,51,n.d.,,,0,Estimation,51,19.3,-,146,0.1,Automated calculation,,0,Estimation,51,61,-,146,7,Automated calculation,,6,Automated calculation,,<5,-,163,10,Estimation,51,10,-,163,0.04,-,112,0.13,-,112,0.53,-,146,1.4,-,34,7,-,163,6,-,34,0.72,-,34,0,Estimation,51,0.5,-,117,0.26,-,107,310,-,146,38,-,146,54,-,8,3.9,-,146,17,-,146,170,-,146,1.3,-,146,3,-,88,3.3,-,146,44,-,1406,Nein
648,4630,1001200,"Beef, ragout (goulash), raw",,Meat and offal/Beef,,per 100g edible portion,626,Automated calculation,,150,Automated calculation,,8.1,-,36,4,-,36,3.3,-,36,0.3,-,36,60,-,36,0,-,9,0,-,9,0,Estimation,51,0,-,22,19.3,-,36,0.1,Automated calculation,,0,-,22,71.7,-,36,7,Automated calculation,,6,Automated calculation,,<5,-,163,10,Estimation,51,10,-,163,0.09,-,36,0.19,-,36,0.18,-,9,4.8,-,9,5.2,-,36,3,-,9,0.57,-,9,0,-,9,tr.,-,22,0.46,-,9,300,-,36,45,-,36,54,-,9,6.8,-,36,18,-,36,160,-,36,2.1,-,36,0.2,-,9,5.7,-,36,n.d.,,,Nein
38,4746,812081,"Beef, ragout, raw",,Meat and offal/Beef,,per 100g edible portion,409,Automated calculation,,97,Automated calculation,,1.3,-,1406,0.6,-,1406,0.6,-,1406,0.3,-,1406,54,-,1406,0,Estimation,51,0,Estimation,51,n.d.,,,0,Estimation,51,21.2,-,1406,0.1,Automated calculation,,0,Estimation,1408,74.2,-,1406,7,Automated calculation,,6,Automated calculation,,<5,-,163,10,Estimation,51,10,-,163,0.01,-,112,0.12,-,112,0.42,-,1406,1.4,-,34,n.d.,,,6,-,34,0.74,-,34,0,Estimation,51,0.5,-,117,0.26,-,107,350,-,1406,49,-,1406,50,-,8,3.9,-,1406,18,-,1406,180,-,1406,1.2,-,1406,3,-,88,3.7,-,1406,6,-,1544,Nein
1672,,,"Beef ragout with sauce, prepared",,Prepared dishes/Other savoury dishes,,per 100g edible portion,382,Automated calculation,,91,Automated calculation,,3,Calculation on the basis of ingredients,,0.5,Calculation on the basis of ingredients,,2,Calculation on the basis of ingredients,,0.4,Calculation on the basis of ingredients,,31,Calculation on the basis of ingredients,,3.1,Calculation on the basis of ingredients,,1.6,Calculation on the basis of ingredients,,n.d.,,,0.6,Calculation on the basis of ingredients,,12.6,Calculation on the basis of ingredients,,0.8,Automated calculation,,0,Calculation on the basis of ingredients,,80.8,Automated calculation,,172,Automated calculation,,87,Automated calculation,,3,Calculation on the basis of ingredients,,1012,Calculation on the basis of ingredients,,728,Calculation on the basis of ingredients,,0.01,Calculation on the basis of ingredients,,0.07,Calculation on the basis of ingredients,,0.13,Calculation on the basis of ingredients,,0.48,Calculation on the basis of ingredients,,n.d.,,,5,Calculation on the basis of ingredients,,0.34,Calculation on the basis of ingredients,,0.9,Calculation on the basis of ingredients,,0.2,Calculation on the basis of ingredients,,0.87,Calculation on the basis of ingredients,,130,Calculation on the basis of ingredients,,300,Calculation on the basis of ingredients,,470,Calculation on the basis of ingredients,,9.9,Calculation on the basis of ingredients,,8.9,Calculation on the basis of ingredients,,91,Calculation on the basis of ingredients,,0.8,Calculation on the basis of ingredients,,2.2,Calculation on the basis of ingredients,,2.2,Calculation on the basis of ingredients,,n.d.,,,Ja
701,4587,1001278,"Beef, rib, raw",,Sausages and cold meats/Cooked sausage products,,per 100g edible portion,648,Automated calculation,,155,Automated calculation,,7.3,-,50,2.6,-,9,3.4,-,9,0.8,-,9,51,-,9,0.5,-,50,0,-,22,0,-,22,0,-,22,21.7,-,22,6.2,Automated calculation,,0,-,22,67.5,-,50,5,Automated calculation,,5,Automated calculation,,5,-,8,0,Estimation,51,0,Estimation,51,0.66,-,9,0.16,-,9,0.47,-,9,1,-,9,2.2,-,9,2,-,9,0.38,-,9,0,-,9,tr.,-,22,0.2,-,9,240,-,9,2470,-,9,3240,-,9,32,-,9,54,-,9,98,-,50,1.5,-,9,3.2,-,9,1.1,-,9,n.d.,,,Nein
640,4167,1001192,"Beef, round, schnitzel, raw",,Meat and offal/Beef,,per 100g edible portion,469,Automated calculation,,111,Automated calculation,,2.3,-,24,1.1,-,36,0.9,-,36,0.1,-,36,55,-,24,0,-,24,0,-,22,0,Estimation,51,0,-,22,22.6,-,24,0.1,Automated calculation,,0,-,22,74,-,24,7,Automated calculation,,6,Automated calculation,,<5,-,163,10,Estimation,51,10,-,163,0.09,-,36,0.17,-,36,tr.,-,22,2.2,-,36,4.5,-,36,9.9,-,36,0.59,-,36,tr.,-,22,tr.,-,22,tr.,-,22,360,-,36,50,-,36,170,-,36,3.8,-,36,23,-,36,200,-,36,2.2,-,36,3,-,88,3.9,-,36,6.1,-,1544,Nein
1075,4320,,"Beef, shoulder, medium roast in oven (without addition of fat and salt)",,Meat and offal/Beef,,per 100g edible portion,687,Automated calculation,,163,Automated calculation,,4.8,Calculation on the basis of ingredients,,1.7,Calculation on the basis of ingredients,,2,Calculation on the basis of ingredients,,0.4,Calculation on the basis of ingredients,,85,Calculation on the basis of ingredients,,0,Calculation on the basis of ingredients,,0,Calculation on the basis of ingredients,,0,Calculation on the basis of ingredients,,0,Calculation on the basis of ingredients,,30,Calculation on the basis of ingredients,,0.1,Automated calculation,,0,Calculation on the basis of ingredients,,65.2,Automated calculation,,9,Automated calculation,,8,Automated calculation,,7,Calculation on the basis of ingredients,,14,Calculation on the basis of ingredients,,9,Calculation on the basis of ingredients,,0.07,Calculation on the basis of ingredients,,0.23,Calculation on the basis of ingredients,,0.14,Calculation on the basis of ingredients,,5.21,Calculation on the basis of ingredients,,5.67,Calculation on the basis of ingredients,,3.5,Calculation on the basis of ingredients,,0.67,Calculation on the basis of ingredients,,0,Calculation on the basis of ingredients,,0,Calculation on the basis of ingredients,,0.24,Calculation on the basis of ingredients,,300,Calculation on the basis of ingredients,,59,Calculation on the basis of ingredients,,76,Calculation on the basis of ingredients,,5,Calculation on the basis of ingredients,,22,Calculation on the basis of ingredients,,260,Calculation on the basis of ingredients,,2.4,Calculation on the basis of ingredients,,0.1,Calculation on the basis of ingredients,,8.1,Calculation on the basis of ingredients,,n.d.,,,Ja
1074,4275,,"Beef, shoulder, rare roast in oven (without addition of fat and salt)",,Meat and offal/Beef,,per 100g edible portion,634,Automated calculation,,151,Automated calculation,,4.4,Calculation on the basis of ingredients,,1.5,Calculation on the basis of ingredients,,1.8,Calculation on the basis of ingredients,,0.3,Calculation on the basis of ingredients,,78,Calculation on the basis of ingredients,,0,Calculation on the basis of ingredients,,0,Calculation on the basis of ingredients,,0,Calculation on the basis of ingredients,,0,Calculation on the basis of ingredients,,27.7,Calculation on the basis of ingredients,,0.1,Automated calculation,,0,Calculation on the basis of ingredients,,67.9,Automated calculation,,9,Automated calculation,,7,Automated calculation,,6,Calculation on the basis of ingredients,,13,Calculation on the basis of ingredients,,8,Calculation on the basis of ingredients,,0.07,Calculation on the basis of ingredients,,0.21,Calculation on the basis of ingredients,,0.13,Calculation on the basis of ingredients,,4.81,Calculation on the basis of ingredients,,5.23,Calculation on the basis of ingredients,,3.3,Calculation on the basis of ingredients,,0.62,Calculation on the basis of ingredients,,0,Calculation on the basis of ingredients,,0,Calculation on the basis of ingredients,,0.22,Calculation on the basis of ingredients,,280,Calculation on the basis of ingredients,,54,Calculation on the basis of ingredients,,71,Calculation on the basis of ingredients,,4.6,Calculation on the basis of ingredients,,21,Calculation on the basis of ingredients,,240,Calculation on the basis of ingredients,,2.2,Calculation on the basis of ingredients,,0.1,Calculation on the basis of ingredients,,7.4,Calculation on the basis of ingredients,,n.d.,,,Ja
638,3905,1001190,"Beef, shoulder (roast), raw",,Meat and offal/Beef,,per 100g edible portion,495,Automated calculation,,117,Automated calculation,,3.5,-,24,1.2,-,24,1.4,-,24,0.3,-,24,61,-,24,0,-,24,0,-,22,0,Estimation,51,0,-,22,21.6,-,24,0.1,Automated calculation,,0,-,22,73.8,-,24,7,Automated calculation,,6,Automated calculation,,<5,-,163,10,Estimation,51,10,-,163,0.09,-,9,0.19,-,9,0.19,-,9,5,-,9,5.1,-,9,3,-,9,0.6,-,9,0,-,9,tr.,-,22,0.31,-,9,300,-,9,50,-,9,55,-,9,4,-,9,19,-,9,210,-,9,1.8,-,24,0.1,-,9,5.8,-,24,n.d.,,,Nein
1076,3614,,"Beef, shoulder, well done roast in oven (without addition of fat and salt)",,Meat and offal/Beef,,per 100g edible portion,798,Automated calculation,,189,Automated calculation,,5.6,Calculation on the basis of ingredients,,1.9,Calculation on the basis of ingredients,,2.3,Calculation on the basis of ingredients,,0.4,Calculation on the basis of ingredients,,98,Calculation on the basis of ingredients,,0,Calculation on the basis of ingredients,,0,Calculation on the basis of ingredients,,0,Calculation on the basis of ingredients,,0,Calculation on the basis of ingredients,,34.8,Calculation on the basis of ingredients,,0.2,Automated calculation,,0,Calculation on the basis of ingredients,,59.6,Automated calculation,,11,Automated calculation,,9,Automated calculation,,8,Calculation on the basis of ingredients,,16,Calculation on the basis of ingredients,,10,Calculation on the basis of ingredients,,0.08,Calculation on the basis of ingredients,,0.27,Calculation on the basis of ingredients,,0.16,Calculation on the basis of ingredients,,6.05,Calculation on the basis of ingredients,,6.58,Calculation on the basis of ingredients,,4.1,Calculation on the basis of ingredients,,0.77,Calculation on the basis of ingredients,,0,Calculation on the basis of ingredients,,0,Calculation on the basis of ingredients,,0.28,Calculation on the basis of ingredients,,350,Calculation on the basis of ingredients,,69,Calculation on the basis of ingredients,,89,Calculation on the basis of ingredients,,5.8,Calculation on the basis of ingredients,,26,Calculation on the basis of ingredients,,300,Calculation on the basis of ingredients,,2.8,Calculation on the basis of ingredients,,0.2,Calculation on the basis of ingredients,,9.4,Calculation on the basis of ingredients,,n.d.,,,Ja
656,4597,1001213,"Beef, tongue, raw",,Meat and offal/Beef,,per 100g edible portion,816,Automated calculation,,196,Automated calculation,,13,-,9,4.7,-,9,6,-,9,1.1,-,9,108,-,9,3.7,-,9,0,-,9,0,-,9,0,-,22,16,-,9,0.2,Automated calculation,,0,-,22,66.4,-,9,16,Automated calculation,,14,Automated calculation,,12,Estimation,51,24,Estimation,51,24,-,110,0.13,-,9,0.29,-,9,0.13,-,9,5,-,9,4.6,-,9,7,-,9,2,-,9,3,-,9,tr.,-,22,0.26,-,9,260,-,9,80,-,9,13,-,9,10,-,9,18,-,9,160,-,9,3,-,9,2.3,-,9,2.9,-,9,n.d.,,,Nein
817,3739,1001486,"Beer, five grain",,Alcoholic beverages/Beer,1,per 100ml food volume,165,Automated calculation,,40,Automated calculation,,0,-,22,0,-,22,0,-,22,0,-,22,0,Estimation,51,2,-,17,2,-,22,0,-,22,<0.2,-,17,0.6,-,17,0,Automated calculation,,4.1,-,17,92.5,-,22,0,Automated calculation,,0,Automated calculation,,0,Estimation,51,0,Estimation,51,0,Estimation,51,0,-,9,0.04,-,17,0.09,-,17,0.1,-,22,0.77,-,9,5,-,9,0.09,-,17,0,-,9,0,-,22,0,-,22,43,-,17,1.4,-,17,11,-,17,3.6,-,17,11,-,17,16,-,17,0,-,17,tr.,-,22,<0,-,17,n.d.,,,Nein
816,3740,,"Beer, lager",,Alcoholic beverages/Beer,1,per 100ml food volume,176,Automated calculation,,42,Automated calculation,,0,-,1650,0,Estimation,1662,0,Estimation,1662,0,Estimation,1662,0,Estimation,1662,3.1,-,1640,2.2,-,1640,0,-,1641,0,-,1528,0.5,-,1640,0,Automated calculation,,4,-,1640,91.9,-,1640,0,Automated calculation,,0,Automated calculation,,0,Estimation,1662,0,Estimation,1662,0,-,1679,0,-,9,0.03,-,1640,0.06,-,1640,0.02,-,1650,0.77,-,9,6.3,-,1640,0.03,-,1641,0,-,9,0,Estimation,1662,0,-,1679,55,-,1640,1.9,-,1660,17,-,1640,3.5,-,1640,9.6,-,1640,19,-,1641,0,-,1640,1.5,-,1528,0,-,1679,n.d.,,,Nein
13420,,,"Beer, non-alcoholic",,Alcoholic beverages/Beer,1,per 100ml food volume,99,Automated calculation,,23,Automated calculation,,0,-,1528,0,Estimation,1662,0,Estimation,1662,0,Estimation,1662,0,Estimation,1662,4.9,-,1660,2.6,-,1660,0,-,1528,0,-,1528,0.4,-,1640,0,Automated calculation,,0.3,-,1640,93.3,-,1640,0,Automated calculation,,0,Automated calculation,,0,Estimation,1662,0,Estimation,1662,0,-,1528,0.01,-,1640,0.01,-,1679,0.04,-,1660,0.02,-,1679,0.65,-,1660,5,-,1660,0.08,-,1640,0,Estimation,1662,0,Estimation,1662,0,-,1528,34,-,1679,1.5,-,1660,19,-,1660,4.8,-,1660,6.2,-,1660,11,-,1679,0,-,1660,1,-,1660,8,-,1640,n.d.,,,Nein
1183,4672,,Beer shandy (average),,Alcoholic beverages/Beer,1,per 100ml food volume,166,Automated calculation,,39,Automated calculation,,0,Calculation on the basis of ingredients,,0,Calculation on the basis of ingredients,,0,Calculation on the basis of ingredients,,0,Calculation on the basis of ingredients,,0,Calculation on the basis of ingredients,,7.4,Calculation on the basis of ingredients,,7.1,Calculation on the basis of ingredients,,0,Calculation on the basis of ingredients,,0,Calculation on the basis of ingredients,,0.2,Calculation on the basis of ingredients,,0,Automated calculation,,1.3,Calculation on the basis of ingredients,,91.1,Automated calculation,,0,Automated calculation,,0,Automated calculation,,0,Calculation on the basis of ingredients,,0,Calculation on the basis of ingredients,,0,Calculation on the basis of ingredients,,0,Calculation on the basis of ingredients,,0.02,Calculation on the basis of ingredients,,0.02,Calculation on the basis of ingredients,,0.01,Calculation on the basis of ingredients,,0.27,Calculation on the basis of ingredients,,2.1,Calculation on the basis of ingredients,,0.01,Calculation on the basis of ingredients,,0,Calculation on the basis of ingredients,,0,Calculation on the basis of ingredients,,0,Calculation on the basis of ingredients,,24,Calculation on the basis of ingredients,,2.6,Calculation on the basis of ingredients,,13,Calculation on the basis of ingredients,,4.5,Calculation on the basis of ingredients,,11,Calculation on the basis of ingredients,,7,Calculation on the basis of ingredients,,0.1,Calculation on the basis of ingredients,,1.7,Calculation on the basis of ingredients,,0,Calculation on the basis of ingredients,,n.d.,,,Ja
451,4696,1000930,"Beetroot, raw",,Vegetables/Fresh vegetables,,per 100g edible portion,192,Automated calculation,,46,Automated calculation,,0.1,-,8,0,-,8,0,-,8,0.1,-,8,0,-,8,8.4,-,36,8.4,-,22,0,-,22,2.5,-,36,1.5,-,36,0.1,Automated calculation,,0,-,22,86.2,-,36,1,Automated calculation,,1,Automated calculation,,0,Estimation,51,7,-,145,7,Estimation,145,0.02,-,36;1669,0.04,-,36,0.04,-,36;1669,0,-,8,0.23,-,36,83,-,36,0.15,-,36;1669,10,-,36,0,-,8,0.05,-,36,410,-,36,58,-,36,82,-,36,17,-,36,21,-,36,45,-,36,0.9,-,36,0.4,-,36,0.4,-,36,n.d.,,,Nein
1019,4697,,"Beetroot, steamed (without addition of salt)",,Vegetables/Cooked vegetables (incl. cans),,per 100g edible portion,241,Automated calculation,,57,Automated calculation,,0.1,Calculation on the basis of ingredients,,0,Calculation on the basis of ingredients,,0,Calculation on the basis of ingredients,,0.1,Calculation on the basis of ingredients,,0,Calculation on the basis of ingredients,,10.5,Calculation on the basis of ingredients,,10.5,Calculation on the basis of ingredients,,0,Calculation on the basis of ingredients,,3.2,Calculation on the basis of ingredients,,1.9,Calculation on the basis of ingredients,,0.1,Automated calculation,,0,Calculation on the basis of ingredients,,84.3,Automated calculation,,1,Automated calculation,,1,Automated calculation,,0,Calculation on the basis of ingredients,,9,Calculation on the basis of ingredients,,8,Calculation on the basis of ingredients,,0.02,Calculation on the basis of ingredients,,0.05,Calculation on the basis of ingredients,,0.04,Calculation on the basis of ingredients,,0,Calculation on the basis of ingredients,,0.23,Calculation on the basis of ingredients,,62.3,Calculation on the basis of ingredients,,0.16,Calculation on the basis of ingredients,,10,Calculation on the basis of ingredients,,0,Calculation on the basis of ingredients,,0.06,Calculation on the basis of ingredients,,430,Calculation on the basis of ingredients,,58,Calculation on the basis of ingredients,,97,Calculation on the basis of ingredients,,20,Calculation on the basis of ingredients,,22,Calculation on the basis of ingredients,,53,Calculation on the basis of ingredients,,1,Calculation on the basis of ingredients,,0.5,Calculation on the basis of ingredients,,0.4,Calculation on the basis of ingredients,,n.d.,,,Ja
359,3829,1000822,"Bell pepper, green, raw",,Vegetables/Fresh vegetables,,per 100g edible portion,85,Automated calculation,,20,Automated calculation,,0.3,-,43,0.1,-,43,0,-,43,0.2,-,43,0,-,43,2.6,-,43,2.5,-,43,0.1,-,43,2,-,43,0.8,-,43,0,Automated calculation,,0,-,43,92.9,-,43,35,Automated calculation,,18,Automated calculation,,0,Estimation,51,211,Estimation,1530,211,-,125;1530,0.01,-,43,0.01,-,43,0.32,-,43,0,-,43,0.1,-,43,34,-,43,0.1,-,43,127,-,43,0,-,43,0.85,-,43,160,-,43,6,-,43,19,-,9,6,-,43,6,-,43,15,-,43,0.3,-,43,2,-,9,0.2,-,9,n.d.,,,Nein
1017,4249,,"Bell pepper, green, stewed (without addition of fat and salt)",,Vegetables/Cooked vegetables (incl. cans),,per 100g edible portion,112,Automated calculation,,27,Automated calculation,,0.4,Calculation on the basis of ingredients,,0.1,Calculation on the basis of ingredients,,0,Calculation on the basis of ingredients,,0.2,Calculation on the basis of ingredients,,0,Calculation on the basis of ingredients,,3.4,Calculation on the basis of ingredients,,3.3,Calculation on the basis of ingredients,,0.1,Calculation on the basis of ingredients,,2.6,Calculation on the basis of ingredients,,1.1,Calculation on the basis of ingredients,,0,Automated calculation,,0,Calculation on the basis of ingredients,,92.5,Automated calculation,,46,Automated calculation,,23,Automated calculation,,0,Calculation on the basis of ingredients,,278,Calculation on the basis of ingredients,,249,Calculation on the basis of ingredients,,0.01,Calculation on the basis of ingredients,,0.01,Calculation on the basis of ingredients,,0.38,Calculation on the basis of ingredients,,0,Calculation on the basis of ingredients,,0.13,Calculation on the basis of ingredients,,22.4,Calculation on the basis of ingredients,,0.12,Calculation on the basis of ingredients,,142,Calculation on the basis of ingredients,,0,Calculation on the basis of ingredients,,1.12,Calculation on the basis of ingredients,,200,Calculation on the basis of ingredients,,7.9,Calculation on the basis of ingredients,,25,Calculation on the basis of ingredients,,7.9,Calculation on the basis of ingredients,,7.9,Calculation on the basis of ingredients,,20,Calculation on the basis of ingredients,,0.4,Calculation on the basis of ingredients,,2.6,Calculation on the basis of ingredients,,0.3,Calculation on the basis of ingredients,,n.d.,,,Ja
360,4013,1000823,"Bell pepper, red, raw",,Vegetables/Fresh vegetables,,per 100g edible portion,133,Automated calculation,,32,Automated calculation,,0.4,-,1008,0.1,-,1008,0,-,1008,0.1,-,1008,0,-,43,5.2,-,43,5.1,-,43,0.1,-,43,2,-,43,0.9,-,43,0,Automated calculation,,0,-,43,91.3,-,43,377,Automated calculation,,189,Automated calculation,,0,Estimation,51,2264,Estimation,1530,1997,Estimation,1530,0.03,-,43;1669,0.03,-,43,0.25,-,43;1669,0,-,43,0.9,-,43,22,-,43,0.16,-,43;1669,154.6,-,43;1669,0,-,43,0.7,-,43,170,-,43,3,-,43,18,-,9,9,-,43,12,-,43,20,-,43,0.4,-,43,1,-,9,0.3,-,9,n.d.,,,Nein
1018,3773,,"Bell pepper, red, stewed (without addition of fat and salt)",,Vegetables/Cooked vegetables (incl. cans),,per 100g edible portion,175,Automated calculation,,42,Automated calculation,,0.5,Calculation on the basis of ingredients,,0.1,Calculation on the basis of ingredients,,0,Calculation on the basis of ingredients,,0.2,Calculation on the basis of ingredients,,0,Calculation on the basis of ingredients,,6.8,Calculation on the basis of ingredients,,6.7,Calculation on the basis of ingredients,,0.1,Calculation on the basis of ingredients,,2.6,Calculation on the basis of ingredients,,1.2,Calculation on the basis of ingredients,,0,Automated calculation,,0,Calculation on the basis of ingredients,,88.9,Automated calculation,,496,Automated calculation,,248,Automated calculation,,0,Calculation on the basis of ingredients,,2979,Calculation on the basis of ingredients,,2365,Calculation on the basis of ingredients,,0.03,Calculation on the basis of ingredients,,0.04,Calculation on the basis of ingredients,,0.29,Calculation on the basis of ingredients,,0,Calculation on the basis of ingredients,,1.13,Calculation on the basis of ingredients,,14.5,Calculation on the basis of ingredients,,0.19,Calculation on the basis of ingredients,,172.9,Calculation on the basis of ingredients,,0,Calculation on the basis of ingredients,,0.92,Calculation on the basis of ingredients,,220,Calculation on the basis of ingredients,,3.9,Calculation on the basis of ingredients,,24,Calculation on the basis of ingredients,,12,Calculation on the basis of ingredients,,16,Calculation on the basis of ingredients,,26,Calculation on the basis of ingredients,,0.5,Calculation on the basis of ingredients,,1.3,Calculation on the basis of ingredients,,0.4,Calculation on the basis of ingredients,,n.d.,,,Ja
851,4576,1001521,Berliner pastry,,Sweets/Other sweet pastries,,per 100g edible portion,1370,Automated calculation,,325,Automated calculation,,12.8,-,9,6.8,-,9,4,-,9,0.9,-,9,104,-,9,43.1,-,9,5.2,-,9,37.8,-,9,2.2,-,9,8.4,-,9,0.6,Automated calculation,,0,-,9,32.2,-,9,130,Automated calculation,,126,Automated calculation,,122,-,8,50,Estimation,51,50,-,8,0.05,-,9,0.1,-,9,0.1,-,9,tr.,-,9,0.48,-,9,14,-,9,0.38,-,9,0.2,-,9,1,-,9,0.78,-,9,110,-,9,250,-,9,400,-,9,38,-,9,16,-,9,100,-,9,1.3,-,9,4.1,-,9,0.9,-,9,n.d.,,,Nein
1211,,,Bernese alp cheese,,Milk and dairy products/Hard cheese,,per 100g edible portion,1880,Automated calculation,,453,Automated calculation,,38.3,-,1075,n.d.,,,n.d.,,,n.d.,,,n.d.,,,0,Estimation,1129,n.d.,,,0,Estimation,1003,0,Estimation,1003,27.1,Estimation,1662,1.6,Automated calculation,,0,Estimation,1003,26.2,-,1075,n.d.,,,n.d.,,,n.d.,,,n.d.,,,n.d.,,,n.d.,,,n.d.,,,n.d.,,,n.d.,,,n.d.,,,n.d.,,,n.d.,,,n.d.,,,n.d.,,,n.d.,,,n.d.,,,660,-,1075,n.d.,,,920,-,1075,n.d.,,,n.d.,,,n.d.,,,n.d.,,,n.d.,,,n.d.,,,Nein
1212,,,Bernese cheese for slicing,,Milk and dairy products/Hard cheese,,per 100g edible portion,2030,Automated calculation,,491,Automated calculation,,41.2,-,1075,n.d.,,,n.d.,,,n.d.,,,n.d.,,,0,Estimation,1129,n.d.,,,0,Estimation,1129,0,Estimation,1129,30,Estimation,1662,1.7,Automated calculation,,0,Estimation,1129,21.9,-,1075,n.d.,,,n.d.,,,n.d.,,,n.d.,,,n.d.,,,n.d.,,,0.56,-,1659,n.d.,,,0.83,-,1659,n.d.,,,n.d.,,,0.43,-,1659,n.d.,,,0.8,-,1659,n.d.,,,n.d.,,,690,-,1075,n.d.,,,n.d.,,,n.d.,,,n.d.,,,n.d.,,,n.d.,,,n.d.,,,n.d.,,,Nein
790,3593,1001443,Bernese tongue sausage,,Sausages and cold meats/Boiled sausage products,,per 100g edible portion,1380,Automated calculation,,333,Automated calculation,,29.4,Calculation on the basis of ingredients,,10.8,Calculation on the basis of ingredients,,13.7,Calculation on the basis of ingredients,,3,Calculation on the basis of ingredients,,63,Calculation on the basis of ingredients,,0,Calculation on the basis of ingredients,,0,Calculation on the basis of ingredients,,0,Calculation on the basis of ingredients,,0,Calculation on the basis of ingredients,,17.3,Calculation on the basis of ingredients,,1.5,Automated calculation,,0,Calculation on the basis of ingredients,,53.3,Automated calculation,,7,Automated calculation,,7,Automated calculation,,6,Calculation on the basis of ingredients,,3,Calculation on the basis of ingredients,,3,Calculation on the basis of ingredients,,0.53,Calculation on the basis of ingredients,,0.2,Calculation on the basis of ingredients,,0.31,Calculation on the basis of ingredients,,2.61,Calculation on the basis of ingredients,,4.95,Calculation on the basis of ingredients,,2.3,Calculation on the basis of ingredients,,0.54,Calculation on the basis of ingredients,,0,Calculation on the basis of ingredients,,0,Calculation on the basis of ingredients,,0.52,Calculation on the basis of ingredients,,220,Calculation on the basis of ingredients,,610,Calculation on the basis of ingredients,,880,Calculation on the basis of ingredients,,3.4,Calculation on the basis of ingredients,,20,Calculation on the basis of ingredients,,100,Calculation on the basis of ingredients,,1.3,Calculation on the basis of ingredients,,0.7,Calculation on the basis of ingredients,,2.4,Calculation on the basis of ingredients,,n.d.,,,Ja
1122,4072,,"Berries (average), cooked (without addition of sugar)",,Fruit/Cooked fruit (incl. cans),,per 100g edible portion,186,Automated calculation,,44,Automated calculation,,0.5,Calculation on the basis of ingredients,,0,Calculation on the basis of ingredients,,0.1,Calculation on the basis of ingredients,,0.3,Calculation on the basis of ingredients,,0,Calculation on the basis of ingredients,,7.6,Calculation on the basis of ingredients,,7.6,Calculation on the basis of ingredients,,0,Calculation on the basis of ingredients,,3,Calculation on the basis of ingredients,,0.8,Calculation on the basis of ingredients,,0,Automated calculation,,0,Calculation on the basis of ingredients,,88.1,Automated calculation,,2,Automated calculation,,1,Automated calculation,,0,Calculation on the basis of ingredients,,11,Calculation on the basis of ingredients,,6,Calculation on the basis of ingredients,,0.01,Calculation on the basis of ingredients,,0.03,Calculation on the basis of ingredients,,0.04,Calculation on the basis of ingredients,,0,Calculation on the basis of ingredients,,0.35,Calculation on the basis of ingredients,,21.3,Calculation on the basis of ingredients,,0.18,Calculation on the basis of ingredients,,34.7,Calculation on the basis of ingredients,,0,Calculation on the basis of ingredients,,0.38,Calculation on the basis of ingredients,,150,Calculation on the basis of ingredients,,2.2,Calculation on the basis of ingredients,,15,Calculation on the basis of ingredients,,20,Calculation on the basis of ingredients,,13,Calculation on the basis of ingredients,,24,Calculation on the basis of ingredients,,0.5,Calculation on the basis of ingredients,,1.2,Calculation on the basis of ingredients,,0.1,Calculation on the basis of ingredients,,n.d.,,,Ja
1119,3640,,"Berries (average), raw",,Fruit/Fresh fruit,,per 100g edible portion,177,Automated calculation,,42,Automated calculation,,0.5,Calculation on the basis of ingredients,,0,Calculation on the basis of ingredients,,0.1,Calculation on the basis of ingredients,,0.2,Calculation on the basis of ingredients,,0,Calculation on the basis of ingredients,,7.2,Calculation on the basis of ingredients,,7.2,Calculation on the basis of ingredients,,0,Calculation on the basis of ingredients,,2.8,Calculation on the basis of ingredients,,0.8,Calculation on the basis of ingredients,,0,Automated calculation,,0,Calculation on the basis of ingredients,,88.7,Automated calculation,,2,Automated calculation,,1,Automated calculation,,0,Calculation on the basis of ingredients,,11,Calculation on the basis of ingredients,,8,Calculation on the basis of ingredients,,0.02,Calculation on the basis of ingredients,,0.03,Calculation on the basis of ingredients,,0.05,Calculation on the basis of ingredients,,0,Calculation on the basis of ingredients,,0.37,Calculation on the basis of ingredients,,29,Calculation on the basis of ingredients,,0.19,Calculation on the basis of ingredients,,47,Calculation on the basis of ingredients,,0,Calculation on the basis of ingredients,,0.36,Calculation on the basis of ingredients,,160,Calculation on the basis of ingredients,,2.1,Calculation on the basis of ingredients,,14,Calculation on the basis of ingredients,,20,Calculation on the basis of ingredients,,12,Calculation on the basis of ingredients,,23,Calculation on the basis of ingredients,,0.5,Calculation on the basis of ingredients,,1.2,Calculation on the basis of ingredients,,0.1,Calculation on the basis of ingredients,,n.d.,,,Nein
859,3701,,Biber (Filled ginger bread type),,Sweets/Other sweet pastries,,per 100g edible portion,1980,Automated calculation,,472,Automated calculation,,19.7,Calculation on the basis of ingredients,,1.6,Calculation on the basis of ingredients,,12.4,Calculation on the basis of ingredients,,5.3,Calculation on the basis of ingredients,,0,Calculation on the basis of ingredients,,56.4,Calculation on the basis of ingredients,,44.9,Calculation on the basis of ingredients,,12.9,Calculation on the basis of ingredients,,5.9,Calculation on the basis of ingredients,,11.9,Calculation on the basis of ingredients,,0,Automated calculation,,1.4,Calculation on the basis of ingredients,,6.5,Automated calculation,,0,Automated calculation,,0,Automated calculation,,0,Calculation on the basis of ingredients,,1,Calculation on the basis of ingredients,,1,Calculation on the basis of ingredients,,0.1,Calculation on the basis of ingredients,,0.18,Calculation on the basis of ingredients,,0.09,Calculation on the basis of ingredients,,0,Calculation on the basis of ingredients,,0.96,Calculation on the basis of ingredients,,19.9,Calculation on the basis of ingredients,,0.23,Calculation on the basis of ingredients,,0.1,Calculation on the basis of ingredients,,0,Calculation on the basis of ingredients,,11.63,Calculation on the basis of ingredients,,330,Calculation on the basis of ingredients,,1.7,Calculation on the basis of ingredients,,28,Calculation on the basis of ingredients,,110,Calculation on the basis of ingredients,,97,Calculation on the basis of ingredients,,210,Calculation on the basis of ingredients,,2.3,Calculation on the basis of ingredients,,1,Calculation on the basis of ingredients,,2.5,Calculation on the basis of ingredients,,n.d.,,,Nein
789,3609,1001442,"Bierwurst (coarse heat-treated, cured & smoked sausage, beef and pork)",,Sausages and cold meats/Boiled sausage products,,per 100g edible portion,1450,Automated calculation,,350,Automated calculation,,31.3,Calculation on the basis of ingredients,,11.6,Calculation on the basis of ingredients,,14.6,Calculation on the basis of ingredients,,3.2,Calculation on the basis of ingredients,,63,Calculation on the basis of ingredients,,0,Calculation on the basis of ingredients,,0,Calculation on the basis of ingredients,,0,Calculation on the basis of ingredients,,0,Calculation on the basis of ingredients,,16.8,Calculation on the basis of ingredients,,1.4,Automated calculation,,0.1,Calculation on the basis of ingredients,,51.8,Automated calculation,,7,Automated calculation,,6,Automated calculation,,6,Calculation on the basis of ingredients,,3,Calculation on the basis of ingredients,,2,Calculation on the basis of ingredients,,0.23,Calculation on the basis of ingredients,,0.16,Calculation on the basis of ingredients,,0.13,Calculation on the basis of ingredients,,1.52,Calculation on the basis of ingredients,,2.65,Calculation on the basis of ingredients,,1.6,Calculation on the basis of ingredients,,0.29,Calculation on the basis of ingredients,,0,Calculation on the basis of ingredients,,0,Calculation on the basis of ingredients,,0.43,Calculation on the basis of ingredients,,120,Calculation on the basis of ingredients,,570,Calculation on the basis of ingredients,,870,Calculation on the basis of ingredients,,2.9,Calculation on the basis of ingredients,,13,Calculation on the basis of ingredients,,79,Calculation on the basis of ingredients,,1.2,Calculation on the basis of ingredients,,0.7,Calculation on the basis of ingredients,,2.1,Calculation on the basis of ingredients,,n.d.,,,Ja
1198,4714,,"Birchermüesli, prepared (no sugar added)",,Prepared dishes/Muesli and pudding,,per 100g edible portion,366,Automated calculation,,87,Automated calculation,,3.1,Calculation on the basis of ingredients,,1.2,Calculation on the basis of ingredients,,1,Calculation on the basis of ingredients,,0.7,Calculation on the basis of ingredients,,5,Calculation on the basis of ingredients,,11.2,Calculation on the basis of ingredients,,8.3,Calculation on the basis of ingredients,,2.8,Calculation on the basis of ingredients,,1.9,Calculation on the basis of ingredients,,2.7,Calculation on the basis of ingredients,,0.1,Automated calculation,,0,Calculation on the basis of ingredients,,81.2,Automated calculation,,18,Automated calculation,,16,Automated calculation,,15,Calculation on the basis of ingredients,,22,Calculation on the basis of ingredients,,19,Calculation on the basis of ingredients,,0.05,Calculation on the basis of ingredients,,0.09,Calculation on the basis of ingredients,,0.05,Calculation on the basis of ingredients,,0.09,Calculation on the basis of ingredients,,0.2,Calculation on the basis of ingredients,,13.2,Calculation on the basis of ingredients,,0.23,Calculation on the basis of ingredients,,4.5,Calculation on the basis of ingredients,,0,Calculation on the basis of ingredients,,0.77,Calculation on the basis of ingredients,,160,Calculation on the basis of ingredients,,20,Calculation on the basis of ingredients,,47,Calculation on the basis of ingredients,,58,Calculation on the basis of ingredients,,18,Calculation on the basis of ingredients,,75,Calculation on the basis of ingredients,,0.4,Calculation on the basis of ingredients,,5.8,Calculation on the basis of ingredients,,0.5,Calculation on the basis of ingredients,,n.d.,,,Nein
862,3706,,"Birnenweggen, pastry with pear",,Sweets/Other sweet pastries,,per 100g edible portion,1510,Automated calculation,,360,Automated calculation,,10.3,Calculation on the basis of ingredients,,5.8,Calculation on the basis of ingredients,,2.4,Calculation on the basis of ingredients,,0.9,Calculation on the basis of ingredients,,25,Calculation on the basis of ingredients,,56.2,Calculation on the basis of ingredients,,33.4,Calculation on the basis of ingredients,,19.5,Calculation on the basis of ingredients,,7.6,Calculation on the basis of ingredients,,5,Calculation on the basis of ingredients,,0.7,Automated calculation,,1,Calculation on the basis of ingredients,,20.2,Automated calculation,,108,Automated calculation,,99,Automated calculation,,90,Calculation on the basis of ingredients,,107,Calculation on the basis of ingredients,,88,Calculation on the basis of ingredients,,0.09,Calculation on the basis of ingredients,,0.07,Calculation on the basis of ingredients,,0.1,Calculation on the basis of ingredients,,0,Calculation on the basis of ingredients,,0.66,Calculation on the basis of ingredients,,15.8,Calculation on the basis of ingredients,,0.25,Calculation on the basis of ingredients,,3.6,Calculation on the basis of ingredients,,0.2,Calculation on the basis of ingredients,,1.01,Calculation on the basis of ingredients,,340,Calculation on the basis of ingredients,,290,Calculation on the basis of ingredients,,450,Calculation on the basis of ingredients,,60,Calculation on the basis of ingredients,,32,Calculation on the basis of ingredients,,82,Calculation on the basis of ingredients,,2,Calculation on the basis of ingredients,,2.5,Calculation on the basis of ingredients,,0.8,Calculation on the basis of ingredients,,n.d.,,,Nein
383,4548,1000846,"Blackberry, fresh",,Fruit/Fresh fruit,,per 100g edible portion,185,Automated calculation,,44,Automated calculation,,0.4,-,43,tr.,-,43,0.2,-,43,0.2,-,43,0,-,43,6.2,-,43,6.2,-,43,0,-,43,6,-,43,1,-,43,0,Automated calculation,,0,-,43,85,-,43,24,Automated calculation,,12,Automated calculation,,0,Estimation,51,144,Estimation,51,110,-,121,0.03,-,43,0.05,-,43,0.05,-,43,0,-,43,0.5,-,43,34,-,43,0.2,-,43,20,-,43,0,-,43,4,-,43,200,-,43,3,-,43,20,-,9,30,-,43,22,-,43,30,-,43,1,-,43,0.4,-,36,0.1,-,36,n.d.,,,Nein
1596,,,"Blackberry pie, baked (with cake dough)",,"Sweets/Cakes and tarts;Prepared dishes/Cakes, pies and gratins",,per 100g edible portion,573,Automated calculation,,137,Automated calculation,,6.2,Calculation on the basis of ingredients,,3.3,Calculation on the basis of ingredients,,1.6,Calculation on the basis of ingredients,,0.6,Calculation on the basis of ingredients,,37,Calculation on the basis of ingredients,,15.1,Calculation on the basis of ingredients,,5.9,Calculation on the basis of ingredients,,9,Calculation on the basis of ingredients,,4.4,Calculation on the basis of ingredients,,3.1,Calculation on the basis of ingredients,,0.2,Automated calculation,,0,Calculation on the basis of ingredients,,71.4,Automated calculation,,78,Automated calculation,,68,Automated calculation,,58,Calculation on the basis of ingredients,,120,Calculation on the basis of ingredients,,87,Calculation on the basis of ingredients,,0.04,Calculation on the basis of ingredients,,0.07,Calculation on the basis of ingredients,,0.06,Calculation on the basis of ingredients,,0.08,Calculation on the basis of ingredients,,0.41,Calculation on the basis of ingredients,,16.4,Calculation on the basis of ingredients,,0.29,Calculation on the basis of ingredients,,10.7,Calculation on the basis of ingredients,,0.2,Calculation on the basis of ingredients,,2.82,Calculation on the basis of ingredients,,160,Calculation on the basis of ingredients,,90,Calculation on the basis of ingredients,,150,Calculation on the basis of ingredients,,35,Calculation on the basis of ingredients,,20,Calculation on the basis of ingredients,,55,Calculation on the basis of ingredients,,1,Calculation on the basis of ingredients,,2.8,Calculation on the basis of ingredients,,0.3,Calculation on the basis of ingredients,,n.d.,,,Nein
1594,,,"Blackberry pie, baked (with puff pastry)",,"Sweets/Cakes and tarts;Prepared dishes/Cakes, pies and gratins",,per 100g edible portion,561,Automated calculation,,135,Automated calculation,,7,Calculation on the basis of ingredients,,3.8,Calculation on the basis of ingredients,,1.8,Calculation on the basis of ingredients,,0.6,Calculation on the basis of ingredients,,39,Calculation on the basis of ingredients,,12.9,Calculation on the basis of ingredients,,5.9,Calculation on the basis of ingredients,,6.9,Calculation on the basis of ingredients,,4.3,Calculation on the basis of ingredients,,2.8,Calculation on the basis of ingredients,,0.2,Automated calculation,,0,Calculation on the basis of ingredients,,73.1,Automated calculation,,88,Automated calculation,,77,Automated calculation,,67,Calculation on the basis of ingredients,,124,Calculation on the basis of ingredients,,91,Calculation on the basis of ingredients,,0.04,Calculation on the basis of ingredients,,0.07,Calculation on the basis of ingredients,,0.05,Calculation on the basis of ingredients,,0.08,Calculation on the basis of ingredients,,0.39,Calculation on the basis of ingredients,,16.2,Calculation on the basis of ingredients,,0.28,Calculation on the basis of ingredients,,10.7,Calculation on the basis of ingredients,,0.2,Calculation on the basis of ingredients,,2.83,Calculation on the basis of ingredients,,160,Calculation on the basis of ingredients,,93,Calculation on the basis of ingredients,,160,Calculation on the basis of ingredients,,35,Calculation on the basis of ingredients,,19,Calculation on the basis of ingredients,,52,Calculation on the basis of ingredients,,0.9,Calculation on the basis of ingredients,,2.8,Calculation on the basis of ingredients,,0.3,Calculation on the basis of ingredients,,n.d.,,,Nein
1485,,,"Blackberry pie, baked (with sweet short pastry base)",,"Sweets/Cakes and tarts;Prepared dishes/Cakes, pies and gratins",,per 100g edible portion,830,Automated calculation,,199,Automated calculation,,11.3,Calculation on the basis of ingredients,,6.4,Calculation on the basis of ingredients,,2.8,Calculation on the basis of ingredients,,0.8,Calculation on the basis of ingredients,,47,Calculation on the basis of ingredients,,19.1,Calculation on the basis of ingredients,,8.4,Calculation on the basis of ingredients,,10.7,Calculation on the basis of ingredients,,4,Calculation on the basis of ingredients,,3.2,Calculation on the basis of ingredients,,0.2,Automated calculation,,0,Calculation on the basis of ingredients,,62.5,Automated calculation,,133,Automated calculation,,122,Automated calculation,,112,Calculation on the basis of ingredients,,130,Calculation on the basis of ingredients,,107,Calculation on the basis of ingredients,,0.05,Calculation on the basis of ingredients,,0.06,Calculation on the basis of ingredients,,0.06,Calculation on the basis of ingredients,,0.07,Calculation on the basis of ingredients,,0.42,Calculation on the basis of ingredients,,22.5,Calculation on the basis of ingredients,,0.28,Calculation on the basis of ingredients,,11.6,Calculation on the basis of ingredients,,0.3,Calculation on the basis of ingredients,,2.61,Calculation on the basis of ingredients,,160,Calculation on the basis of ingredients,,89,Calculation on the basis of ingredients,,150,Calculation on the basis of ingredients,,31,Calculation on the basis of ingredients,,19,Calculation on the basis of ingredients,,54,Calculation on the basis of ingredients,,0.9,Calculation on the basis of ingredients,,2.4,Calculation on the basis of ingredients,,0.3,Calculation on the basis of ingredients,,n.d.,,,Ja
883,4574,1001555,Black forest cake,,Sweets/Cakes and tarts,,per 100g edible portion,1030,Automated calculation,,248,Automated calculation,,16.1,-,9,9.3,-,9,5,-,9,0.8,-,9,88,-,9,21.4,-,9,12,-,9,9.4,-,9,0.9,-,9,3.9,-,9,0.1,Automated calculation,,tr.,-,9,56.4,-,9,199,Automated calculation,,185,Automated calculation,,171,-,8,169,Estimation,51,169,-,8,0.03,-,9,0.1,-,9,0.04,-,9,tr.,-,9,0.19,-,9,6,-,9,0.28,-,9,0.8,-,9,1,-,9,0.72,-,9,110,-,9,51,-,9,67,-,9,47,-,9,13,-,9,77,-,9,0.7,-,9,5.3,-,9,0.5,-,9,n.d.,,,Nein
778,3650,1001428,Black pudding,,Sausages and cold meats/Cooked sausage products,,per 100g edible portion,628,Automated calculation,,151,Automated calculation,,10.8,Calculation on the basis of ingredients,,4.6,Calculation on the basis of ingredients,,4.6,Calculation on the basis of ingredients,,1.1,Calculation on the basis of ingredients,,32,Calculation on the basis of ingredients,,2.6,Calculation on the basis of ingredients,,2.6,Calculation on the basis of ingredients,,tr.,Calculation on the basis of ingredients,,0.1,Calculation on the basis of ingredients,,10.7,Calculation on the basis of ingredients,,2,Automated calculation,,0,Calculation on the basis of ingredients,,75.7,Automated calculation,,38,Automated calculation,,37,Automated calculation,,36,Calculation on the basis of ingredients,,9,Calculation on the basis of ingredients,,9,Calculation on the basis of ingredients,,0.05,Calculation on the basis of ingredients,,0.12,Calculation on the basis of ingredients,,0.19,Calculation on the basis of ingredients,,1.09,Calculation on the basis of ingredients,,0.39,Calculation on the basis of ingredients,,4.4,Calculation on the basis of ingredients,,0.39,Calculation on the basis of ingredients,,0.6,Calculation on the basis of ingredients,,0,Calculation on the basis of ingredients,,0.15,Calculation on the basis of ingredients,,140,Calculation on the basis of ingredients,,790,Calculation on the basis of ingredients,,1230,Calculation on the basis of ingredients,,61,Calculation on the basis of ingredients,,14,Calculation on the basis of ingredients,,65,Calculation on the basis of ingredients,,30,Calculation on the basis of ingredients,,6.9,Calculation on the basis of ingredients,,1.6,Calculation on the basis of ingredients,,n.d.,,,Ja
452,3944,1000931,"Black salsify, raw",,Vegetables/Fresh vegetables,,per 100g edible portion,222,Automated calculation,,55,Automated calculation,,0.4,-,36,0.1,-,22,0,-,22,0.2,-,22,0,-,22,2.1,-,36,2.1,-,22,0.1,-,36,18.3,-,36,1.4,-,36,0,Automated calculation,,0,-,22,76.8,-,36,3,Automated calculation,,2,Automated calculation,,0,Estimation,51,20,-,145,n.d.,,,0.11,-,36,0.04,-,36,0.06,-,22,0,-,22,0.35,-,36,49.6,-,22,0.17,-,22,4,-,36,0,-,5,3,-,9,320,-,36,5,-,36,31,-,36,53,-,36,23,-,36,76,-,36,3.3,-,36,2.5,-,9,0.2,-,36,n.d.,,,Nein
1023,3636,,"Black salsify, steamed (without addition of salt)",,Vegetables/Cooked vegetables (incl. cans),,per 100g edible portion,247,Automated calculation,,61,Automated calculation,,0.5,Calculation on the basis of ingredients,,0.1,Calculation on the basis of ingredients,,0,Calculation on the basis of ingredients,,0.3,Calculation on the basis of ingredients,,0,Calculation on the basis of ingredients,,2.4,Calculation on the basis of ingredients,,2.3,Calculation on the basis of ingredients,,0.1,Calculation on the basis of ingredients,,20.3,Calculation on the basis of ingredients,,1.5,Calculation on the basis of ingredients,,0,Automated calculation,,0,Calculation on the basis of ingredients,,75.3,Automated calculation,,4,Automated calculation,,2,Automated calculation,,0,Calculation on the basis of ingredients,,22,Calculation on the basis of ingredients,,n.d.,,,0.1,Calculation on the basis of ingredients,,0.04,Calculation on the basis of ingredients,,0.06,Calculation on the basis of ingredients,,0,Calculation on the basis of ingredients,,0.31,Calculation on the basis of ingredients,,33.1,Calculation on the basis of ingredients,,0.16,Calculation on the basis of ingredients,,3.6,Calculation on the basis of ingredients,,0,Calculation on the basis of ingredients,,3.33,Calculation on the basis of ingredients,,300,Calculation on the basis of ingredients,,4.4,Calculation on the basis of ingredients,,33,Calculation on the basis of ingredients,,56,Calculation on the basis of ingredients,,22,Calculation on the basis of ingredients,,80,Calculation on the basis of ingredients,,3.1,Calculation on the basis of ingredients,,2.6,Calculation on the basis of ingredients,,0.2,Calculation on the basis of ingredients,,n.d.,,,Ja
13395,,,"Blanc battu, plain, low fat",,Milk and dairy products/Fresh cheese and curds,,per 100g edible portion,200,Automated calculation,,47,Automated calculation,,0,-,1643,0,-,1643,0,-,1643,0,-,1643,1,-,1643,3.9,-,1643,3.9,-,1643,0,Estimation,1648,tr.,-,1643,7.8,-,1660,0.1,Automated calculation,,0,Estimation,1648,86.5,-,1643,5,Automated calculation,,4,Automated calculation,,4,Estimation,1648,3,Estimation,1648,3,-,1643,0.04,-,1643,0.32,-,1643;1659,0.06,-,1643,0.36,-,1643;1659,0.2,-,1643,24,-,1643,0.35,-,1643;1659,0,Estimation,1648,0.1,-,1659,tr.,-,1643,140,-,1643,44,-,1643,89,-,1643,130,-,1643,12,-,1643,120,-,1643,0.2,-,1643,10,-,1643,0.5,-,1643,n.d.,,,Nein
604,3659,,"Blanc battu with fruits, with sweetener",,Milk and dairy products/Fresh cheese and curds,,per 100g edible portion,287,Automated calculation,,68,Automated calculation,,0.2,Calculation on the basis of ingredients,,0.1,Calculation on the basis of ingredients,,0,Calculation on the basis of ingredients,,0,Calculation on the basis of ingredients,,0,Calculation on the basis of ingredients,,8.4,Calculation on the basis of ingredients,,5.3,Calculation on the basis of ingredients,,2.6,Calculation on the basis of ingredients,,0.3,Calculation on the basis of ingredients,,8,Calculation on the basis of ingredients,,0.1,Automated calculation,,0,Calculation on the basis of ingredients,,83,Automated calculation,,5,Automated calculation,,4,Automated calculation,,2,Calculation on the basis of ingredients,,17,Calculation on the basis of ingredients,,13,Calculation on the basis of ingredients,,0.03,Calculation on the basis of ingredients,,0.34,Calculation on the basis of ingredients,,0.04,Calculation on the basis of ingredients,,0.39,Calculation on the basis of ingredients,,0.28,Calculation on the basis of ingredients,,15.5,Calculation on the basis of ingredients,,0.37,Calculation on the basis of ingredients,,1.6,Calculation on the basis of ingredients,,0,Calculation on the basis of ingredients,,0.16,Calculation on the basis of ingredients,,180,Calculation on the basis of ingredients,,48,Calculation on the basis of ingredients,,110,Calculation on the basis of ingredients,,130,Calculation on the basis of ingredients,,13,Calculation on the basis of ingredients,,140,Calculation on the basis of ingredients,,0.1,Calculation on the basis of ingredients,,19,Calculation on the basis of ingredients,,0.5,Calculation on the basis of ingredients,,n.d.,,,Ja
389,4557,1000852,"Blueberry, raw",,Fruit/Fresh fruit,,per 100g edible portion,245,Automated calculation,,58,Automated calculation,,0.5,-,43,tr.,-,43,tr.,-,43,tr.,-,43,0,-,43,11.3,-,43,11.3,-,43,0,-,43,3,-,43,0.6,-,43,0,Automated calculation,,0,-,43,83,-,43,5,Automated calculation,,3,Automated calculation,,0,Estimation,51,33,Estimation,51,27,-,164,0.03,-,43,0.03,-,43,0.05,-,43,0,-,43,0.4,-,43,6,-,43,0.1,-,43,20,-,43,0,-,43,1.9,-,9,68,-,43,2,-,43,5,-,9,9,-,43,4,-,43,11,-,43,0.5,-,43,1,-,9,0.1,-,9,n.d.,,,Nein
1191,4669,,Blue cheese (average),,Milk and dairy products/Hard cheese,,per 100g edible portion,1490,Automated calculation,,360,Automated calculation,,31.5,Calculation on the basis of ingredients,,18.9,Calculation on the basis of ingredients,,7.4,Calculation on the basis of ingredients,,1.5,Calculation on the basis of ingredients,,95,Calculation on the basis of ingredients,,0.2,Calculation on the basis of ingredients,,0.1,Calculation on the basis of ingredients,,0,Calculation on the basis of ingredients,,0,Calculation on the basis of ingredients,,19.1,Calculation on the basis of ingredients,,3.8,Automated calculation,,0,Calculation on the basis of ingredients,,48.9,Automated calculation,,221,Automated calculation,,218,Automated calculation,,214,Calculation on the basis of ingredients,,44,Calculation on the basis of ingredients,,44,Calculation on the basis of ingredients,,0.03,Calculation on the basis of ingredients,,0.58,Calculation on the basis of ingredients,,0.1,Calculation on the basis of ingredients,,0.72,Calculation on the basis of ingredients,,0.51,Calculation on the basis of ingredients,,46,Calculation on the basis of ingredients,,0.99,Calculation on the basis of ingredients,,0,Calculation on the basis of ingredients,,0.5,Calculation on the basis of ingredients,,0.67,Calculation on the basis of ingredients,,130,Calculation on the basis of ingredients,,1530,Calculation on the basis of ingredients,,2100,Calculation on the basis of ingredients,,610,Calculation on the basis of ingredients,,24,Calculation on the basis of ingredients,,390,Calculation on the basis of ingredients,,0.4,Calculation on the basis of ingredients,,40,Calculation on the basis of ingredients,,2.5,Calculation on the basis of ingredients,,n.d.,,,Ja
1697,,,"Boiling meat salad, prepared",,Prepared dishes/Salads,,per 100g edible portion,941,Automated calculation,,227,Automated calculation,,17.1,Calculation on the basis of ingredients,,4.4,Calculation on the basis of ingredients,,8.8,Calculation on the basis of ingredients,,2.8,Calculation on the basis of ingredients,,45,Calculation on the basis of ingredients,,1.5,Calculation on the basis of ingredients,,1.3,Calculation on the basis of ingredients,,0.1,Calculation on the basis of ingredients,,0.5,Calculation on the basis of ingredients,,16.5,Calculation on the basis of ingredients,,0.8,Automated calculation,,0,Calculation on the basis of ingredients,,64.4,Automated calculation,,32,Automated calculation,,18,Automated calculation,,4,Calculation on the basis of ingredients,,166,Calculation on the basis of ingredients,,158,Calculation on the basis of ingredients,,0.03,Calculation on the basis of ingredients,,0.09,Calculation on the basis of ingredients,,0.21,Calculation on the basis of ingredients,,0.67,Calculation on the basis of ingredients,,1.56,Calculation on the basis of ingredients,,11.4,Calculation on the basis of ingredients,,0.38,Calculation on the basis of ingredients,,6.6,Calculation on the basis of ingredients,,0.3,Calculation on the basis of ingredients,,3.13,Calculation on the basis of ingredients,,200,Calculation on the basis of ingredients,,310,Calculation on the basis of ingredients,,310,Calculation on the basis of ingredients,,12,Calculation on the basis of ingredients,,13,Calculation on the basis of ingredients,,100,Calculation on the basis of ingredients,,1.4,Calculation on the basis of ingredients,,3,Calculation on the basis of ingredients,,3.3,Calculation on the basis of ingredients,,n.d.,,,Ja
668,3741,1001227,"Bouillon, meat, prepared",,Prepared dishes/Stews and soups,1,per 100g edible portion,20,Automated calculation,,5,Automated calculation,,0.3,-,18,0.2,-,18,0.1,-,18,0,-,18,0,-,5,0.2,-,18,0,-,18,0.1,-,18,tr.,-,5,0.3,-,18,1.1,Automated calculation,,0,-,5,98,-,22,0,Automated calculation,,0,Automated calculation,,0,Estimation,51,0,Estimation,51,0,-,156,tr.,-,5,0.01,-,5,0.01,-,5,1,-,22,0.83,-,9,23,-,5,0.14,-,9,0,-,5,0,-,5,0,-,5,54,-,5,420,-,22,330,-,22,1,-,5,10,-,9,13,-,5,0.2,-,5,3,-,9,0,-,5,n.d.,,,Nein
665,3742,1001224,"Bouillon, poultry, prepared",,Prepared dishes/Stews and soups,1,per 100g edible portion,21,Automated calculation,,5,Automated calculation,,0.3,-,18,0.1,-,18,0.1,-,18,0.1,-,18,<5,-,18,0.3,-,18,0.1,-,18,0.1,-,22,tr.,-,5,0.3,-,18,1,Automated calculation,,0,-,5,98.1,-,22,0,Automated calculation,,0,Automated calculation,,0,Estimation,51,0,Estimation,51,0,-,156,tr.,-,5,0.01,-,5,0.01,-,5,0.4,-,9,1.2,-,9,23,-,5,0.18,-,9,0,-,5,0,-,5,0,-,5,10,-,5,400,-,22,290,-,9,6,-,5,11,-,9,5,-,5,tr.,-,5,2.8,-,9,tr.,-,5,n.d.,,,Nein
664,3743,1001223,"Bouillon, vegetable, prepared",,Prepared dishes/Stews and soups,1,per 100g edible portion,26,Automated calculation,,6,Automated calculation,,0.4,-,18,0.1,-,22,0.2,-,22,0.1,-,22,0,-,5,0.4,-,18,0.1,-,22,0.2,-,5,tr.,-,5,0.3,-,18,0.9,Automated calculation,,0,-,5,97.5,-,22,0,Automated calculation,,0,Automated calculation,,0,Estimation,51,2,-,81,2,Estimation,81,0.11,-,5,0.01,-,5,0,-,5,0,-,22,0.1,-,9,1,-,5,0.03,-,9,0,-,5,0,-,5,0,-,5,8,-,5,360,-,5,280,-,9,1,-,5,4,-,9,3,-,5,0.1,-,5,3.6,-,9,0,-,5,n.d.,,,Nein
1460,,,"Braided bread, wholemeal, made with butter",,"Bread, flakes and breakfast cereals/Bread and bread products",,per 100g edible portion,1150,Automated calculation,,272,Automated calculation,,6.4,Calculation on the basis of ingredients,,3.2,Calculation on the basis of ingredients,,1.4,Calculation on the basis of ingredients,,1.2,Calculation on the basis of ingredients,,22,Calculation on the basis of ingredients,,40.4,Calculation on the basis of ingredients,,0.9,Calculation on the basis of ingredients,,39.5,Calculation on the basis of ingredients,,7.3,Calculation on the basis of ingredients,,9.5,Calculation on the basis of ingredients,,1.2,Automated calculation,,0,Calculation on the basis of ingredients,,36.9,Automated calculation,,55,Automated calculation,,53,Automated calculation,,50,Calculation on the basis of ingredients,,26,Calculation on the basis of ingredients,,22,Calculation on the basis of ingredients,,0.25,Calculation on the basis of ingredients,,0.15,Calculation on the basis of ingredients,,0.29,Calculation on the basis of ingredients,,0.03,Calculation on the basis of ingredients,,3.31,Calculation on the basis of ingredients,,33.9,Calculation on the basis of ingredients,,0.67,Calculation on the basis of ingredients,,0,Calculation on the basis of ingredients,,0.1,Calculation on the basis of ingredients,,1.12,Calculation on the basis of ingredients,,270,Calculation on the basis of ingredients,,460,Calculation on the basis of ingredients,,710,Calculation on the basis of ingredients,,22,Calculation on the basis of ingredients,,86,Calculation on the basis of ingredients,,240,Calculation on the basis of ingredients,,3.3,Calculation on the basis of ingredients,,2.4,Calculation on the basis of ingredients,,2.3,Calculation on the basis of ingredients,,n.d.,,,Nein
820,4092,1001489,Braided white bread made with butter,,"Bread, flakes and breakfast cereals/Bread and bread products",,per 100g edible portion,1370,Automated calculation,,325,Automated calculation,,11.4,Calculation on the basis of ingredients,,6.5,Calculation on the basis of ingredients,,2.6,Calculation on the basis of ingredients,,0.9,Calculation on the basis of ingredients,,45,Calculation on the basis of ingredients,,45.7,Calculation on the basis of ingredients,,2.9,Calculation on the basis of ingredients,,42.4,Calculation on the basis of ingredients,,2.1,Calculation on the basis of ingredients,,9,Calculation on the basis of ingredients,,1.5,Automated calculation,,0,Calculation on the basis of ingredients,,32.4,Automated calculation,,115,Automated calculation,,111,Automated calculation,,107,Calculation on the basis of ingredients,,48,Calculation on the basis of ingredients,,41,Calculation on the basis of ingredients,,0.11,Calculation on the basis of ingredients,,0.13,Calculation on the basis of ingredients,,0.06,Calculation on the basis of ingredients,,0.11,Calculation on the basis of ingredients,,0.72,Calculation on the basis of ingredients,,23.4,Calculation on the basis of ingredients,,0.37,Calculation on the basis of ingredients,,0.2,Calculation on the basis of ingredients,,0.3,Calculation on the basis of ingredients,,0.31,Calculation on the basis of ingredients,,180,Calculation on the basis of ingredients,,590,Calculation on the basis of ingredients,,930,Calculation on the basis of ingredients,,49,Calculation on the basis of ingredients,,14,Calculation on the basis of ingredients,,90,Calculation on the basis of ingredients,,0.5,Calculation on the basis of ingredients,,5.1,Calculation on the basis of ingredients,,0.6,Calculation on the basis of ingredients,,n.d.,,,Nein
13344,,,"Bratwurst, fried sausage, grilled (without addition of fat and salt)",,Sausages and cold meats/Raw sausage products,,per 100g edible portion,1220,Automated calculation,,293,Automated calculation,,23.3,Calculation on the basis of ingredients,,8.6,Calculation on the basis of ingredients,,10.9,Calculation on the basis of ingredients,,2.6,Calculation on the basis of ingredients,,72,Calculation on the basis of ingredients,,0.3,Calculation on the basis of ingredients,,0.3,Calculation on the basis of ingredients,,0,Calculation on the basis of ingredients,,0,Calculation on the basis of ingredients,,20.4,Calculation on the basis of ingredients,,4.1,Automated calculation,,0.1,Calculation on the basis of ingredients,,56,Automated calculation,,4,Automated calculation,,4,Automated calculation,,4,Calculation on the basis of ingredients,,0,Calculation on the basis of ingredients,,0,Calculation on the basis of ingredients,,0.62,Calculation on the basis of ingredients,,0.21,Calculation on the basis of ingredients,,0.37,Calculation on the basis of ingredients,,1.65,Calculation on the basis of ingredients,,4.04,Calculation on the basis of ingredients,,2.6,Calculation on the basis of ingredients,,0.53,Calculation on the basis of ingredients,,0,Calculation on the basis of ingredients,,0,Calculation on the basis of ingredients,,0.5,Calculation on the basis of ingredients,,320,Calculation on the basis of ingredients,,1660,Calculation on the basis of ingredients,,2740,Calculation on the basis of ingredients,,3.5,Calculation on the basis of ingredients,,24,Calculation on the basis of ingredients,,220,Calculation on the basis of ingredients,,1,Calculation on the basis of ingredients,,1.6,Calculation on the basis of ingredients,,1.9,Calculation on the basis of ingredients,,n.d.,,,Ja
841,4760,1001510,"Bratwurst, fried sausage, pork, raw",,Sausages and cold meats/Raw sausage products,,per 100g edible portion,1010,Automated calculation,,243,Automated calculation,,19.3,Calculation on the basis of ingredients,,7.1,Calculation on the basis of ingredients,,9.1,Calculation on the basis of ingredients,,2.1,Calculation on the basis of ingredients,,60,Calculation on the basis of ingredients,,0.2,Calculation on the basis of ingredients,,0.2,Calculation on the basis of ingredients,,0,Calculation on the basis of ingredients,,0,Calculation on the basis of ingredients,,16.9,Calculation on the basis of ingredients,,3.8,Automated calculation,,0.1,Calculation on the basis of ingredients,,63.5,Automated calculation,,3,Automated calculation,,3,Automated calculation,,3,Calculation on the basis of ingredients,,0,Calculation on the basis of ingredients,,0,Calculation on the basis of ingredients,,0.68,Calculation on the basis of ingredients,,0.18,Calculation on the basis of ingredients,,0.41,Calculation on the basis of ingredients,,1.52,Calculation on the basis of ingredients,,3.94,Calculation on the basis of ingredients,,2.5,Calculation on the basis of ingredients,,0.51,Calculation on the basis of ingredients,,0,Calculation on the basis of ingredients,,0,Calculation on the basis of ingredients,,0.46,Calculation on the basis of ingredients,,310,Calculation on the basis of ingredients,,1530,Calculation on the basis of ingredients,,2270,Calculation on the basis of ingredients,,2.9,Calculation on the basis of ingredients,,20,Calculation on the basis of ingredients,,190,Calculation on the basis of ingredients,,0.8,Calculation on the basis of ingredients,,1.3,Calculation on the basis of ingredients,,1.5,Calculation on the basis of ingredients,,n.d.,,,Ja
279,4124,841013,Brazil nut,,"Nuts, seeds and oleaginous fruit",,per 100g edible portion,2860,Automated calculation,,693,Automated calculation,,66.5,-,103,15.6,Estimation,1003;1007,20.3,Estimation,1003;1007,27.3,Estimation,1003;1007,0,-,43,3.2,Estimation,1003,2.3,-,43,0.5,-,43,7,-,43,17,-,1660,0,Automated calculation,,0,Estimation,51,3,-,43,0,Automated calculation,,0,Automated calculation,,0,Estimation,51,0,Estimation,51,0,-,103,0.8,-,43,0.03,-,43,0.17,-,43,0,-,156,0.3,-,43,13,-,43,0.27,-,43,<1,-,43,0,-,145,14.2,-,103,590,-,43;1542,0.7,-,43;1542,57,-,8,160,-,162;1542,350,-,162;1542,650,-,162;1542,3.1,-,162;1542,2.5,-,43,4.3,-,162,n.d.,,,Nein
10446,,,Bread (average),,"Bread, flakes and breakfast cereals/Bread and bread products",,per 100g edible portion,1110,Automated calculation,,264,Automated calculation,,4.6,Calculation on the basis of ingredients,,2.3,Calculation on the basis of ingredients,,1,Calculation on the basis of ingredients,,0.7,Calculation on the basis of ingredients,,15,Calculation on the basis of ingredients,,44.6,Calculation on the basis of ingredients,,1.3,Calculation on the basis of ingredients,,42.9,Calculation on the basis of ingredients,,3.7,Calculation on the basis of ingredients,,9.2,Calculation on the basis of ingredients,,1.6,Automated calculation,,0,Calculation on the basis of ingredients,,38.7,Automated calculation,,39,Automated calculation,,38,Automated calculation,,36,Calculation on the basis of ingredients,,17,Calculation on the basis of ingredients,,14,Calculation on the basis of ingredients,,0.17,Calculation on the basis of ingredients,,0.1,Calculation on the basis of ingredients,,0.12,Calculation on the basis of ingredients,,0.04,Calculation on the basis of ingredients,,1.15,Calculation on the basis of ingredients,,21.8,Calculation on the basis of ingredients,,0.39,Calculation on the basis of ingredients,,0.1,Calculation on the basis of ingredients,,0.1,Calculation on the basis of ingredients,,0.38,Calculation on the basis of ingredients,,170,Calculation on the basis of ingredients,,620,Calculation on the basis of ingredients,,960,Calculation on the basis of ingredients,,29,Calculation on the basis of ingredients,,36,Calculation on the basis of ingredients,,130,Calculation on the basis of ingredients,,1.5,Calculation on the basis of ingredients,,2.6,Calculation on the basis of ingredients,,1.2,Calculation on the basis of ingredients,,n.d.,,,Nein
750,4198,1001387,Breadcrumbs,,"Cereal products, pulses and potatoes/Flour and starch",,per 100g edible portion,1580,Automated calculation,,373,Automated calculation,,2.1,-,1528,0.5,-,1528,0.3,-,1528,0.7,-,1528,0,-,9,73.5,-,1528,4.4,-,1528,69.1,-,1528,4.5,-,1643,12.7,-,1660,1,Automated calculation,,0,Estimation,1648,6.8,-,1528,0,Automated calculation,,0,Automated calculation,,0,-,81,0,-,81,0,Estimation,1648,0.2,-,9,0.05,-,9,0.11,-,9,0,-,9,0.8,-,9,39,-,9,0.6,-,9,0,-,9,0,-,5,0.4,-,9,130,-,9,400,-,1528,700,-,1528,50,-,9,23,-,9,100,-,9,1.2,-,9,2.8,-,9,0.9,-,9,n.d.,,,Nein
827,3604,1001496,"Bread for toasting, white, made with butter",,"Bread, flakes and breakfast cereals/Bread and bread products",,per 100g edible portion,1330,Automated calculation,,316,Automated calculation,,10.4,Calculation on the basis of ingredients,,6,Calculation on the basis of ingredients,,2.4,Calculation on the basis of ingredients,,0.9,Calculation on the basis of ingredients,,42,Calculation on the basis of ingredients,,45.7,Calculation on the basis of ingredients,,2.7,Calculation on the basis of ingredients,,42.6,Calculation on the basis of ingredients,,2.2,Calculation on the basis of ingredients,,8.9,Calculation on the basis of ingredients,,1.4,Automated calculation,,0,Calculation on the basis of ingredients,,33.4,Automated calculation,,105,Automated calculation,,101,Automated calculation,,98,Calculation on the basis of ingredients,,43,Calculation on the basis of ingredients,,37,Calculation on the basis of ingredients,,0.11,Calculation on the basis of ingredients,,0.12,Calculation on the basis of ingredients,,0.06,Calculation on the basis of ingredients,,0.1,Calculation on the basis of ingredients,,0.7,Calculation on the basis of ingredients,,22,Calculation on the basis of ingredients,,0.36,Calculation on the basis of ingredients,,0.2,Calculation on the basis of ingredients,,0.2,Calculation on the basis of ingredients,,0.3,Calculation on the basis of ingredients,,180,Calculation on the basis of ingredients,,540,Calculation on the basis of ingredients,,860,Calculation on the basis of ingredients,,46,Calculation on the basis of ingredients,,14,Calculation on the basis of ingredients,,88,Calculation on the basis of ingredients,,0.5,Calculation on the basis of ingredients,,4.9,Calculation on the basis of ingredients,,0.6,Calculation on the basis of ingredients,,n.d.,,,Nein
826,3678,1001495,"Bread for toasting, white, made with vegetable oil",,"Bread, flakes and breakfast cereals/Bread and bread products",,per 100g edible portion,1390,Automated calculation,,332,Automated calculation,,12.2,Calculation on the basis of ingredients,,2,Calculation on the basis of ingredients,,5,Calculation on the basis of ingredients,,4.5,Calculation on the basis of ingredients,,20,Calculation on the basis of ingredients,,45.6,Calculation on the basis of ingredients,,2.7,Calculation on the basis of ingredients,,42.6,Calculation on the basis of ingredients,,2.2,Calculation on the basis of ingredients,,8.8,Calculation on the basis of ingredients,,1.4,Automated calculation,,0,Calculation on the basis of ingredients,,31.8,Automated calculation,,21,Automated calculation,,20,Automated calculation,,19,Calculation on the basis of ingredients,,8,Calculation on the basis of ingredients,,7,Calculation on the basis of ingredients,,0.11,Calculation on the basis of ingredients,,0.12,Calculation on the basis of ingredients,,0.06,Calculation on the basis of ingredients,,0.1,Calculation on the basis of ingredients,,0.7,Calculation on the basis of ingredients,,22,Calculation on the basis of ingredients,,0.36,Calculation on the basis of ingredients,,0.2,Calculation on the basis of ingredients,,0.1,Calculation on the basis of ingredients,,3.53,Calculation on the basis of ingredients,,170,Calculation on the basis of ingredients,,540,Calculation on the basis of ingredients,,860,Calculation on the basis of ingredients,,45,Calculation on the basis of ingredients,,14,Calculation on the basis of ingredients,,86,Calculation on the basis of ingredients,,0.5,Calculation on the basis of ingredients,,4.9,Calculation on the basis of ingredients,,0.6,Calculation on the basis of ingredients,,n.d.,,,Nein
843,4110,1001512,Bread roll from St. Gallen (semi white),,"Bread, flakes and breakfast cereals/Bread and bread products",,per 100g edible portion,979,Automated calculation,,231,Automated calculation,,1,Calculation on the basis of ingredients,,0.1,Calculation on the basis of ingredients,,0.1,Calculation on the basis of ingredients,,0.5,Calculation on the basis of ingredients,,0,Calculation on the basis of ingredients,,44.6,Calculation on the basis of ingredients,,0.3,Calculation on the basis of ingredients,,43.9,Calculation on the basis of ingredients,,3.5,Calculation on the basis of ingredients,,9.1,Calculation on the basis of ingredients,,2.1,Automated calculation,,0,Calculation on the basis of ingredients,,42.5,Automated calculation,,0,Automated calculation,,0,Automated calculation,,0,Calculation on the basis of ingredients,,0,Calculation on the basis of ingredients,,0,Calculation on the basis of ingredients,,0.15,Calculation on the basis of ingredients,,0.07,Calculation on the basis of ingredients,,0.18,Calculation on the basis of ingredients,,tr.,Calculation on the basis of ingredients,,0.78,Calculation on the basis of ingredients,,20.7,Calculation on the basis of ingredients,,0.37,Calculation on the basis of ingredients,,tr.,Calculation on the basis of ingredients,,0,Calculation on the basis of ingredients,,0.27,Calculation on the basis of ingredients,,140,Calculation on the basis of ingredients,,840,Calculation on the basis of ingredients,,1280,Calculation on the basis of ingredients,,16,Calculation on the basis of ingredients,,37,Calculation on the basis of ingredients,,130,Calculation on the basis of ingredients,,1.7,Calculation on the basis of ingredients,,1.2,Calculation on the basis of ingredients,,1.2,Calculation on the basis of ingredients,,n.d.,,,Nein
842,3574,1001511,Bread roll (semi white),,"Bread, flakes and breakfast cereals/Bread and bread products",,per 100g edible portion,912,Automated calculation,,215,Automated calculation,,1,Calculation on the basis of ingredients,,0.2,Calculation on the basis of ingredients,,0.2,Calculation on the basis of ingredients,,0.5,Calculation on the basis of ingredients,,0,Calculation on the basis of ingredients,,41.5,Calculation on the basis of ingredients,,0.4,Calculation on the basis of ingredients,,26,Calculation on the basis of ingredients,,2.9,Calculation on the basis of ingredients,,8.6,Calculation on the basis of ingredients,,1.9,Automated calculation,,0,Calculation on the basis of ingredients,,46.7,Automated calculation,,0,Automated calculation,,0,Automated calculation,,0,Calculation on the basis of ingredients,,0,Calculation on the basis of ingredients,,0,Calculation on the basis of ingredients,,0.15,Calculation on the basis of ingredients,,0.06,Calculation on the basis of ingredients,,0.12,Calculation on the basis of ingredients,,tr.,Calculation on the basis of ingredients,,0.66,Calculation on the basis of ingredients,,21.1,Calculation on the basis of ingredients,,0.31,Calculation on the basis of ingredients,,tr.,Calculation on the basis of ingredients,,0,Calculation on the basis of ingredients,,0.16,Calculation on the basis of ingredients,,120,Calculation on the basis of ingredients,,770,Calculation on the basis of ingredients,,1160,Calculation on the basis of ingredients,,17,Calculation on the basis of ingredients,,28,Calculation on the basis of ingredients,,110,Calculation on the basis of ingredients,,1.3,Calculation on the basis of ingredients,,0.9,Calculation on the basis of ingredients,,1,Calculation on the basis of ingredients,,n.d.,,,Nein
844,3595,1001513,"Bread roll, white",,"Bread, flakes and breakfast cereals/Bread and bread products",,per 100g edible portion,1080,Automated calculation,,255,Automated calculation,,0.8,Calculation on the basis of ingredients,,0.2,Calculation on the basis of ingredients,,0.1,Calculation on the basis of ingredients,,0.5,Calculation on the basis of ingredients,,0,Calculation on the basis of ingredients,,51.8,Calculation on the basis of ingredients,,0.7,Calculation on the basis of ingredients,,50.8,Calculation on the basis of ingredients,,2.5,Calculation on the basis of ingredients,,8.7,Calculation on the basis of ingredients,,1.7,Automated calculation,,0,Calculation on the basis of ingredients,,36.8,Automated calculation,,0,Automated calculation,,0,Automated calculation,,0,Calculation on the basis of ingredients,,0,Calculation on the basis of ingredients,,0,Calculation on the basis of ingredients,,0.11,Calculation on the basis of ingredients,,0.04,Calculation on the basis of ingredients,,0.06,Calculation on the basis of ingredients,,tr.,Calculation on the basis of ingredients,,0.67,Calculation on the basis of ingredients,,15.4,Calculation on the basis of ingredients,,0.23,Calculation on the basis of ingredients,,tr.,Calculation on the basis of ingredients,,0,Calculation on the basis of ingredients,,0.14,Calculation on the basis of ingredients,,140,Calculation on the basis of ingredients,,690,Calculation on the basis of ingredients,,1080,Calculation on the basis of ingredients,,7.8,Calculation on the basis of ingredients,,14,Calculation on the basis of ingredients,,60,Calculation on the basis of ingredients,,0.6,Calculation on the basis of ingredients,,0.9,Calculation on the basis of ingredients,,0.5,Calculation on the basis of ingredients,,n.d.,,,Nein
831,3596,1001500,Bread with walnuts,,"Bread, flakes and breakfast cereals/Bread and bread products",,per 100g edible portion,1420,Automated calculation,,339,Automated calculation,,18.5,Calculation on the basis of ingredients,,3.9,Calculation on the basis of ingredients,,3.4,Calculation on the basis of ingredients,,10,Calculation on the basis of ingredients,,26,Calculation on the basis of ingredients,,30.8,Calculation on the basis of ingredients,,1.8,Calculation on the basis of ingredients,,28.2,Calculation on the basis of ingredients,,5.8,Calculation on the basis of ingredients,,9.4,Calculation on the basis of ingredients,,1.2,Automated calculation,,0,Calculation on the basis of ingredients,,36.3,Automated calculation,,49,Automated calculation,,47,Automated calculation,,45,Calculation on the basis of ingredients,,21,Calculation on the basis of ingredients,,17,Calculation on the basis of ingredients,,0.23,Calculation on the basis of ingredients,,0.12,Calculation on the basis of ingredients,,0.22,Calculation on the basis of ingredients,,tr.,Calculation on the basis of ingredients,,1.59,Calculation on the basis of ingredients,,48,Calculation on the basis of ingredients,,0.73,Calculation on the basis of ingredients,,0.4,Calculation on the basis of ingredients,,0.2,Calculation on the basis of ingredients,,1.21,Calculation on the basis of ingredients,,240,Calculation on the basis of ingredients,,490,Calculation on the basis of ingredients,,750,Calculation on the basis of ingredients,,32,Calculation on the basis of ingredients,,67,Calculation on the basis of ingredients,,210,Calculation on the basis of ingredients,,2.2,Calculation on the basis of ingredients,,2.9,Calculation on the basis of ingredients,,2.1,Calculation on the basis of ingredients,,n.d.,,,Nein
705,4585,1001282,Bresaola (cured beef),,Sausages and cold meats/Raw sausage products,,per 100g edible portion,704,Automated calculation,,167,Automated calculation,,3.9,-,50,1.6,-,5,1.9,-,5,0.2,-,5,65,-,5,0.4,-,50,tr.,-,22,tr.,-,22,0,-,22,32.4,-,22,6.8,Automated calculation,,0,-,22,58.2,-,50,0,Automated calculation,,0,Automated calculation,,tr.,-,51,tr.,-,81,tr.,-,51,0.12,-,5,0.6,-,5,0.53,-,5,tr.,-,22,tr.,-,22,19,-,5,tr.,-,22,0,-,5,0.5,-,5,0.12,-,5,320,-,5,2730,-,5,tr.,-,22,35,-,5,tr.,-,22,140,-,50,7.1,-,5,tr.,-,22,4.1,-,5,n.d.,,,Nein
613,4604,1001157,"Brie, at least 45% fidm",,Milk and dairy products/Soft cheese,,per 100g edible portion,1240,Automated calculation,,298,Automated calculation,,23.5,-,184,14.1,-,184,5.5,-,184,1.1,-,184,71,-,184,0,Estimation,1408,0,Estimation,1408,0,-,22,0,-,22,21.4,Estimation,1662,1.3,Automated calculation,,0,-,22,51.4,-,184,266,Automated calculation,,255,Automated calculation,,244,Estimation,51,130,Estimation,51,130,-,8,0.02,-,184,0.25,-,184,0.14,-,184,1.8,-,9,1.2,-,9,65,-,9,0.69,-,9,tr.,-,22,0.5,-,9,0.61,-,184,84,-,184,510,-,184,980,-,184,420,-,184,19,-,184,300,-,184,0.1,-,184,8.3,-,1399,2.5,-,184,n.d.,,,Nein
616,4605,1001161,"Brie, at least 50% fidm",,Milk and dairy products/Soft cheese,,per 100g edible portion,1420,Automated calculation,,342,Automated calculation,,30,-,54,18,-,184,7,-,184,1.4,-,184,90,-,184,0,Estimation,1408,0,Estimation,1408,0,-,22,0,-,22,17.7,-,1661,1.4,Automated calculation,,0,-,22,48.5,-,54,305,Automated calculation,,293,Automated calculation,,280,-,8,150,Estimation,51,150,-,8,0.02,-,184,0.34,-,184;1659,0.13,-,184,1.31,-,9;1659,1.1,-,9,61.1,-,9,0.38,-,9;1659,tr.,-,22,0.7,-,9;1659,0.78,-,184,120,-,54,560,-,54,tr.,-,22,500,-,54,20,-,54,340,-,54,0.2,-,54,20,-,9,2.3,-,184,n.d.,,,Nein
351,4366,1000812,"Broccoli, raw",,Vegetables/Fresh vegetables,,per 100g edible portion,131,Automated calculation,,31,Automated calculation,,0.4,-,43,0.1,-,43,0.1,-,43,0.2,-,43,0,-,43,2.4,-,43,2.3,-,43,0.1,-,43,3,-,43,3,-,43,0,Automated calculation,,0,-,43,90.7,-,43,92,Automated calculation,,46,Automated calculation,,0,Estimation,51,550,Estimation,51,550,-,125,0.09,-,43;1669,0.13,-,43,0.19,-,43;1669,0,-,43,1,-,43,68.7,-,43;1669,0.78,-,43;1669,113.1,-,43;1669,0,-,43,1,-,43,370,-,43,13,-,43,78,-,36,93,-,43,25,-,43,67,-,43,1.4,-,43,15,-,36,0.5,-,36,n.d.,,,Nein
1005,4251,,"Broccoli, steamed (without addition of salt)",,Vegetables/Cooked vegetables (incl. cans),,per 100g edible portion,126,Automated calculation,,30,Automated calculation,,0.4,Calculation on the basis of ingredients,,0.1,Calculation on the basis of ingredients,,0.1,Calculation on the basis of ingredients,,0.2,Calculation on the basis of ingredients,,0,Calculation on the basis of ingredients,,2.3,Calculation on the basis of ingredients,,2.2,Calculation on the basis of ingredients,,0.1,Calculation on the basis of ingredients,,2.9,Calculation on the basis of ingredients,,2.9,Calculation on the basis of ingredients,,0,Automated calculation,,0,Calculation on the basis of ingredients,,91.5,Automated calculation,,88,Automated calculation,,44,Automated calculation,,0,Calculation on the basis of ingredients,,529,Calculation on the basis of ingredients,,476,Calculation on the basis of ingredients,,0.07,Calculation on the basis of ingredients,,0.11,Calculation on the basis of ingredients,,0.15,Calculation on the basis of ingredients,,0,Calculation on the basis of ingredients,,0.77,Calculation on the basis of ingredients,,39.6,Calculation on the basis of ingredients,,0.64,Calculation on the basis of ingredients,,81.6,Calculation on the basis of ingredients,,0,Calculation on the basis of ingredients,,0.96,Calculation on the basis of ingredients,,300,Calculation on the basis of ingredients,,11,Calculation on the basis of ingredients,,71,Calculation on the basis of ingredients,,85,Calculation on the basis of ingredients,,22,Calculation on the basis of ingredients,,61,Calculation on the basis of ingredients,,1.1,Calculation on the basis of ingredients,,14,Calculation on the basis of ingredients,,0.4,Calculation on the basis of ingredients,,n.d.,,,Ja
829,4114,1001498,Brown bread,,"Bread, flakes and breakfast cereals/Bread and bread products",,per 100g edible portion,992,Automated calculation,,234,Automated calculation,,1.2,Calculation on the basis of ingredients,,0.2,Calculation on the basis of ingredients,,0.1,Calculation on the basis of ingredients,,0.6,Calculation on the basis of ingredients,,0,Calculation on the basis of ingredients,,44.3,Calculation on the basis of ingredients,,0.5,Calculation on the basis of ingredients,,43.5,Calculation on the basis of ingredients,,4.1,Calculation on the basis of ingredients,,9.5,Calculation on the basis of ingredients,,1.6,Automated calculation,,0,Calculation on the basis of ingredients,,41.8,Automated calculation,,0,Automated calculation,,0,Automated calculation,,0,Calculation on the basis of ingredients,,0,Calculation on the basis of ingredients,,0,Calculation on the basis of ingredients,,0.23,Calculation on the basis of ingredients,,0.07,Calculation on the basis of ingredients,,0.08,Calculation on the basis of ingredients,,tr.,Calculation on the basis of ingredients,,1.12,Calculation on the basis of ingredients,,20.6,Calculation on the basis of ingredients,,0.33,Calculation on the basis of ingredients,,tr.,Calculation on the basis of ingredients,,0,Calculation on the basis of ingredients,,0.27,Calculation on the basis of ingredients,,150,Calculation on the basis of ingredients,,630,Calculation on the basis of ingredients,,970,Calculation on the basis of ingredients,,20,Calculation on the basis of ingredients,,38,Calculation on the basis of ingredients,,150,Calculation on the basis of ingredients,,1.6,Calculation on the basis of ingredients,,1.3,Calculation on the basis of ingredients,,1.3,Calculation on the basis of ingredients,,n.d.,,,Nein
864,4671,1001536,Brunsli (chocolate cookie),,Sweets/Cookies/Biscuits,,per 100g edible portion,2090,Automated calculation,,502,Automated calculation,,28.9,Calculation on the basis of ingredients,,5.6,Calculation on the basis of ingredients,,16.5,Calculation on the basis of ingredients,,6.3,Calculation on the basis of ingredients,,1,Calculation on the basis of ingredients,,41.5,Calculation on the basis of ingredients,,38.2,Calculation on the basis of ingredients,,4.9,Calculation on the basis of ingredients,,7.9,Calculation on the basis of ingredients,,14.8,Calculation on the basis of ingredients,,0.1,Automated calculation,,0,Calculation on the basis of ingredients,,9.2,Automated calculation,,1,Automated calculation,,1,Automated calculation,,0,Calculation on the basis of ingredients,,6,Calculation on the basis of ingredients,,5,Calculation on the basis of ingredients,,0.11,Calculation on the basis of ingredients,,0.28,Calculation on the basis of ingredients,,0.09,Calculation on the basis of ingredients,,0.01,Calculation on the basis of ingredients,,1.15,Calculation on the basis of ingredients,,24.8,Calculation on the basis of ingredients,,0.29,Calculation on the basis of ingredients,,0,Calculation on the basis of ingredients,,0,Calculation on the basis of ingredients,,13.47,Calculation on the basis of ingredients,,550,Calculation on the basis of ingredients,,53,Calculation on the basis of ingredients,,100,Calculation on the basis of ingredients,,140,Calculation on the basis of ingredients,,140,Calculation on the basis of ingredients,,270,Calculation on the basis of ingredients,,3.8,Calculation on the basis of ingredients,,2.3,Calculation on the basis of ingredients,,3.3,Calculation on the basis of ingredients,,n.d.,,,Nein
1021,4257,,"Brussel sprouts, steamed (without addition of salt)",,Vegetables/Cooked vegetables (incl. cans),,per 100g edible portion,173,Automated calculation,,41,Automated calculation,,0.5,Calculation on the basis of ingredients,,0.1,Calculation on the basis of ingredients,,0.1,Calculation on the basis of ingredients,,0.2,Calculation on the basis of ingredients,,0,Calculation on the basis of ingredients,,3.4,Calculation on the basis of ingredients,,2.8,Calculation on the basis of ingredients,,0.6,Calculation on the basis of ingredients,,4.1,Calculation on the basis of ingredients,,3.8,Calculation on the basis of ingredients,,0,Automated calculation,,0,Calculation on the basis of ingredients,,88.2,Automated calculation,,22,Automated calculation,,11,Automated calculation,,0,Calculation on the basis of ingredients,,135,Calculation on the basis of ingredients,,121,Calculation on the basis of ingredients,,0.11,Calculation on the basis of ingredients,,0.11,Calculation on the basis of ingredients,,0.23,Calculation on the basis of ingredients,,0,Calculation on the basis of ingredients,,0.54,Calculation on the basis of ingredients,,76.2,Calculation on the basis of ingredients,,0.57,Calculation on the basis of ingredients,,79.3,Calculation on the basis of ingredients,,0,Calculation on the basis of ingredients,,0.87,Calculation on the basis of ingredients,,340,Calculation on the basis of ingredients,,7.4,Calculation on the basis of ingredients,,26,Calculation on the basis of ingredients,,28,Calculation on the basis of ingredients,,20,Calculation on the basis of ingredients,,70,Calculation on the basis of ingredients,,0.8,Calculation on the basis of ingredients,,0.6,Calculation on the basis of ingredients,,0.5,Calculation on the basis of ingredients,,n.d.,,,Ja
363,4099,1000826,"Brussels sprouts, raw",,Vegetables/Fresh vegetables,,per 100g edible portion,180,Automated calculation,,43,Automated calculation,,0.5,-,43,0.1,-,43,0.1,-,43,0.2,-,43,0,-,43,3.5,-,43,2.9,-,43,0.6,-,43,4.3,-,43,4,-,43,0,Automated calculation,,0,-,43,87,-,43,23,Automated calculation,,12,Automated calculation,,0,Estimation,51,140,Estimation,51,140,-,151,0.14,-,43,0.13,-,43,0.28,-,43,0,-,43,0.7,-,43,132,-,43,0.7,-,43,110,-,43,0,-,43,0.9,-,43,410,-,43,9,-,43,28,-,36,31,-,43,23,-,43,77,-,43,1.1,-,43,0.7,-,36,0.5,-,36,n.d.,,,Nein
420,4545,1000892,Buckwheat flour,,"Cereal products, pulses and potatoes/Flour and starch",,per 100g edible portion,1470,Automated calculation,,348,Automated calculation,,2.2,-,1643,0.3,-,1643,0.5,-,1643,0.6,-,1643,0,Estimation,1648,68.4,-,1643,0,-,1643,68.4,-,1643,4.2,-,1643,11.5,-,1643,0,Automated calculation,,0,Estimation,1648,12.1,-,1643,0,Automated calculation,,0,Automated calculation,,0,Estimation,1648,0,-,1652,0,Estimation,1648,0.55,-,1642;1643,0.15,-,1643,0.34,-,1642;1643,0,-,1643,4.75,-,1643,66.8,-,1643,1.53,-,1642;1643,0,-,1652,0,-,1643,0.32,-,1643,390,-,1643,17,-,1643,10,-,1528,24,-,1643,160,-,1643,260,-,1643,2.5,-,1643,2.5,-,1640,2.3,-,1643,n.d.,,,Nein
421,3947,1000893,"Buckwheat, grain peeled",,"Cereal products, pulses and potatoes/Other cereal products",,per 100g edible portion,1470,Automated calculation,,346,Automated calculation,,1.7,-,36,0.4,-,1528,0.6,-,1528,0.6,-,1528,0,-,9,71,-,36,0.4,-,1528,70.6,-,9,3.7,-,36,9.8,-,1640,0,Automated calculation,,0,Estimation,1648,12.8,-,36,2,Automated calculation,,1,Automated calculation,,0,Estimation,1648,13,Estimation,1648,13,-,8,0.37,-,36;1642,0.15,-,36,0.36,-,9;1642,0,-,9,2.9,-,36,50,-,9,1.23,-,36;1642,0,-,9,0,-,9,0.84,-,36,390,-,36,2,-,9,12,-,9,18,-,1640,140,-,9,320,-,1528,3.8,-,1640,0.5,-,9,2.7,-,36,n.d.,,,Nein
1583,,,"Burger patty (beef), pan fried in HOLL rapeseed oil",,Meat and offal/Beef,,per 100g edible portion,855,Automated calculation,,204,Automated calculation,,10.6,Calculation on the basis of ingredients,,3.2,Calculation on the basis of ingredients,,5.6,Calculation on the basis of ingredients,,1,Calculation on the basis of ingredients,,98,Calculation on the basis of ingredients,,6.5,Calculation on the basis of ingredients,,1.6,Calculation on the basis of ingredients,,4.9,Calculation on the basis of ingredients,,0.7,Calculation on the basis of ingredients,,20.3,Calculation on the basis of ingredients,,0.7,Automated calculation,,0,Calculation on the basis of ingredients,,62,Automated calculation,,37,Automated calculation,,30,Automated calculation,,22,Calculation on the basis of ingredients,,91,Calculation on the basis of ingredients,,84,Calculation on the basis of ingredients,,0.07,Calculation on the basis of ingredients,,0.13,Calculation on the basis of ingredients,,0.26,Calculation on the basis of ingredients,,1.41,Calculation on the basis of ingredients,,2.67,Calculation on the basis of ingredients,,14.4,Calculation on the basis of ingredients,,0.45,Calculation on the basis of ingredients,,2.5,Calculation on the basis of ingredients,,0.5,Calculation on the basis of ingredients,,0.98,Calculation on the basis of ingredients,,270,Calculation on the basis of ingredients,,290,Calculation on the basis of ingredients,,410,Calculation on the basis of ingredients,,23,Calculation on the basis of ingredients,,17,Calculation on the basis of ingredients,,160,Calculation on the basis of ingredients,,2.2,Calculation on the basis of ingredients,,6.7,Calculation on the basis of ingredients,,3.9,Calculation on the basis of ingredients,,n.d.,,,Nein
191,4438,822155,"Butter, 40% fat",,Fats and oils/Fats;Milk and dairy products/Cream and butter,0.9,per 100g edible portion,1610,Automated calculation,,391,Automated calculation,,39.8,-,8,24.1,-,8,12,-,8,1.5,-,8,140,-,8,3.5,-,8,3.5,-,8,0,Estimation,51,0,Estimation,51,4.8,Estimation,1662,0.3,Automated calculation,,0,-,8,51.9,-,8,360,Automated calculation,,340,Automated calculation,,320,-,8,240,Estimation,51,240,-,8,0.03,-,8,0.01,-,8,0.02,-,8,0.5,-,8,0.97,-,8,10,-,8,0.35,-,8,0,-,8,1.4,-,8,1,-,8,160,-,8,120,-,32,120,-,32,120,-,8,14,-,8,90,-,8,0,-,8,3.5,-,8,0.4,-,8,n.d.,,,Ja
901,4658,1001574,Butter cake,,Sweets/Cakes and tarts,,per 100g edible portion,1800,Automated calculation,,431,Automated calculation,,24.8,Calculation on the basis of ingredients,,13.7,Calculation on the basis of ingredients,,6.2,Calculation on the basis of ingredients,,1.7,Calculation on the basis of ingredients,,189,Calculation on the basis of ingredients,,44.8,Calculation on the basis of ingredients,,26.7,Calculation on the basis of ingredients,,17.9,Calculation on the basis of ingredients,,0.9,Calculation on the basis of ingredients,,6.7,Calculation on the basis of ingredients,,0.2,Automated calculation,,0,Calculation on the basis of ingredients,,23.1,Automated calculation,,267,Automated calculation,,258,Automated calculation,,250,Calculation on the basis of ingredients,,102,Calculation on the basis of ingredients,,98,Calculation on the basis of ingredients,,0.09,Calculation on the basis of ingredients,,0.11,Calculation on the basis of ingredients,,0.07,Calculation on the basis of ingredients,,0.4,Calculation on the basis of ingredients,,0.23,Calculation on the basis of ingredients,,23.8,Calculation on the basis of ingredients,,0.78,Calculation on the basis of ingredients,,1,Calculation on the basis of ingredients,,1.2,Calculation on the basis of ingredients,,0.63,Calculation on the basis of ingredients,,91,Calculation on the basis of ingredients,,65,Calculation on the basis of ingredients,,98,Calculation on the basis of ingredients,,23,Calculation on the basis of ingredients,,13,Calculation on the basis of ingredients,,98,Calculation on the basis of ingredients,,1,Calculation on the basis of ingredients,,9.6,Calculation on the basis of ingredients,,0.8,Calculation on the basis of ingredients,,n.d.,,,Ja
60,4620,821036,"Butter, cheese dairy",,Fats and oils/Fats;Milk and dairy products/Cream and butter,0.9,per 100g edible portion,3070,Automated calculation,,747,Automated calculation,,82.5,-,182,49.5,-,182,19.4,-,182,3.8,-,182,246,-,182,0.6,Estimation,51,0.5,-,182,0,Estimation,51,0,Estimation,51,0.4,Estimation,1662,0,Automated calculation,,0,Estimation,51,16.5,-,182,856,Automated calculation,,825,Automated calculation,,794,Estimation,51,374,Estimation,51,370,-,98,0,-,182,0.02,-,182,0,-,182,0,-,22,0,-,22,0,-,127,0,-,22,0,-,22,1.3,-,127,2.2,-,182,18,-,182,<10,-,182,11,-,182,12,-,182,1,-,182,18,-,182,0,-,182,0,-,127,<0.2,-,182,n.d.,,,Ja
50,4235,821024,"Butter, clarified",,Fats and oils/Fats;Milk and dairy products/Cream and butter,0.9,per 100g edible portion,3640,Automated calculation,,885,Automated calculation,,98.3,-,182,58.9,-,182,23.1,-,182,4.5,-,182,282,-,182,0,Estimation,51,0,-,182,0,Estimation,51,0,Estimation,51,0.1,Estimation,1662,0,Automated calculation,,0,Estimation,51,1.1,-,182,782,Automated calculation,,766,Automated calculation,,749,Estimation,51,199,Estimation,51,199,-,8,tr.,-,182,tr.,-,182,tr.,-,182,0,-,127,0,-,127,0,-,127,tr.,-,22,0,-,127,1.6,-,127,1.77,-,182,<5,-,182,<10,-,182,<5,-,182,<2,-,182,0,-,182,0,-,182,0,-,182,tr.,-,22,<0.2,-,182,n.d.,,,Ja
836,3702,1001505,"Butter croissant, white",,"Bread, flakes and breakfast cereals/Bread and bread products",,per 100g edible portion,1810,Automated calculation,,432,Automated calculation,,24.2,Calculation on the basis of ingredients,,14.2,Calculation on the basis of ingredients,,5.7,Calculation on the basis of ingredients,,1.5,Calculation on the basis of ingredients,,75,Calculation on the basis of ingredients,,43.5,Calculation on the basis of ingredients,,3.3,Calculation on the basis of ingredients,,39.8,Calculation on the basis of ingredients,,2.6,Calculation on the basis of ingredients,,8.8,Calculation on the basis of ingredients,,1.2,Automated calculation,,0,Calculation on the basis of ingredients,,21.5,Automated calculation,,248,Automated calculation,,239,Automated calculation,,230,Calculation on the basis of ingredients,,107,Calculation on the basis of ingredients,,91,Calculation on the basis of ingredients,,0.12,Calculation on the basis of ingredients,,0.11,Calculation on the basis of ingredients,,0.11,Calculation on the basis of ingredients,,0.11,Calculation on the basis of ingredients,,0.7,Calculation on the basis of ingredients,,21.6,Calculation on the basis of ingredients,,0.38,Calculation on the basis of ingredients,,0.3,Calculation on the basis of ingredients,,0.5,Calculation on the basis of ingredients,,0.59,Calculation on the basis of ingredients,,170,Calculation on the basis of ingredients,,490,Calculation on the basis of ingredients,,770,Calculation on the basis of ingredients,,52,Calculation on the basis of ingredients,,25,Calculation on the basis of ingredients,,120,Calculation on the basis of ingredients,,1,Calculation on the basis of ingredients,,1.9,Calculation on the basis of ingredients,,0.9,Calculation on the basis of ingredients,,n.d.,,,Nein
834,3623,1001503,"Butter croissant, wholemeal",,"Bread, flakes and breakfast cereals/Bread and bread products",,per 100g edible portion,1540,Automated calculation,,368,Automated calculation,,19.7,Calculation on the basis of ingredients,,11.5,Calculation on the basis of ingredients,,4.6,Calculation on the basis of ingredients,,1.3,Calculation on the basis of ingredients,,61,Calculation on the basis of ingredients,,38.7,Calculation on the basis of ingredients,,2.2,Calculation on the basis of ingredients,,36.2,Calculation on the basis of ingredients,,4.2,Calculation on the basis of ingredients,,6.8,Calculation on the basis of ingredients,,1.1,Automated calculation,,0,Calculation on the basis of ingredients,,31.1,Automated calculation,,201,Automated calculation,,194,Automated calculation,,187,Calculation on the basis of ingredients,,87,Calculation on the basis of ingredients,,73,Calculation on the basis of ingredients,,0.12,Calculation on the basis of ingredients,,0.09,Calculation on the basis of ingredients,,0.1,Calculation on the basis of ingredients,,0.05,Calculation on the basis of ingredients,,0.8,Calculation on the basis of ingredients,,22.5,Calculation on the basis of ingredients,,0.34,Calculation on the basis of ingredients,,0,Calculation on the basis of ingredients,,0.3,Calculation on the basis of ingredients,,0.58,Calculation on the basis of ingredients,,160,Calculation on the basis of ingredients,,440,Calculation on the basis of ingredients,,690,Calculation on the basis of ingredients,,15,Calculation on the basis of ingredients,,24,Calculation on the basis of ingredients,,110,Calculation on the basis of ingredients,,1,Calculation on the basis of ingredients,,1.5,Calculation on the basis of ingredients,,1,Calculation on the basis of ingredients,,n.d.,,,Nein
448,4350,1000927,"Butterhead lettuce, raw",,Vegetables/Fresh vegetables,,per 100g edible portion,60,Automated calculation,,14,Automated calculation,,0.2,-,9,0,-,9,0,-,9,0.1,-,9,0,-,9,1.1,-,9,1,-,9,0,-,9,1.6,-,9,1.3,-,9,0,Automated calculation,,0,-,9,95,-,9,188,Automated calculation,,94,Automated calculation,,0,Estimation,51,1129,Estimation,51,1129,Estimation,1530,0.05,-,9;1669,0.08,-,9,0.04,-,9;1669,0,-,9,0.4,-,9,37,-,9,0.12,-,9;1669,6.8,-,9;1669,0,-,22,0.6,-,9,140,-,318,2.3,-,318,57,-,9,31,-,318,7.6,-,318,17,-,318,0.4,-,318,3.3,-,9,0.2,-,318,n.d.,,,Nein
529,4045,1001043,Buttermilk,,Milk and dairy products/Milk and yoghurt beverages,1,per 100ml food volume,145,Automated calculation,,34,Automated calculation,,0.5,-,9,0.3,Estimation,1662,0.1,Estimation,1662,0,Estimation,1662,1,-,1528,4,-,9,4,-,9,0,Estimation,1662,0,Estimation,1662,3.4,-,1640,0.1,Automated calculation,,0,Estimation,1662,90.5,-,1528,10,Automated calculation,,9,Automated calculation,,8,-,1528,9,Estimation,1662,9,-,8,0.03,-,9,0.16,-,9,0.04,-,9,0.2,-,9,0.1,-,9,5,-,1528,0.3,-,1528,0.6,-,1528,0,-,9,0.02,-,9,150,-,1528,57,-,1528,100,-,1528,110,-,1528,16,-,1528,90,-,9,0.1,-,9,7.3,-,1399,0.5,-,9,n.d.,,,Nein
49,4523,821023,Butter of choice,,Fats and oils/Fats;Milk and dairy products/Cream and butter,0.9,per 100g edible portion,3070,Automated calculation,,746,Automated calculation,,82.3,-,182,49.4,-,182,19.3,-,182,3.8,-,182,241,-,182,0.7,Estimation,51,0.6,-,182,0,Estimation,51,0,Estimation,51,0.7,Estimation,1662,0,Automated calculation,,0,Estimation,51,16.4,-,182,874,Automated calculation,,843,Automated calculation,,812,Estimation,51,374,Estimation,51,370,-,98,0,-,182,0.04,-,182;1653,0,-,182,0.04,-,127;1653,0.04,-,127,0,-,127,0.06,-,127;1653,0,-,127,1.1,-,127;1653,1.77,-,182,21,-,182,<10,-,182,13,-,182,18,-,182,1.5,-,182,22,-,182,0,-,182,8,-,127,<0.2,-,182,n.d.,,,Ja
781,4761,1001431,Cabbage sausage,,Sausages and cold meats/Raw sausage products,,per 100g edible portion,1490,Automated calculation,,361,Automated calculation,,32.3,Calculation on the basis of ingredients,,11.7,Calculation on the basis of ingredients,,15,Calculation on the basis of ingredients,,3.6,Calculation on the basis of ingredients,,46,Calculation on the basis of ingredients,,1.5,Calculation on the basis of ingredients,,1.5,Calculation on the basis of ingredients,,0,Calculation on the basis of ingredients,,0.7,Calculation on the basis of ingredients,,15.9,Calculation on the basis of ingredients,,2.5,Automated calculation,,0,Calculation on the basis of ingredients,,49.7,Automated calculation,,7,Automated calculation,,6,Automated calculation,,5,Calculation on the basis of ingredients,,12,Calculation on the basis of ingredients,,12,Calculation on the basis of ingredients,,0.44,Calculation on the basis of ingredients,,0.13,Calculation on the basis of ingredients,,0.27,Calculation on the basis of ingredients,,1.05,Calculation on the basis of ingredients,,2.72,Calculation on the basis of ingredients,,8.6,Calculation on the basis of ingredients,,0.4,Calculation on the basis of ingredients,,70.9,Calculation on the basis of ingredients,,0,Calculation on the basis of ingredients,,0.82,Calculation on the basis of ingredients,,170,Calculation on the basis of ingredients,,990,Calculation on the basis of ingredients,,1470,Calculation on the basis of ingredients,,16,Calculation on the basis of ingredients,,18,Calculation on the basis of ingredients,,73,Calculation on the basis of ingredients,,0.7,Calculation on the basis of ingredients,,1.4,Calculation on the basis of ingredients,,1.1,Calculation on the basis of ingredients,,n.d.,,,Ja
10582,,,"Cabbage vegetables (average), boiled (without addition of salt and fat)",,Vegetables/Cooked vegetables (incl. cans),,per 100g edible portion,123,Automated calculation,,29,Automated calculation,,0.3,Calculation on the basis of ingredients,,0.1,Calculation on the basis of ingredients,,0,Calculation on the basis of ingredients,,0.1,Calculation on the basis of ingredients,,0,Calculation on the basis of ingredients,,3,Calculation on the basis of ingredients,,2.9,Calculation on the basis of ingredients,,0.2,Calculation on the basis of ingredients,,2.7,Calculation on the basis of ingredients,,2.2,Calculation on the basis of ingredients,,0,Automated calculation,,0,Calculation on the basis of ingredients,,91.7,Automated calculation,,18,Automated calculation,,9,Automated calculation,,0,Calculation on the basis of ingredients,,106,Calculation on the basis of ingredients,,97,Calculation on the basis of ingredients,,0.05,Calculation on the basis of ingredients,,0.06,Calculation on the basis of ingredients,,0.14,Calculation on the basis of ingredients,,0,Calculation on the basis of ingredients,,0.56,Calculation on the basis of ingredients,,43.8,Calculation on the basis of ingredients,,0.36,Calculation on the basis of ingredients,,47.2,Calculation on the basis of ingredients,,0,Calculation on the basis of ingredients,,0.96,Calculation on the basis of ingredients,,250,Calculation on the basis of ingredients,,10,Calculation on the basis of ingredients,,41,Calculation on the basis of ingredients,,50,Calculation on the basis of ingredients,,17,Calculation on the basis of ingredients,,47,Calculation on the basis of ingredients,,0.5,Calculation on the basis of ingredients,,3.1,Calculation on the basis of ingredients,,0.3,Calculation on the basis of ingredients,,n.d.,,,Nein
1167,4156,,"Cabbage vegetables (average), raw",,Vegetables/Fresh vegetables,,per 100g edible portion,123,Automated calculation,,29,Automated calculation,,0.3,Calculation on the basis of ingredients,,0.1,Calculation on the basis of ingredients,,0,Calculation on the basis of ingredients,,0.1,Calculation on the basis of ingredients,,0,Calculation on the basis of ingredients,,3,Calculation on the basis of ingredients,,2.9,Calculation on the basis of ingredients,,0.2,Calculation on the basis of ingredients,,2.7,Calculation on the basis of ingredients,,2.2,Calculation on the basis of ingredients,,0,Automated calculation,,0,Calculation on the basis of ingredients,,91.7,Automated calculation,,18,Automated calculation,,9,Automated calculation,,0,Calculation on the basis of ingredients,,106,Calculation on the basis of ingredients,,104,Calculation on the basis of ingredients,,0.07,Calculation on the basis of ingredients,,0.07,Calculation on the basis of ingredients,,0.16,Calculation on the basis of ingredients,,0,Calculation on the basis of ingredients,,0.69,Calculation on the basis of ingredients,,73,Calculation on the basis of ingredients,,0.42,Calculation on the basis of ingredients,,66.5,Calculation on the basis of ingredients,,0,Calculation on the basis of ingredients,,0.98,Calculation on the basis of ingredients,,290,Calculation on the basis of ingredients,,12,Calculation on the basis of ingredients,,44,Calculation on the basis of ingredients,,52,Calculation on the basis of ingredients,,19,Calculation on the basis of ingredients,,50,Calculation on the basis of ingredients,,0.7,Calculation on the basis of ingredients,,3.2,Calculation on the basis of ingredients,,0.3,Calculation on the basis of ingredients,,n.d.,,,Ja
13417,,,"Cake dough, whole (with butter), raw",,"Cereal products, pulses and potatoes/Dough",,per 100g edible portion,1550,Automated calculation,,372,Automated calculation,,21.5,Calculation on the basis of ingredients,,12.4,Calculation on the basis of ingredients,,4.9,Calculation on the basis of ingredients,,1.8,Calculation on the basis of ingredients,,55,Calculation on the basis of ingredients,,33.8,Calculation on the basis of ingredients,,0.7,Calculation on the basis of ingredients,,33.1,Calculation on the basis of ingredients,,6.1,Calculation on the basis of ingredients,,7.6,Calculation on the basis of ingredients,,0.8,Calculation on the basis of ingredients,,0,Calculation on the basis of ingredients,,31.5,Automated calculation,,213,Automated calculation,,205,Automated calculation,,197,Calculation on the basis of ingredients,,96,Calculation on the basis of ingredients,,95,Calculation on the basis of ingredients,,0.26,Calculation on the basis of ingredients,,0.1,Calculation on the basis of ingredients,,0.25,Calculation on the basis of ingredients,,0,Calculation on the basis of ingredients,,2.76,Calculation on the basis of ingredients,,27.6,Calculation on the basis of ingredients,,0.66,Calculation on the basis of ingredients,,0,Calculation on the basis of ingredients,,0.3,Calculation on the basis of ingredients,,1.32,Calculation on the basis of ingredients,,220,Calculation on the basis of ingredients,,340,Calculation on the basis of ingredients,,510,Calculation on the basis of ingredients,,20,Calculation on the basis of ingredients,,72,Calculation on the basis of ingredients,,200,Calculation on the basis of ingredients,,2.8,Calculation on the basis of ingredients,,1.5,Calculation on the basis of ingredients,,1.9,Calculation on the basis of ingredients,,n.d.,,,Ja
13416,,,"Cake dough, whole (with vegetable fat), raw",,"Cereal products, pulses and potatoes/Dough",,per 100g edible portion,1530,Automated calculation,,366,Automated calculation,,21,Calculation on the basis of ingredients,,5.7,Calculation on the basis of ingredients,,9.4,Calculation on the basis of ingredients,,4.3,Calculation on the basis of ingredients,,0,Calculation on the basis of ingredients,,33.8,Calculation on the basis of ingredients,,0.6,Calculation on the basis of ingredients,,33.2,Calculation on the basis of ingredients,,6.1,Calculation on the basis of ingredients,,7.6,Calculation on the basis of ingredients,,0.9,Calculation on the basis of ingredients,,0,Calculation on the basis of ingredients,,32.1,Automated calculation,,214,Automated calculation,,207,Automated calculation,,199,Calculation on the basis of ingredients,,92,Calculation on the basis of ingredients,,92,Calculation on the basis of ingredients,,0.26,Calculation on the basis of ingredients,,0.1,Calculation on the basis of ingredients,,0.25,Calculation on the basis of ingredients,,0.02,Calculation on the basis of ingredients,,2.81,Calculation on the basis of ingredients,,28.1,Calculation on the basis of ingredients,,0.68,Calculation on the basis of ingredients,,0,Calculation on the basis of ingredients,,1.2,Calculation on the basis of ingredients,,5.86,Calculation on the basis of ingredients,,230,Calculation on the basis of ingredients,,350,Calculation on the basis of ingredients,,530,Calculation on the basis of ingredients,,18,Calculation on the basis of ingredients,,72,Calculation on the basis of ingredients,,200,Calculation on the basis of ingredients,,2.8,Calculation on the basis of ingredients,,1.9,Calculation on the basis of ingredients,,1.9,Calculation on the basis of ingredients,,n.d.,,,Ja
1176,4645,,"Cake dough (with butter), raw",,"Cereal products, pulses and potatoes/Dough",,per 100g edible portion,1570,Automated calculation,,375,Automated calculation,,21.2,Calculation on the basis of ingredients,,12.4,Calculation on the basis of ingredients,,4.9,Calculation on the basis of ingredients,,1.3,Calculation on the basis of ingredients,,55,Calculation on the basis of ingredients,,38.5,Calculation on the basis of ingredients,,0.3,Calculation on the basis of ingredients,,37.8,Calculation on the basis of ingredients,,1.8,Calculation on the basis of ingredients,,6.7,Calculation on the basis of ingredients,,0.8,Automated calculation,,0,Calculation on the basis of ingredients,,32.5,Automated calculation,,213,Automated calculation,,205,Automated calculation,,197,Calculation on the basis of ingredients,,93,Calculation on the basis of ingredients,,92,Calculation on the basis of ingredients,,0.12,Calculation on the basis of ingredients,,0.03,Calculation on the basis of ingredients,,0.09,Calculation on the basis of ingredients,,0,Calculation on the basis of ingredients,,0.44,Calculation on the basis of ingredients,,8.8,Calculation on the basis of ingredients,,0.26,Calculation on the basis of ingredients,,0,Calculation on the basis of ingredients,,0.3,Calculation on the basis of ingredients,,0.59,Calculation on the basis of ingredients,,100,Calculation on the basis of ingredients,,330,Calculation on the basis of ingredients,,510,Calculation on the basis of ingredients,,11,Calculation on the basis of ingredients,,19,Calculation on the basis of ingredients,,72,Calculation on the basis of ingredients,,0.8,Calculation on the basis of ingredients,,0.7,Calculation on the basis of ingredients,,0.7,Calculation on the basis of ingredients,,n.d.,,,Ja
906,4233,1001579,"Cake dough (with vegetable fat), raw",,"Cereal products, pulses and potatoes/Dough",,per 100g edible portion,1540,Automated calculation,,370,Automated calculation,,20.6,Calculation on the basis of ingredients,,5.7,Calculation on the basis of ingredients,,9.4,Calculation on the basis of ingredients,,3.9,Calculation on the basis of ingredients,,0,Calculation on the basis of ingredients,,38.4,Calculation on the basis of ingredients,,0.2,Calculation on the basis of ingredients,,37.9,Calculation on the basis of ingredients,,1.8,Calculation on the basis of ingredients,,6.7,Calculation on the basis of ingredients,,0.9,Automated calculation,,0,Calculation on the basis of ingredients,,33.1,Automated calculation,,214,Automated calculation,,206,Automated calculation,,199,Calculation on the basis of ingredients,,90,Calculation on the basis of ingredients,,90,Calculation on the basis of ingredients,,0.12,Calculation on the basis of ingredients,,0.03,Calculation on the basis of ingredients,,0.09,Calculation on the basis of ingredients,,0.02,Calculation on the basis of ingredients,,0.49,Calculation on the basis of ingredients,,9.3,Calculation on the basis of ingredients,,0.29,Calculation on the basis of ingredients,,0,Calculation on the basis of ingredients,,1.2,Calculation on the basis of ingredients,,5.13,Calculation on the basis of ingredients,,110,Calculation on the basis of ingredients,,340,Calculation on the basis of ingredients,,540,Calculation on the basis of ingredients,,10,Calculation on the basis of ingredients,,19,Calculation on the basis of ingredients,,72,Calculation on the basis of ingredients,,0.9,Calculation on the basis of ingredients,,1,Calculation on the basis of ingredients,,0.6,Calculation on the basis of ingredients,,n.d.,,,Ja
877,3705,,Cake financier,,Sweets/Cakes and tarts,,per 100g edible portion,1800,Automated calculation,,431,Automated calculation,,25.5,Calculation on the basis of ingredients,,8,Calculation on the basis of ingredients,,11.5,Calculation on the basis of ingredients,,4.3,Calculation on the basis of ingredients,,31,Calculation on the basis of ingredients,,37.4,Calculation on the basis of ingredients,,29.2,Calculation on the basis of ingredients,,9.3,Calculation on the basis of ingredients,,4,Calculation on the basis of ingredients,,11,Calculation on the basis of ingredients,,0.1,Automated calculation,,0,Calculation on the basis of ingredients,,23.4,Automated calculation,,119,Automated calculation,,115,Automated calculation,,111,Calculation on the basis of ingredients,,52,Calculation on the basis of ingredients,,44,Calculation on the basis of ingredients,,0.07,Calculation on the basis of ingredients,,0.21,Calculation on the basis of ingredients,,0.05,Calculation on the basis of ingredients,,0.02,Calculation on the basis of ingredients,,0.69,Calculation on the basis of ingredients,,15.4,Calculation on the basis of ingredients,,0.19,Calculation on the basis of ingredients,,tr.,Calculation on the basis of ingredients,,0.2,Calculation on the basis of ingredients,,8.46,Calculation on the basis of ingredients,,270,Calculation on the basis of ingredients,,39,Calculation on the basis of ingredients,,59,Calculation on the basis of ingredients,,80,Calculation on the basis of ingredients,,71,Calculation on the basis of ingredients,,150,Calculation on the basis of ingredients,,1.5,Calculation on the basis of ingredients,,2.2,Calculation on the basis of ingredients,,1.8,Calculation on the basis of ingredients,,n.d.,,,Nein
916,4161,1001589,Cake with carrots,,Sweets/Cakes and tarts,,per 100g edible portion,1230,Automated calculation,,296,Automated calculation,,16,Calculation on the basis of ingredients,,1.7,Calculation on the basis of ingredients,,9.3,Calculation on the basis of ingredients,,4.1,Calculation on the basis of ingredients,,121,Calculation on the basis of ingredients,,24.7,Calculation on the basis of ingredients,,19.2,Calculation on the basis of ingredients,,6.5,Calculation on the basis of ingredients,,4.5,Calculation on the basis of ingredients,,11,Calculation on the basis of ingredients,,0.2,Automated calculation,,0,Calculation on the basis of ingredients,,45,Automated calculation,,423,Automated calculation,,231,Automated calculation,,39,Calculation on the basis of ingredients,,2304,Calculation on the basis of ingredients,,1649,Calculation on the basis of ingredients,,0.1,Calculation on the basis of ingredients,,0.2,Calculation on the basis of ingredients,,0.09,Calculation on the basis of ingredients,,0.36,Calculation on the basis of ingredients,,0.79,Calculation on the basis of ingredients,,28.1,Calculation on the basis of ingredients,,0.69,Calculation on the basis of ingredients,,2.1,Calculation on the basis of ingredients,,0.8,Calculation on the basis of ingredients,,8.04,Calculation on the basis of ingredients,,300,Calculation on the basis of ingredients,,62,Calculation on the basis of ingredients,,100,Calculation on the basis of ingredients,,100,Calculation on the basis of ingredients,,71,Calculation on the basis of ingredients,,200,Calculation on the basis of ingredients,,2.2,Calculation on the basis of ingredients,,9.6,Calculation on the basis of ingredients,,2.1,Calculation on the basis of ingredients,,n.d.,,,Ja
10486,,,Calimocho (red wine mixed with cola),,Non-alcoholic beverages/Soft drinks;Alcoholic beverages/Other alcoholic beverages,1,per 100ml food volume,228,Automated calculation,,55,Automated calculation,,0,Calculation on the basis of ingredients,,0,Calculation on the basis of ingredients,,0,Calculation on the basis of ingredients,,0,Calculation on the basis of ingredients,,0,Calculation on the basis of ingredients,,5.2,Calculation on the basis of ingredients,,5.1,Calculation on the basis of ingredients,,0,Calculation on the basis of ingredients,,0,Calculation on the basis of ingredients,,0.1,Calculation on the basis of ingredients,,0,Automated calculation,,4.8,Calculation on the basis of ingredients,,90,Automated calculation,,0,Automated calculation,,0,Automated calculation,,0,Calculation on the basis of ingredients,,0,Calculation on the basis of ingredients,,0,Calculation on the basis of ingredients,,0,Calculation on the basis of ingredients,,0.01,Calculation on the basis of ingredients,,0.01,Calculation on the basis of ingredients,,0,Calculation on the basis of ingredients,,0.05,Calculation on the basis of ingredients,,0,Calculation on the basis of ingredients,,0.05,Calculation on the basis of ingredients,,0,Calculation on the basis of ingredients,,0,Calculation on the basis of ingredients,,0,Calculation on the basis of ingredients,,58,Calculation on the basis of ingredients,,7,Calculation on the basis of ingredients,,10,Calculation on the basis of ingredients,,6.5,Calculation on the basis of ingredients,,8,Calculation on the basis of ingredients,,15,Calculation on the basis of ingredients,,0.5,Calculation on the basis of ingredients,,6,Calculation on the basis of ingredients,,0.1,Calculation on the basis of ingredients,,n.d.,,,Ja
622,4608,1001169,"Camembert, at least 25% fidm",,Milk and dairy products/Soft cheese,,per 100g edible portion,785,Automated calculation,,188,Automated calculation,,10,-,54,6,-,3,2.4,-,3,0.5,-,3,30,-,3,0,Estimation,1408,0,-,22,0,-,22,0,-,22,24.4,-,1660,1.5,Automated calculation,,0,-,22,58.5,-,54,94,Automated calculation,,88,Automated calculation,,82,-,61,74,Estimation,51,74,-,61,0.02,-,3,0.5,-,3;1659,0.17,-,3,1.79,-,9;1659,1.2,-,9,50,-,9,0.66,-,9;1659,tr.,-,22,0.5,-,9;1659,0.19,-,3,130,-,54,600,-,54,1500,-,9,530,-,54,22,-,54,410,-,54,0.3,-,54,20,-,9,3,-,9,n.d.,,,Nein
614,4603,1001158,"Camembert, at least 45% fidm",,Milk and dairy products/Soft cheese,,per 100g edible portion,1230,Automated calculation,,297,Automated calculation,,23.7,-,184,14.2,-,184,5.6,-,184,1.1,-,184,71,-,184,0,Estimation,1408,0,Estimation,1408,0,-,22,0,-,22,20.8,Estimation,1662,2.2,Automated calculation,,0,-,22,52.1,-,184,235,Automated calculation,,218,Automated calculation,,202,Estimation,51,195,Estimation,51,195,-,8,0.02,-,184,0.23,-,184,0.15,-,184,1.8,-,9,1.1,-,9,80,-,9,0.8,-,9,tr.,-,22,0.5,-,9,0.44,-,184,83,-,184,890,-,184,1170,-,184,370,-,184,19,-,184,260,-,184,0.1,-,184,20,-,9,2.2,-,184,n.d.,,,Nein
619,4607,1001166,"Camembert, at least 50% fidm",,Milk and dairy products/Soft cheese,,per 100g edible portion,1470,Automated calculation,,355,Automated calculation,,31.7,-,22,19,-,3,7.5,-,3,1.5,-,3,95,-,3,0,Estimation,1408,0,Estimation,1408,0,-,22,0,-,22,17.1,-,1660,1.2,Automated calculation,,0,-,22,47.6,-,22,150,Automated calculation,,150,Automated calculation,,150,Estimation,1530,0,Estimation,1530,n.d.,,,0.02,-,3,0.71,-,3;1659,0.14,-,3,1.94,-,9;1659,1.1,-,9,75.2,-,9,0.51,-,9;1659,tr.,-,22,0.5,-,9;1659,0.59,-,3,99,-,22,480,-,54,1030,-,9,350,-,22,16,-,22,260,-,22,0.2,-,54,6.8,-,1399,1.6,-,3,n.d.,,,Nein
953,4684,1001631,"Candy, toffee",,"Sweets/Candies, fruits gums and chewing gum",,per 100g edible portion,1490,Automated calculation,,351,Automated calculation,,3.6,-,9,2.2,-,9,1.1,-,9,0.1,-,9,11,-,9,79.3,-,9,79.3,-,9,0,-,9,0,-,9,0.4,-,9,0.3,Automated calculation,,0,-,9,16,-,9,43,Automated calculation,,41,Automated calculation,,39,-,8,21,Estimation,51,21,-,8,0.03,-,9,0.04,-,9,0,-,9,tr.,-,9,0.01,-,9,1,-,9,0.04,-,9,0.1,-,9,0.1,-,9,0.11,-,9,120,-,9,120,-,9,25,-,9,21,-,9,5,-,9,16,-,9,0.8,-,9,1.1,-,9,0.1,-,9,n.d.,,,Nein
1644,,,"Cannelloni filled with meat, prepared",,Prepared dishes/Italian dishes,,per 100g edible portion,807,Automated calculation,,193,Automated calculation,,9.9,Calculation on the basis of ingredients,,5,Calculation on the basis of ingredients,,3.2,Calculation on the basis of ingredients,,0.6,Calculation on the basis of ingredients,,34,Calculation on the basis of ingredients,,14.6,Calculation on the basis of ingredients,,2.6,Calculation on the basis of ingredients,,12,Calculation on the basis of ingredients,,1.8,Calculation on the basis of ingredients,,10.4,Calculation on the basis of ingredients,,0.7,Automated calculation,,0,Calculation on the basis of ingredients,,63.4,Automated calculation,,212,Automated calculation,,143,Automated calculation,,73,Calculation on the basis of ingredients,,833,Calculation on the basis of ingredients,,500,Calculation on the basis of ingredients,,0.03,Calculation on the basis of ingredients,,0.08,Calculation on the basis of ingredients,,0.09,Calculation on the basis of ingredients,,0.31,Calculation on the basis of ingredients,,1.05,Calculation on the basis of ingredients,,9.2,Calculation on the basis of ingredients,,0.24,Calculation on the basis of ingredients,,3.1,Calculation on the basis of ingredients,,0.2,Calculation on the basis of ingredients,,0.95,Calculation on the basis of ingredients,,200,Calculation on the basis of ingredients,,290,Calculation on the basis of ingredients,,520,Calculation on the basis of ingredients,,96,Calculation on the basis of ingredients,,20,Calculation on the basis of ingredients,,120,Calculation on the basis of ingredients,,1,Calculation on the basis of ingredients,,4.7,Calculation on the basis of ingredients,,1.7,Calculation on the basis of ingredients,,n.d.,,,Ja
1646,,,"Cannelloni filled with spinach and ricotta, prepared",,Prepared dishes/Italian dishes,,per 100g edible portion,924,Automated calculation,,222,Automated calculation,,13.7,Calculation on the basis of ingredients,,7.7,Calculation on the basis of ingredients,,3.6,Calculation on the basis of ingredients,,0.8,Calculation on the basis of ingredients,,38,Calculation on the basis of ingredients,,15.2,Calculation on the basis of ingredients,,1.8,Calculation on the basis of ingredients,,13.2,Calculation on the basis of ingredients,,1.7,Calculation on the basis of ingredients,,8.6,Calculation on the basis of ingredients,,0.9,Automated calculation,,0,Calculation on the basis of ingredients,,60.9,Automated calculation,,289,Automated calculation,,211,Automated calculation,,132,Calculation on the basis of ingredients,,945,Calculation on the basis of ingredients,,836,Calculation on the basis of ingredients,,0.03,Calculation on the basis of ingredients,,0.18,Calculation on the basis of ingredients,,0.08,Calculation on the basis of ingredients,,0.26,Calculation on the basis of ingredients,,0.6,Calculation on the basis of ingredients,,16.9,Calculation on the basis of ingredients,,0.23,Calculation on the basis of ingredients,,4.8,Calculation on the basis of ingredients,,0.2,Calculation on the basis of ingredients,,1.1,Calculation on the basis of ingredients,,230,Calculation on the basis of ingredients,,340,Calculation on the basis of ingredients,,590,Calculation on the basis of ingredients,,200,Calculation on the basis of ingredients,,33,Calculation on the basis of ingredients,,160,Calculation on the basis of ingredients,,1.1,Calculation on the basis of ingredients,,11,Calculation on the basis of ingredients,,1,Calculation on the basis of ingredients,,n.d.,,,Ja
1121,3673,,"Cappuccino (without chocolate powder), no sugar added",,Milk and dairy products/Milk and yoghurt beverages;Non-alcoholic beverages/Coffee,0.88,per 100ml food volume,155,Automated calculation,,37,Automated calculation,,2.2,Calculation on the basis of ingredients,,1.3,Calculation on the basis of ingredients,,0.5,Calculation on the basis of ingredients,,0.1,Calculation on the basis of ingredients,,8,Calculation on the basis of ingredients,,2.6,Calculation on the basis of ingredients,,2.5,Calculation on the basis of ingredients,,0,Calculation on the basis of ingredients,,0,Calculation on the basis of ingredients,,1.7,Calculation on the basis of ingredients,,0.1,Automated calculation,,0,Calculation on the basis of ingredients,,93.4,Automated calculation,,25,Automated calculation,,25,Automated calculation,,24,Calculation on the basis of ingredients,,10,Calculation on the basis of ingredients,,10,Calculation on the basis of ingredients,,0.01,Calculation on the basis of ingredients,,0.12,Calculation on the basis of ingredients,,0.02,Calculation on the basis of ingredients,,0.09,Calculation on the basis of ingredients,,0.11,Calculation on the basis of ingredients,,2.3,Calculation on the basis of ingredients,,0.2,Calculation on the basis of ingredients,,0.5,Calculation on the basis of ingredients,,0,Calculation on the basis of ingredients,,0.07,Calculation on the basis of ingredients,,93,Calculation on the basis of ingredients,,21,Calculation on the basis of ingredients,,52,Calculation on the basis of ingredients,,67,Calculation on the basis of ingredients,,6.6,Calculation on the basis of ingredients,,50,Calculation on the basis of ingredients,,0,Calculation on the basis of ingredients,,5.2,Calculation on the basis of ingredients,,0.2,Calculation on the basis of ingredients,,n.d.,,,Ja
1692,,,"Capuns, prepared",,Prepared dishes/Other savoury dishes,,per 100g edible portion,702,Automated calculation,,168,Automated calculation,,10.4,Calculation on the basis of ingredients,,5.2,Calculation on the basis of ingredients,,3.2,Calculation on the basis of ingredients,,0.8,Calculation on the basis of ingredients,,68,Calculation on the basis of ingredients,,10.1,Calculation on the basis of ingredients,,1.1,Calculation on the basis of ingredients,,8.9,Calculation on the basis of ingredients,,1,Calculation on the basis of ingredients,,8.1,Calculation on the basis of ingredients,,1,Automated calculation,,0,Calculation on the basis of ingredients,,70.5,Automated calculation,,188,Automated calculation,,133,Automated calculation,,77,Calculation on the basis of ingredients,,668,Calculation on the basis of ingredients,,554,Calculation on the basis of ingredients,,0.09,Calculation on the basis of ingredients,,0.1,Calculation on the basis of ingredients,,0.09,Calculation on the basis of ingredients,,0.6,Calculation on the basis of ingredients,,1.46,Calculation on the basis of ingredients,,18.1,Calculation on the basis of ingredients,,0.51,Calculation on the basis of ingredients,,3.9,Calculation on the basis of ingredients,,0.4,Calculation on the basis of ingredients,,0.57,Calculation on the basis of ingredients,,170,Calculation on the basis of ingredients,,380,Calculation on the basis of ingredients,,550,Calculation on the basis of ingredients,,43,Calculation on the basis of ingredients,,15,Calculation on the basis of ingredients,,86,Calculation on the basis of ingredients,,1,Calculation on the basis of ingredients,,6.7,Calculation on the basis of ingredients,,1,Calculation on the basis of ingredients,,n.d.,,,Ja
566,3600,1001087,Carrot juice,,Non-alcoholic beverages/Fruit and vegetable juices;Vegetables/Vegetable juices,1.1,per 100ml food volume,138,Automated calculation,,33,Automated calculation,,0.1,-,43,tr.,-,43,tr.,-,43,tr.,-,43,0,Estimation,51,6.8,-,43,4.8,-,36,tr.,-,43,0.9,-,43,0.7,-,43,0.1,Automated calculation,,0,-,43,90.6,-,43,1028,Automated calculation,,514,Automated calculation,,0,Estimation,51,6169,Estimation,51,4578,-,122,0.06,-,43,0.06,-,43,0.2,-,43,0,-,43,0.4,-,43,4,-,43,0.23,-,43,7,-,43,0,-,43,0.56,-,43,270,-,43,35,-,43,420,-,9,24,-,43,13,-,43,39,-,43,0.5,-,43,15,-,9,0.1,-,5,n.d.,,,Ja
355,3830,1000816,"Carrot, raw",,Vegetables/Fresh vegetables,,per 100g edible portion,158,Automated calculation,,38,Automated calculation,,0.3,-,43,0.1,-,43,0,-,43,0.1,-,43,0,-,43,6.6,-,43,6.4,-,43,0.2,-,43,2.6,-,43,0.8,-,43,0.1,Automated calculation,,0,-,43,89.2,-,43,1465,Automated calculation,,733,Automated calculation,,0,Estimation,51,8792,-,51;1662,6999,-,319;1669;1696,0.04,-,43;1669;1696,0.05,-,43,0.08,-,43;1669;1696,0,-,43,0.6,-,43,30,-,43,0.34,-,43;1669;1696,3.7,-,43;1669;1696,0,-,43,0.5,-,43,160,-,318,28,-,318,59,-,36,31,-,318,8.4,-,318,26,-,318,0.2,-,318,1.6,-,36,0.1,-,318,n.d.,,,Nein
1002,4253,,"Carrot, steamed (without addition of salt)",,Vegetables/Cooked vegetables (incl. cans),,per 100g edible portion,175,Automated calculation,,42,Automated calculation,,0.3,Calculation on the basis of ingredients,,0.1,Calculation on the basis of ingredients,,0,Calculation on the basis of ingredients,,0.1,Calculation on the basis of ingredients,,0,Calculation on the basis of ingredients,,7.3,Calculation on the basis of ingredients,,7.1,Calculation on the basis of ingredients,,0.2,Calculation on the basis of ingredients,,2.9,Calculation on the basis of ingredients,,0.9,Calculation on the basis of ingredients,,0.1,Automated calculation,,0,Calculation on the basis of ingredients,,88.6,Automated calculation,,1628,Automated calculation,,814,Automated calculation,,0,Calculation on the basis of ingredients,,9769,Calculation on the basis of ingredients,,6999,Calculation on the basis of ingredients,,0.04,Calculation on the basis of ingredients,,0.05,Calculation on the basis of ingredients,,0.08,Calculation on the basis of ingredients,,0,Calculation on the basis of ingredients,,0.53,Calculation on the basis of ingredients,,20,Calculation on the basis of ingredients,,0.32,Calculation on the basis of ingredients,,3.3,Calculation on the basis of ingredients,,0,Calculation on the basis of ingredients,,0.56,Calculation on the basis of ingredients,,150,Calculation on the basis of ingredients,,25,Calculation on the basis of ingredients,,62,Calculation on the basis of ingredients,,33,Calculation on the basis of ingredients,,8,Calculation on the basis of ingredients,,28,Calculation on the basis of ingredients,,0.2,Calculation on the basis of ingredients,,1.7,Calculation on the basis of ingredients,,0.1,Calculation on the basis of ingredients,,n.d.,,,Ja
275,4126,841008,Cashew nut,,"Nuts, seeds and oleaginous fruit",,per 100g edible portion,2520,Automated calculation,,606,Automated calculation,,45.2,-,103,7.8,-,156,23.8,-,156,7.8,-,156,0,-,156,26.6,Estimation,1003,5.9,-,156,23.5,-,156,3.6,-,72,21.5,Estimation,1662,0,Automated calculation,,0,Estimation,51,5.2,-,1002,0,Automated calculation,,0,Automated calculation,,0,Estimation,51,0,Estimation,51,0,-,103,0.42,-,156,0.06,-,156,0.42,-,156,0,-,156,1.1,-,156,25,-,156,0.86,-,156,0.5,-,156,0,-,8,6.33,-,51,660,-,156;1542,9.2,-,156;1542,18,-,8,40,-,156;1542,270,-,156;1542,540,-,156;1542,5.2,-,71;1542,10,-,8,4,-,71,n.d.,,,Nein
350,4367,1000811,"Cauliflower, raw",,Vegetables/Fresh vegetables,,per 100g edible portion,110,Automated calculation,,26,Automated calculation,,0.3,-,43,0.1,-,43,0,-,43,0.2,-,43,0,-,43,2.3,-,43,2,-,43,0.3,-,43,2.4,-,43,2.4,-,43,0,Automated calculation,,0,-,43,91.9,-,43,0,Automated calculation,,0,Automated calculation,,0,Estimation,51,2,Estimation,51,2,-,87,0.06,-,43;1669,0.08,-,43,0.15,-,43;1669,0,-,43,0.6,-,43,83,-,43,0.74,-,43;1669,59.9,-,43;1669,0,-,43,0.2,-,43,320,-,43,14,-,43,19,-,36,20,-,43,15,-,43,48,-,43,0.5,-,43,0.6,-,36,0.3,-,36,n.d.,,,Nein
1004,4252,,"Cauliflower, steamed (without addition of salt)",,Vegetables/Cooked vegetables (incl. cans),,per 100g edible portion,116,Automated calculation,,28,Automated calculation,,0.3,Calculation on the basis of ingredients,,0.1,Calculation on the basis of ingredients,,0,Calculation on the basis of ingredients,,0.2,Calculation on the basis of ingredients,,0,Calculation on the basis of ingredients,,2.4,Calculation on the basis of ingredients,,2.1,Calculation on the basis of ingredients,,0.3,Calculation on the basis of ingredients,,2.5,Calculation on the basis of ingredients,,2.5,Calculation on the basis of ingredients,,0,Automated calculation,,0,Calculation on the basis of ingredients,,92.2,Automated calculation,,0,Automated calculation,,0,Automated calculation,,0,Calculation on the basis of ingredients,,2,Calculation on the basis of ingredients,,2,Calculation on the basis of ingredients,,0.05,Calculation on the basis of ingredients,,0.08,Calculation on the basis of ingredients,,0.13,Calculation on the basis of ingredients,,0,Calculation on the basis of ingredients,,0.51,Calculation on the basis of ingredients,,52.4,Calculation on the basis of ingredients,,0.67,Calculation on the basis of ingredients,,47.3,Calculation on the basis of ingredients,,0,Calculation on the basis of ingredients,,0.21,Calculation on the basis of ingredients,,290,Calculation on the basis of ingredients,,13,Calculation on the basis of ingredients,,19,Calculation on the basis of ingredients,,20,Calculation on the basis of ingredients,,14,Calculation on the basis of ingredients,,48,Calculation on the basis of ingredients,,0.4,Calculation on the basis of ingredients,,0.6,Calculation on the basis of ingredients,,0.3,Calculation on the basis of ingredients,,n.d.,,,Ja
1660,,,"Celeriac piccata, prepared",,Prepared dishes/Other savoury dishes,,per 100g edible portion,668,Automated calculation,,161,Automated calculation,,11.6,Calculation on the basis of ingredients,,4.4,Calculation on the basis of ingredients,,4.7,Calculation on the basis of ingredients,,1.2,Calculation on the basis of ingredients,,87,Calculation on the basis of ingredients,,6.8,Calculation on the basis of ingredients,,2,Calculation on the basis of ingredients,,4.7,Calculation on the basis of ingredients,,4.3,Calculation on the basis of ingredients,,5.2,Calculation on the basis of ingredients,,0.8,Automated calculation,,0,Calculation on the basis of ingredients,,72.1,Automated calculation,,100,Automated calculation,,93,Automated calculation,,87,Calculation on the basis of ingredients,,80,Calculation on the basis of ingredients,,66,Calculation on the basis of ingredients,,0.05,Calculation on the basis of ingredients,,0.11,Calculation on the basis of ingredients,,0.13,Calculation on the basis of ingredients,,0.31,Calculation on the basis of ingredients,,0.56,Calculation on the basis of ingredients,,21.8,Calculation on the basis of ingredients,,0.66,Calculation on the basis of ingredients,,4.5,Calculation on the basis of ingredients,,0.5,Calculation on the basis of ingredients,,0.67,Calculation on the basis of ingredients,,270,Calculation on the basis of ingredients,,310,Calculation on the basis of ingredients,,490,Calculation on the basis of ingredients,,97,Calculation on the basis of ingredients,,13,Calculation on the basis of ingredients,,120,Calculation on the basis of ingredients,,0.8,Calculation on the basis of ingredients,,9.6,Calculation on the basis of ingredients,,0.8,Calculation on the basis of ingredients,,n.d.,,,Ja
357,3828,1000820,"Celeriac, raw",,Vegetables/Fresh vegetables,,per 100g edible portion,118,Automated calculation,,28,Automated calculation,,0.3,-,43,tr.,-,36,tr.,-,36,0.2,-,36,0,-,43,2.4,-,43,1.9,-,43,0.5,-,43,5,-,43,1.5,-,43,0.3,Automated calculation,,0,-,43,90,-,43,11,Automated calculation,,5,Automated calculation,,0,Estimation,51,65,Estimation,51,65,-,131,0.05,-,43,0.06,-,43,0.17,-,43,0,-,43,0.8,-,43,40,-,43,0.5,-,43,8,-,43,0,-,43,0.36,-,43,320,-,43,100,-,43,150,-,36,43,-,43,12,-,43,63,-,43,0.7,-,43,2.5,-,36,0.4,-,36,n.d.,,,Nein
1655,,,"Celeriac slices, breaded, prepared",,Vegetables/Cooked vegetables (incl. cans),,per 100g edible portion,578,Automated calculation,,138,Automated calculation,,5.8,Calculation on the basis of ingredients,,0.7,Calculation on the basis of ingredients,,3.5,Calculation on the basis of ingredients,,1,Calculation on the basis of ingredients,,58,Calculation on the basis of ingredients,,14.1,Calculation on the basis of ingredients,,2.2,Calculation on the basis of ingredients,,11.8,Calculation on the basis of ingredients,,5.3,Calculation on the basis of ingredients,,4.9,Calculation on the basis of ingredients,,0.8,Automated calculation,,0,Calculation on the basis of ingredients,,70.2,Automated calculation,,29,Automated calculation,,24,Automated calculation,,19,Calculation on the basis of ingredients,,62,Calculation on the basis of ingredients,,49,Calculation on the basis of ingredients,,0.07,Calculation on the basis of ingredients,,0.09,Calculation on the basis of ingredients,,0.14,Calculation on the basis of ingredients,,0.17,Calculation on the basis of ingredients,,0.68,Calculation on the basis of ingredients,,24.5,Calculation on the basis of ingredients,,0.64,Calculation on the basis of ingredients,,5,Calculation on the basis of ingredients,,0.4,Calculation on the basis of ingredients,,0.67,Calculation on the basis of ingredients,,290,Calculation on the basis of ingredients,,310,Calculation on the basis of ingredients,,500,Calculation on the basis of ingredients,,50,Calculation on the basis of ingredients,,14,Calculation on the basis of ingredients,,96,Calculation on the basis of ingredients,,0.9,Calculation on the basis of ingredients,,6.8,Calculation on the basis of ingredients,,0.6,Calculation on the basis of ingredients,,n.d.,,,Ja
1013,4248,,"Celeriac, steamed",,Vegetables/Cooked vegetables (incl. cans),,per 100g edible portion,126,Automated calculation,,30,Automated calculation,,0.3,Calculation on the basis of ingredients,,0,Calculation on the basis of ingredients,,0,Calculation on the basis of ingredients,,0.2,Calculation on the basis of ingredients,,0,Calculation on the basis of ingredients,,2.6,Calculation on the basis of ingredients,,2,Calculation on the basis of ingredients,,0.5,Calculation on the basis of ingredients,,5.3,Calculation on the basis of ingredients,,1.6,Calculation on the basis of ingredients,,0.2,Automated calculation,,0,Calculation on the basis of ingredients,,90.2,Automated calculation,,12,Automated calculation,,6,Automated calculation,,0,Calculation on the basis of ingredients,,69,Calculation on the basis of ingredients,,62,Calculation on the basis of ingredients,,0.04,Calculation on the basis of ingredients,,0.06,Calculation on the basis of ingredients,,0.15,Calculation on the basis of ingredients,,0,Calculation on the basis of ingredients,,0.68,Calculation on the basis of ingredients,,25.5,Calculation on the basis of ingredients,,0.45,Calculation on the basis of ingredients,,6.8,Calculation on the basis of ingredients,,0,Calculation on the basis of ingredients,,0.38,Calculation on the basis of ingredients,,290,Calculation on the basis of ingredients,,85,Calculation on the basis of ingredients,,150,Calculation on the basis of ingredients,,43,Calculation on the basis of ingredients,,11,Calculation on the basis of ingredients,,64,Calculation on the basis of ingredients,,0.6,Calculation on the basis of ingredients,,2.5,Calculation on the basis of ingredients,,0.4,Calculation on the basis of ingredients,,n.d.,,,Ja
366,3834,1000829,"Celery, raw",,Vegetables/Fresh vegetables,,per 100g edible portion,61,Automated calculation,,15,Automated calculation,,0.1,-,43,tr.,-,43,tr.,-,43,tr.,-,43,0,-,43,1.5,-,43,1.5,-,43,0,-,43,2,-,43,0.9,-,43,0.3,Automated calculation,,0,-,43,94.4,-,43,95,Automated calculation,,48,Automated calculation,,0,Estimation,51,570,Estimation,51,570,-,131,0.05,-,43,0.04,-,43,0.07,-,43,0,-,43,0.4,-,43,18,-,43,0.4,-,43,8,-,43,0,-,43,0.2,-,43,310,-,43,110,-,43,130,-,9,52,-,43,14,-,43,32,-,43,0.5,-,43,1,-,36,0.1,-,36,n.d.,,,Nein
1026,4255,,"Celery, steamed (without addition of salt)",,Vegetables/Cooked vegetables (incl. cans),,per 100g edible portion,64,Automated calculation,,15,Automated calculation,,0.1,Calculation on the basis of ingredients,,0,Calculation on the basis of ingredients,,0,Calculation on the basis of ingredients,,0,Calculation on the basis of ingredients,,0,Calculation on the basis of ingredients,,1.6,Calculation on the basis of ingredients,,1.6,Calculation on the basis of ingredients,,0,Calculation on the basis of ingredients,,2.1,Calculation on the basis of ingredients,,1,Calculation on the basis of ingredients,,0.2,Automated calculation,,0,Calculation on the basis of ingredients,,95.2,Automated calculation,,101,Automated calculation,,51,Automated calculation,,0,Calculation on the basis of ingredients,,606,Calculation on the basis of ingredients,,546,Calculation on the basis of ingredients,,0.04,Calculation on the basis of ingredients,,0.04,Calculation on the basis of ingredients,,0.06,Calculation on the basis of ingredients,,0,Calculation on the basis of ingredients,,0.34,Calculation on the basis of ingredients,,11.5,Calculation on the basis of ingredients,,0.36,Calculation on the basis of ingredients,,6.4,Calculation on the basis of ingredients,,0,Calculation on the basis of ingredients,,0.21,Calculation on the basis of ingredients,,280,Calculation on the basis of ingredients,,99,Calculation on the basis of ingredients,,130,Calculation on the basis of ingredients,,53,Calculation on the basis of ingredients,,13,Calculation on the basis of ingredients,,32,Calculation on the basis of ingredients,,0.4,Calculation on the basis of ingredients,,1,Calculation on the basis of ingredients,,0.1,Calculation on the basis of ingredients,,n.d.,,,Ja
1696,,,Cereal flakes (average),,"Bread, flakes and breakfast cereals/Flakes, bran and germs",,per 100g edible portion,1470,Automated calculation,,348,Automated calculation,,3.2,Calculation on the basis of ingredients,,0.6,Calculation on the basis of ingredients,,0.9,Calculation on the basis of ingredients,,1.4,Calculation on the basis of ingredients,,0,Calculation on the basis of ingredients,,64,Calculation on the basis of ingredients,,1.5,Calculation on the basis of ingredients,,62,Calculation on the basis of ingredients,,9.7,Calculation on the basis of ingredients,,10.8,Calculation on the basis of ingredients,,0,Automated calculation,,0,Calculation on the basis of ingredients,,12.9,Automated calculation,,1,Automated calculation,,0,Automated calculation,,0,Calculation on the basis of ingredients,,4,Calculation on the basis of ingredients,,4,Calculation on the basis of ingredients,,0.32,Calculation on the basis of ingredients,,0.1,Calculation on the basis of ingredients,,0.27,Calculation on the basis of ingredients,,0,Calculation on the basis of ingredients,,2.78,Calculation on the basis of ingredients,,38.4,Calculation on the basis of ingredients,,0.71,Calculation on the basis of ingredients,,0,Calculation on the basis of ingredients,,0,Calculation on the basis of ingredients,,0.55,Calculation on the basis of ingredients,,250,Calculation on the basis of ingredients,,7.4,Calculation on the basis of ingredients,,34,Calculation on the basis of ingredients,,26,Calculation on the basis of ingredients,,94,Calculation on the basis of ingredients,,280,Calculation on the basis of ingredients,,3.6,Calculation on the basis of ingredients,,2.3,Calculation on the basis of ingredients,,2.2,Calculation on the basis of ingredients,,n.d.,,,Ja
1081,4306,,Cervelat (Swiss sausage),,Sausages and cold meats/Boiled sausage products,,per 100g edible portion,1030,Automated calculation,,249,Automated calculation,,21.5,-,1032,8.2,-,1032,9.7,-,1032,1.7,-,1032,51,-,1032,0.5,-,1032,0.5,-,1011,0,Estimation,1003,0,Estimation,1003,13.4,-,1032,2.1,Automated calculation,,0,Estimation,1003,61.8,-,1032,2,Automated calculation,,2,Automated calculation,,2,-,1003;1662;1690,2,Estimation,,2,Estimation,,0.33,-,1032;1673;1690,0.12,-,1032;1673;1690,0.09,-,1032;1673;1690,0.7,-,1032,3.05,-,1032;1673;1690,0.9,Estimation,,0.4,-,1032,37.3,-,1032,0.7,-,1032,tr.,-,1032,190,-,1032,840,-,1032,1140,-,1032,11,-,1032,13,-,1032,190,-,1032,0.8,-,1032,0.4,Estimation,,1.6,-,1032,6.8,-,1032,Nein
376,4745,1000839,"Chanterelle, raw",,Vegetables/Mushrooms,,per 100g edible portion,98,Automated calculation,,24,Automated calculation,,0.5,-,43,0.1,-,9,0,-,9,0.3,-,9,0,-,43,0.2,-,43,0.2,-,43,0,-,43,4.7,-,43,2.3,-,1660,0,Automated calculation,,0,-,43,91.5,-,43,96,Automated calculation,,48,Automated calculation,,0,Estimation,51,577,Estimation,51,577,-,66,0.02,-,43,0.23,-,43,0.04,-,9,0,-,43,6.5,-,43,25,-,9,2.5,-,9,6,-,43,2.1,-,43,0.1,-,9,510,-,43,3,-,43,30,-,9,8,-,43,14,-,43,44,-,43,6.5,-,43,3,-,9,0.6,-,9,n.d.,,,Nein
1038,4704,,"Chanterelle, stewed (without addition of fat and salt)",,Vegetables/Mushrooms,,per 100g edible portion,120,Automated calculation,,29,Automated calculation,,0.6,Calculation on the basis of ingredients,,0.1,Calculation on the basis of ingredients,,0,Calculation on the basis of ingredients,,0.4,Calculation on the basis of ingredients,,0,Calculation on the basis of ingredients,,0.2,Calculation on the basis of ingredients,,0.2,Calculation on the basis of ingredients,,0,Calculation on the basis of ingredients,,5.7,Calculation on the basis of ingredients,,2.8,Calculation on the basis of ingredients,,0,Automated calculation,,0,Calculation on the basis of ingredients,,91.5,Automated calculation,,117,Automated calculation,,59,Automated calculation,,0,Calculation on the basis of ingredients,,704,Calculation on the basis of ingredients,,704,Calculation on the basis of ingredients,,0.02,Calculation on the basis of ingredients,,0.23,Calculation on the basis of ingredients,,0.04,Calculation on the basis of ingredients,,0,Calculation on the basis of ingredients,,6.34,Calculation on the basis of ingredients,,18.3,Calculation on the basis of ingredients,,2.5,Calculation on the basis of ingredients,,5.3,Calculation on the basis of ingredients,,2.6,Calculation on the basis of ingredients,,0.12,Calculation on the basis of ingredients,,480,Calculation on the basis of ingredients,,3.2,Calculation on the basis of ingredients,,35,Calculation on the basis of ingredients,,9.5,Calculation on the basis of ingredients,,14,Calculation on the basis of ingredients,,51,Calculation on the basis of ingredients,,6.7,Calculation on the basis of ingredients,,3.5,Calculation on the basis of ingredients,,0.6,Calculation on the basis of ingredients,,n.d.,,,Ja
1569,,,"Cheese and sausage salad, prepared",,Prepared dishes/Salads,,per 100g edible portion,1080,Automated calculation,,262,Automated calculation,,22.6,Calculation on the basis of ingredients,,9.4,Calculation on the basis of ingredients,,9,Calculation on the basis of ingredients,,2.3,Calculation on the basis of ingredients,,45,Calculation on the basis of ingredients,,0.7,Calculation on the basis of ingredients,,0.6,Calculation on the basis of ingredients,,0,Calculation on the basis of ingredients,,0.2,Calculation on the basis of ingredients,,13.8,Calculation on the basis of ingredients,,1.4,Automated calculation,,0,Calculation on the basis of ingredients,,62.5,Automated calculation,,99,Automated calculation,,88,Automated calculation,,77,Calculation on the basis of ingredients,,130,Calculation on the basis of ingredients,,128,Calculation on the basis of ingredients,,0.15,Calculation on the basis of ingredients,,0.14,Calculation on the basis of ingredients,,0.08,Calculation on the basis of ingredients,,0.76,Calculation on the basis of ingredients,,1.43,Calculation on the basis of ingredients,,7.7,Calculation on the basis of ingredients,,0.27,Calculation on the basis of ingredients,,18.7,Calculation on the basis of ingredients,,0.4,Calculation on the basis of ingredients,,1.62,Calculation on the basis of ingredients,,130,Calculation on the basis of ingredients,,560,Calculation on the basis of ingredients,,620,Calculation on the basis of ingredients,,290,Calculation on the basis of ingredients,,18,Calculation on the basis of ingredients,,260,Calculation on the basis of ingredients,,0.7,Calculation on the basis of ingredients,,6.2,Calculation on the basis of ingredients,,2,Calculation on the basis of ingredients,,n.d.,,,Ja
1601,,,"Cheese bread slices, prepared",,Prepared dishes/Other savoury dishes,,per 100g edible portion,1130,Automated calculation,,270,Automated calculation,,11.5,Calculation on the basis of ingredients,,6.2,Calculation on the basis of ingredients,,2.8,Calculation on the basis of ingredients,,1,Calculation on the basis of ingredients,,86,Calculation on the basis of ingredients,,26,Calculation on the basis of ingredients,,1,Calculation on the basis of ingredients,,24.8,Calculation on the basis of ingredients,,2.3,Calculation on the basis of ingredients,,14.6,Calculation on the basis of ingredients,,1.4,Automated calculation,,0,Calculation on the basis of ingredients,,45.9,Automated calculation,,113,Automated calculation,,109,Automated calculation,,106,Calculation on the basis of ingredients,,44,Calculation on the basis of ingredients,,n.d.,,,0.11,Calculation on the basis of ingredients,,0.18,Calculation on the basis of ingredients,,0.07,Calculation on the basis of ingredients,,0.59,Calculation on the basis of ingredients,,0.67,Calculation on the basis of ingredients,,12,Calculation on the basis of ingredients,,0.5,Calculation on the basis of ingredients,,0.1,Calculation on the basis of ingredients,,0.6,Calculation on the basis of ingredients,,0.38,Calculation on the basis of ingredients,,150,Calculation on the basis of ingredients,,560,Calculation on the basis of ingredients,,940,Calculation on the basis of ingredients,,310,Calculation on the basis of ingredients,,34,Calculation on the basis of ingredients,,290,Calculation on the basis of ingredients,,1.2,Calculation on the basis of ingredients,,15,Calculation on the basis of ingredients,,2,Calculation on the basis of ingredients,,n.d.,,,Nein
1196,4695,,Cheese grated,,Milk and dairy products/Hard cheese,,per 100g edible portion,1620,Automated calculation,,390,Automated calculation,,29.4,Calculation on the basis of ingredients,,17.7,Calculation on the basis of ingredients,,6.9,Calculation on the basis of ingredients,,1.4,Calculation on the basis of ingredients,,89,Calculation on the basis of ingredients,,0,Calculation on the basis of ingredients,,0,Calculation on the basis of ingredients,,0,Calculation on the basis of ingredients,,0,Calculation on the basis of ingredients,,31.5,Calculation on the basis of ingredients,,1.7,Automated calculation,,0,Calculation on the basis of ingredients,,38.5,Automated calculation,,298,Automated calculation,,288,Automated calculation,,278,Calculation on the basis of ingredients,,118,Calculation on the basis of ingredients,,118,Calculation on the basis of ingredients,,0.01,Calculation on the basis of ingredients,,0.34,Calculation on the basis of ingredients,,0.1,Calculation on the basis of ingredients,,1.91,Calculation on the basis of ingredients,,0.2,Calculation on the basis of ingredients,,14,Calculation on the basis of ingredients,,0.62,Calculation on the basis of ingredients,,0,Calculation on the basis of ingredients,,0.7,Calculation on the basis of ingredients,,0.57,Calculation on the basis of ingredients,,98,Calculation on the basis of ingredients,,680,Calculation on the basis of ingredients,,1400,Calculation on the basis of ingredients,,1190,Calculation on the basis of ingredients,,41,Calculation on the basis of ingredients,,730,Calculation on the basis of ingredients,,0.5,Calculation on the basis of ingredients,,40,Calculation on the basis of ingredients,,4.2,Calculation on the basis of ingredients,,n.d.,,,Ja
1546,,,"Cherry pie, baked (with cake dough)",,"Sweets/Cakes and tarts;Prepared dishes/Cakes, pies and gratins",,per 100g edible portion,659,Automated calculation,,157,Automated calculation,,6.2,Calculation on the basis of ingredients,,3.4,Calculation on the basis of ingredients,,1.5,Calculation on the basis of ingredients,,0.5,Calculation on the basis of ingredients,,37,Calculation on the basis of ingredients,,21.1,Calculation on the basis of ingredients,,12,Calculation on the basis of ingredients,,9,Calculation on the basis of ingredients,,1.5,Calculation on the basis of ingredients,,3.3,Calculation on the basis of ingredients,,0.2,Automated calculation,,0,Calculation on the basis of ingredients,,67.9,Automated calculation,,66,Automated calculation,,62,Automated calculation,,58,Calculation on the basis of ingredients,,47,Calculation on the basis of ingredients,,34,Calculation on the basis of ingredients,,0.04,Calculation on the basis of ingredients,,0.07,Calculation on the basis of ingredients,,0.06,Calculation on the basis of ingredients,,0.08,Calculation on the basis of ingredients,,0.27,Calculation on the basis of ingredients,,10.3,Calculation on the basis of ingredients,,0.27,Calculation on the basis of ingredients,,2.7,Calculation on the basis of ingredients,,0.2,Calculation on the basis of ingredients,,0.24,Calculation on the basis of ingredients,,190,Calculation on the basis of ingredients,,90,Calculation on the basis of ingredients,,140,Calculation on the basis of ingredients,,27,Calculation on the basis of ingredients,,14,Calculation on the basis of ingredients,,47,Calculation on the basis of ingredients,,0.6,Calculation on the basis of ingredients,,3.2,Calculation on the basis of ingredients,,0.3,Calculation on the basis of ingredients,,n.d.,,,Nein
1545,,,"Cherry pie, baked (with puff pastry)",,"Sweets/Cakes and tarts;Prepared dishes/Cakes, pies and gratins",,per 100g edible portion,646,Automated calculation,,154,Automated calculation,,7.1,Calculation on the basis of ingredients,,3.9,Calculation on the basis of ingredients,,1.7,Calculation on the basis of ingredients,,0.5,Calculation on the basis of ingredients,,39,Calculation on the basis of ingredients,,18.9,Calculation on the basis of ingredients,,12,Calculation on the basis of ingredients,,6.9,Calculation on the basis of ingredients,,1.4,Calculation on the basis of ingredients,,3,Calculation on the basis of ingredients,,0.2,Automated calculation,,0,Calculation on the basis of ingredients,,69.7,Automated calculation,,75,Automated calculation,,71,Automated calculation,,67,Calculation on the basis of ingredients,,51,Calculation on the basis of ingredients,,37,Calculation on the basis of ingredients,,0.04,Calculation on the basis of ingredients,,0.06,Calculation on the basis of ingredients,,0.05,Calculation on the basis of ingredients,,0.08,Calculation on the basis of ingredients,,0.24,Calculation on the basis of ingredients,,10.1,Calculation on the basis of ingredients,,0.26,Calculation on the basis of ingredients,,2.7,Calculation on the basis of ingredients,,0.2,Calculation on the basis of ingredients,,0.25,Calculation on the basis of ingredients,,190,Calculation on the basis of ingredients,,93,Calculation on the basis of ingredients,,140,Calculation on the basis of ingredients,,27,Calculation on the basis of ingredients,,14,Calculation on the basis of ingredients,,43,Calculation on the basis of ingredients,,0.5,Calculation on the basis of ingredients,,3.2,Calculation on the basis of ingredients,,0.3,Calculation on the basis of ingredients,,n.d.,,,Nein
882,4575,1001554,Cherry pie from Zug,,Sweets/Cakes and tarts,,per 100g edible portion,1400,Automated calculation,,335,Automated calculation,,18.7,-,9,8.5,-,9,7.5,-,9,1.6,-,9,90,-,9,34.6,-,9,27,-,9,7.6,-,9,1.5,-,9,4.8,-,9,0.2,Automated calculation,,0.9,-,9,38.8,-,9,145,Automated calculation,,138,Automated calculation,,132,-,8,75,Estimation,51,75,-,8,0.04,-,9,0.12,-,9,0.04,-,9,tr.,-,9,0.4,-,9,9,-,9,0.28,-,9,0.3,-,9,1,-,9,2.78,-,9,140,-,9,62,-,9,73,-,9,67,-,9,25,-,9,120,-,9,0.8,-,9,4.2,-,9,0.6,-,9,n.d.,,,Nein
394,4555,1000857,"Cherry, raw",,Fruit/Fresh fruit,,per 100g edible portion,314,Automated calculation,,74,Automated calculation,,0.5,-,43,0.1,-,43,0.1,-,43,0.2,-,43,0,-,43,15.3,-,43,15.3,-,43,0,-,43,1.7,-,43,1.3,-,43,0,Automated calculation,,0,-,43,80.8,-,43,6,Automated calculation,,3,Automated calculation,,0,Estimation,51,35,Estimation,51,20,-,121,0.03,-,43;1670,0.04,-,43;1670,0.05,-,43,0,-,43,0.26,-,43;1670,18.8,-,43;1670,0.18,-,43;1670,5.1,-,43;1670,0,-,43,0.1,-,43,250,-,43,3,-,43,3,-,9,17,-,43,13,-,43,17,-,43,0.4,-,43,1,-,9,0.1,-,9,n.d.,,,Nein
1052,3772,,"Cherry, stewed, drained (without addition of sugar)",,Fruit/Cooked fruit (incl. cans),,per 100g edible portion,361,Automated calculation,,85,Automated calculation,,0.6,Calculation on the basis of ingredients,,0.1,Calculation on the basis of ingredients,,0.1,Calculation on the basis of ingredients,,0.2,Calculation on the basis of ingredients,,0,Calculation on the basis of ingredients,,17.6,Calculation on the basis of ingredients,,17.6,Calculation on the basis of ingredients,,0,Calculation on the basis of ingredients,,2,Calculation on the basis of ingredients,,1.5,Calculation on the basis of ingredients,,0,Automated calculation,,0,Calculation on the basis of ingredients,,78.4,Automated calculation,,7,Automated calculation,,3,Automated calculation,,0,Calculation on the basis of ingredients,,40,Calculation on the basis of ingredients,,17,Calculation on the basis of ingredients,,0.03,Calculation on the basis of ingredients,,0.05,Calculation on the basis of ingredients,,0.05,Calculation on the basis of ingredients,,0,Calculation on the basis of ingredients,,0.27,Calculation on the basis of ingredients,,15.1,Calculation on the basis of ingredients,,0.19,Calculation on the basis of ingredients,,4.1,Calculation on the basis of ingredients,,0,Calculation on the basis of ingredients,,0.11,Calculation on the basis of ingredients,,250,Calculation on the basis of ingredients,,3.4,Calculation on the basis of ingredients,,3.4,Calculation on the basis of ingredients,,19,Calculation on the basis of ingredients,,15,Calculation on the basis of ingredients,,20,Calculation on the basis of ingredients,,0.5,Calculation on the basis of ingredients,,1.1,Calculation on the basis of ingredients,,0.1,Calculation on the basis of ingredients,,n.d.,,,Ja
272,3949,841004,"Chestnut, raw",,"Nuts, seeds and oleaginous fruit",,per 100g edible portion,845,Automated calculation,,200,Automated calculation,,1.5,-,140,0.3,-,81,0.7,-,81,0.7,-,81,0,-,145,42.4,-,81,5,-,43,21.1,-,67,1.4,-,67,3.4,Estimation,1662,0,Automated calculation,,0,Estimation,51,50.7,-,67,10,Automated calculation,,5,Automated calculation,,0,Estimation,51,60,-,145,n.d.,,,0.24,-,145,0.11,-,145,0.35,-,156,0,-,156,1.1,-,156,58,-,156,0.48,-,156,33,-,137,0,-,145,0.5,-,145,380,-,67;1542,0.6,-,67;1542,13,-,8,18,-,67;1542,31,-,67;1542,59,-,67;1542,2.1,-,67;1542,0.1,-,145,1,-,67,n.d.,,,Nein
680,4724,1001245,"Chicken, breast (cut), raw",,Meat and offal/Poultry,,per 100g edible portion,445,Automated calculation,,105,Automated calculation,,1.2,-,50,0.4,-,9,0.5,-,9,0.3,-,9,44,-,24,0.4,-,50,0,-,22,0,Estimation,51,0,-,22,23.1,-,22,0.2,Automated calculation,,0,-,22,73.8,-,50,5,Automated calculation,,5,Automated calculation,,<5,-,104,0,Estimation,51,0,-,104,0.12,-,24,0.15,-,24,0.53,-,9,0.4,-,9,10.85,-,9;1673;1690,9,-,9,0.84,-,9,0,-,9,0,-,9,0.42,-,9,330,-,9,72,-,9,80,-,9,14,-,9,27,-,9,210,-,9,0.4,-,24,0.4,-,9,0.6,-,24,14,-,1544,Nein
23,3873,812064,"Chicken, breast, without skin, raw (France)",,Meat and offal/Poultry,,per 100g edible portion,462,Automated calculation,,109,Automated calculation,,0.9,-,146,0.3,-,146,0.3,-,146,0.3,-,146,56,-,146,0,Estimation,51,0,Estimation,51,n.d.,,,0,Estimation,51,25.2,-,146,0.1,Automated calculation,,0,Estimation,51,70.7,-,146,5,Automated calculation,,5,Automated calculation,,<5,-,104,0,Estimation,51,0,-,104,0.09,-,104,0.16,-,104,0.88,-,146,0.4,-,120,n.d.,,,12,-,120,0.87,-,159,0,Estimation,51,1.5,-,117,0.57,-,142,350,-,146,31,-,146,80,-,8,3.9,-,146,29,-,146,220,-,146,0.4,-,146,0.6,-,88,0.6,-,146,17,-,1406,Nein
22,3875,812063,"Chicken, breast, without skin, raw (Switzerland)",,Meat and offal/Poultry,,per 100g edible portion,455,Automated calculation,,107,Automated calculation,,1,-,146,0.3,-,146,0.4,-,146,0.3,-,146,63,-,146,0,Estimation,51,0,Estimation,51,n.d.,,,0,Estimation,51,24.6,-,146,0.1,Automated calculation,,0,Estimation,51,72.7,-,146,5,Automated calculation,,5,Automated calculation,,<5,-,104,0,Estimation,51,0,-,104,0.14,-,108,0.15,-,108,0.77,-,146,0.4,-,120,11.03,-,1673;1690,12,-,120,0.87,-,159,0,Estimation,51,1.5,-,117,0.62,-,107,350,-,146,36,-,146,80,-,8,3.3,-,146,27,-,146,220,-,146,0.3,-,146,0.9,-,88,0.5,-,146,19,-,1406,Nein
21,3874,812062,"Chicken, breast, with skin, raw (France)",,Meat and offal/Poultry,,per 100g edible portion,530,Automated calculation,,126,Automated calculation,,3.3,-,146,1.3,-,146,1.7,-,146,0.9,-,146,56,-,146,0,Estimation,51,0,Estimation,51,n.d.,,,0,Estimation,51,24,-,146,0.1,Automated calculation,,0,Estimation,51,69.7,-,146,12,Automated calculation,,12,Automated calculation,,12,-,104,0,Estimation,51,0,-,104,0.08,-,104,0.14,-,104,0.57,-,146,0.4,-,120,n.d.,,,10,-,120,0.87,-,159,0,Estimation,51,1.5,-,117,0.62,-,107,330,-,146,39,-,146,69,-,8,4.6,-,146,26,-,146,210,-,146,0.5,-,146,10,-,8,0.6,-,146,12,-,1406,Nein
20,3876,812061,"Chicken, breast, with skin, raw (Switzerland)",,Meat and offal/Poultry,,per 100g edible portion,637,Automated calculation,,152,Automated calculation,,6.5,-,146,2.1,-,146,3.3,-,146,1.3,-,146,70,-,146,0,Estimation,51,0,Estimation,51,n.d.,,,0,Estimation,51,23.3,-,146,0.1,Automated calculation,,0,Estimation,51,69.9,-,146,12,Automated calculation,,12,Automated calculation,,12,-,104,0,Estimation,51,0,-,104,0.08,-,104,0.14,-,104,0.77,-,146,0.4,-,120,n.d.,,,10,-,120,0.87,-,159,0,Estimation,51,1.5,-,117,0.62,-,107,320,-,146,34,-,146,69,-,8,3.9,-,146,26,-,146,210,-,146,0.3,-,146,10,-,8,0.5,-,146,n.d.,,,Nein
13276,,,"Chicken, brest (schnitzel, ground), pan fried (without addition of fat and salt)",,Meat and offal/Poultry,,per 100g edible portion,556,Automated calculation,,131,Automated calculation,,1.5,Calculation on the basis of ingredients,,0.5,Calculation on the basis of ingredients,,0.6,Calculation on the basis of ingredients,,0.4,Calculation on the basis of ingredients,,55,Calculation on the basis of ingredients,,0.4,Calculation on the basis of ingredients,,0,Calculation on the basis of ingredients,,0,Calculation on the basis of ingredients,,0,Calculation on the basis of ingredients,,28.9,Calculation on the basis of ingredients,,0.2,Automated calculation,,0,Calculation on the basis of ingredients,,69.1,Automated calculation,,6,Automated calculation,,6,Automated calculation,,6,Calculation on the basis of ingredients,,0,Calculation on the basis of ingredients,,0,Calculation on the basis of ingredients,,0.1,Calculation on the basis of ingredients,,0.19,Calculation on the basis of ingredients,,0.36,Calculation on the basis of ingredients,,0.33,Calculation on the basis of ingredients,,10.85,Calculation on the basis of ingredients,,5.6,Calculation on the basis of ingredients,,0.84,Calculation on the basis of ingredients,,0,Calculation on the basis of ingredients,,0,Calculation on the basis of ingredients,,0.39,Calculation on the basis of ingredients,,370,Calculation on the basis of ingredients,,77,Calculation on the basis of ingredients,,100,Calculation on the basis of ingredients,,18,Calculation on the basis of ingredients,,27,Calculation on the basis of ingredients,,220,Calculation on the basis of ingredients,,0.4,Calculation on the basis of ingredients,,0.5,Calculation on the basis of ingredients,,0.8,Calculation on the basis of ingredients,,17,Calculation on the basis of ingredients,,Ja
1070,4288,,"Chicken egg, whole, hard boiled",,Eggs,,per 100g edible portion,654,Automated calculation,,157,Automated calculation,,11.4,Calculation on the basis of ingredients,,2.9,Calculation on the basis of ingredients,,4.3,Calculation on the basis of ingredients,,2,Calculation on the basis of ingredients,,508,Calculation on the basis of ingredients,,0.3,Calculation on the basis of ingredients,,0.3,Calculation on the basis of ingredients,,0,Calculation on the basis of ingredients,,0,Calculation on the basis of ingredients,,13.2,Calculation on the basis of ingredients,,0.4,Automated calculation,,0,Calculation on the basis of ingredients,,75,Automated calculation,,166,Automated calculation,,165,Automated calculation,,164,Calculation on the basis of ingredients,,14,Calculation on the basis of ingredients,,4,Calculation on the basis of ingredients,,0.09,Calculation on the basis of ingredients,,0.27,Calculation on the basis of ingredients,,0.09,Calculation on the basis of ingredients,,1.22,Calculation on the basis of ingredients,,0.04,Calculation on the basis of ingredients,,59.6,Calculation on the basis of ingredients,,2.01,Calculation on the basis of ingredients,,0,Calculation on the basis of ingredients,,3.1,Calculation on the basis of ingredients,,0.38,Calculation on the basis of ingredients,,130,Calculation on the basis of ingredients,,150,Calculation on the basis of ingredients,,190,Calculation on the basis of ingredients,,56,Calculation on the basis of ingredients,,9.1,Calculation on the basis of ingredients,,220,Calculation on the basis of ingredients,,1.9,Calculation on the basis of ingredients,,34,Calculation on the basis of ingredients,,1.6,Calculation on the basis of ingredients,,22,Calculation on the basis of ingredients,,Ja
27,3870,812068,"Chicken, leg, without skin, raw (France)",,Meat and offal/Poultry,,per 100g edible portion,509,Automated calculation,,121,Automated calculation,,4.3,-,146,1.3,-,146,1.8,-,146,0.9,-,146,94,-,146,0,Estimation,51,0,Estimation,51,n.d.,,,0,Estimation,51,20.6,-,146,0.2,Automated calculation,,0,Estimation,51,72.4,-,146,5,Automated calculation,,5,Automated calculation,,<5,-,104,0,Estimation,51,0,-,104,0.14,-,108,0.15,-,108,0.41,-,146,0.4,-,120,n.d.,,,12,-,120,0.87,-,159,0,Estimation,51,1.5,-,117,0.62,-,107,330,-,146,72,-,146,83,-,81,5.7,-,146,20,-,146,200,-,146,1.3,-,146,5,-,81,1.8,-,146,n.d.,,,Nein
26,3872,812067,"Chicken, leg, without skin, raw (Switzerland)",,Meat and offal/Poultry,,per 100g edible portion,564,Automated calculation,,135,Automated calculation,,6.2,-,146,1.9,-,146,3,-,146,1.5,-,146,86,-,146,0,Estimation,51,0,Estimation,51,n.d.,,,0,Estimation,51,19.7,-,146,0.2,Automated calculation,,0,Estimation,51,72.9,-,146,5,Automated calculation,,5,Automated calculation,,<5,-,104,0,Estimation,51,0,-,104,0.14,-,108,0.27,-,108,0.38,-,146,0.4,-,120,n.d.,,,10,-,120,0.87,-,159,0,Estimation,51,1.5,-,117,0.62,-,107,300,-,146,76,-,146,80,-,8,5.6,-,146,20,-,146,190,-,146,0.5,-,146,5,-,81,0.9,-,146,n.d.,,,Nein
712,4589,1001300,"Chicken, leg, with skin, raw",,Meat and offal/Poultry,,per 100g edible portion,765,Automated calculation,,184,Automated calculation,,12.6,-,24,3.5,-,24,5.6,-,24,1.9,-,24,80,-,24,0,-,24,0,-,22,0,Estimation,51,0,-,22,17.6,-,24,0.2,Automated calculation,,0,-,22,68.8,-,24,30,Automated calculation,,30,Automated calculation,,30,-,104;1662;1690,0,Estimation,51,0,-,104,0.16,-,24;1673;1690,0.19,-,24;1673;1690,0.29,-,9,0.3,-,9,4.85,-,9;1673;1690,12,-,9,0.84,-,9,0,-,9,0,-,9,0.15,-,9,250,-,9,95,-,9,80,-,9,15,-,9,30,-,9,190,-,9,0.6,-,24,0.4,-,9,1.6,-,24,n.d.,,,Nein
25,3871,812066,"Chicken, leg, with skin, raw (France)",,Meat and offal/Poultry,,per 100g edible portion,607,Automated calculation,,145,Automated calculation,,7.5,-,146,2.4,-,146,3.3,-,146,1.9,-,146,87,-,146,0,Estimation,51,0,Estimation,51,n.d.,,,0,Estimation,51,19.4,-,146,0.1,Automated calculation,,0,Estimation,51,68.9,-,146,12,Automated calculation,,12,Automated calculation,,12,-,104,0,Estimation,51,0,-,104,0.08,-,104,0.14,-,104,0.33,-,146,0.4,-,120,n.d.,,,10,-,120,0.87,-,159,0,Estimation,51,1.5,-,117,0.62,-,107,290,-,146,57,-,146,100,-,81,4.8,-,146,20,-,146,180,-,146,0.8,-,146,8,-,81,1,-,146,17,-,1406,Nein
24,4073,812065,"Chicken, leg, with skin, raw (Switzerland)",,Meat and offal/Poultry,,per 100g edible portion,682,Automated calculation,,163,Automated calculation,,10.2,-,146,3.2,-,146,5,-,146,1.8,-,146,80,-,146,0,Estimation,51,0,Estimation,51,n.d.,,,0,Estimation,51,17.9,-,146,0.2,Automated calculation,,0,Estimation,51,65.6,-,146,30,Automated calculation,,30,Automated calculation,,30,-,104;1662;1690,0,Estimation,51,0,-,104,0.14,-,104;1673;1690,0.15,-,104;1673;1690,0.57,-,146,0.4,-,120,4.47,-,1673;1690,10,-,120,0.87,-,159,0,Estimation,51,1.5,-,117,0.62,-,107,300,-,146,63,-,146,100,-,81,5.7,-,146,20,-,146,180,-,146,0.5,-,146,8,-,81,1,-,146,28,-,1406,Nein
13310,,,"Chicken, leg with skin, roasted (without addition of fat and salt)",,Meat and offal/Poultry,,per 100g edible portion,909,Automated calculation,,218,Automated calculation,,13.6,Calculation on the basis of ingredients,,4.3,Calculation on the basis of ingredients,,6.7,Calculation on the basis of ingredients,,2.4,Calculation on the basis of ingredients,,107,Calculation on the basis of ingredients,,0,Calculation on the basis of ingredients,,0,Calculation on the basis of ingredients,,n.d.,,,0,Calculation on the basis of ingredients,,23.9,Calculation on the basis of ingredients,,0.2,Automated calculation,,0,Calculation on the basis of ingredients,,62.5,Automated calculation,,40,Automated calculation,,40,Automated calculation,,40,Calculation on the basis of ingredients,,0,Calculation on the basis of ingredients,,0,Calculation on the basis of ingredients,,0.11,Calculation on the basis of ingredients,,0.18,Calculation on the basis of ingredients,,0.46,Calculation on the basis of ingredients,,0.35,Calculation on the basis of ingredients,,4.77,Calculation on the basis of ingredients,,8,Calculation on the basis of ingredients,,0.87,Calculation on the basis of ingredients,,0,Calculation on the basis of ingredients,,1.5,Calculation on the basis of ingredients,,0.66,Calculation on the basis of ingredients,,240,Calculation on the basis of ingredients,,71,Calculation on the basis of ingredients,,130,Calculation on the basis of ingredients,,7.2,Calculation on the basis of ingredients,,21,Calculation on the basis of ingredients,,190,Calculation on the basis of ingredients,,0.6,Calculation on the basis of ingredients,,11,Calculation on the basis of ingredients,,1.3,Calculation on the basis of ingredients,,37,Calculation on the basis of ingredients,,Ja
711,4588,1001299,"Chicken, whole, with skin, raw",,Meat and offal/Poultry,,per 100g edible portion,701,Automated calculation,,168,Automated calculation,,10.3,-,24,2.8,-,24,4.5,-,24,1.5,-,24,77,-,24,0,-,24,0,-,22,0,Estimation,51,0,-,22,18.8,-,24,0.2,Automated calculation,,0,-,22,69.8,-,24,12,Automated calculation,,12,Automated calculation,,12,-,104,0,Estimation,51,0,-,104,0.11,-,9,0.15,-,9,0.5,-,9,0.4,-,9,6,-,9,8,-,9,0.9,-,9,2.5,-,36,0,-,9,0.07,-,9,260,-,9,70,-,9,69,-,9,12,-,9,20,-,9,160,-,9,0.7,-,9,10,-,9,1,-,9,n.d.,,,Nein
13309,,,"Chicken, whole with skin, roasted (without addition of fat and salt)",,Meat and offal/Poultry,,per 100g edible portion,934,Automated calculation,,224,Automated calculation,,13.7,Calculation on the basis of ingredients,,3.7,Calculation on the basis of ingredients,,6,Calculation on the basis of ingredients,,2,Calculation on the basis of ingredients,,103,Calculation on the basis of ingredients,,0,Calculation on the basis of ingredients,,0,Calculation on the basis of ingredients,,0,Calculation on the basis of ingredients,,0,Calculation on the basis of ingredients,,25.1,Calculation on the basis of ingredients,,0.2,Automated calculation,,0,Calculation on the basis of ingredients,,61.2,Automated calculation,,16,Automated calculation,,16,Automated calculation,,16,Calculation on the basis of ingredients,,0,Calculation on the basis of ingredients,,0,Calculation on the basis of ingredients,,0.09,Calculation on the basis of ingredients,,0.18,Calculation on the basis of ingredients,,0.4,Calculation on the basis of ingredients,,0.35,Calculation on the basis of ingredients,,6.4,Calculation on the basis of ingredients,,6.4,Calculation on the basis of ingredients,,0.9,Calculation on the basis of ingredients,,2.7,Calculation on the basis of ingredients,,0,Calculation on the basis of ingredients,,0.07,Calculation on the basis of ingredients,,210,Calculation on the basis of ingredients,,79,Calculation on the basis of ingredients,,92,Calculation on the basis of ingredients,,15,Calculation on the basis of ingredients,,21,Calculation on the basis of ingredients,,170,Calculation on the basis of ingredients,,0.9,Calculation on the basis of ingredients,,13,Calculation on the basis of ingredients,,1.3,Calculation on the basis of ingredients,,n.d.,,,Ja
1059,4283,,"Chickpea, cooked (without addition of fat and salt)",,"Cereal products, pulses and potatoes/Pulses",,per 100g edible portion,550,Automated calculation,,131,Automated calculation,,2,Calculation on the basis of ingredients,,0.3,Calculation on the basis of ingredients,,0.5,Calculation on the basis of ingredients,,1.1,Calculation on the basis of ingredients,,0,Calculation on the basis of ingredients,,17.7,Calculation on the basis of ingredients,,1,Calculation on the basis of ingredients,,16.8,Calculation on the basis of ingredients,,6.2,Calculation on the basis of ingredients,,7.4,Calculation on the basis of ingredients,,0,Automated calculation,,0,Calculation on the basis of ingredients,,66.7,Automated calculation,,10,Automated calculation,,5,Automated calculation,,0,Calculation on the basis of ingredients,,63,Calculation on the basis of ingredients,,63,Calculation on the basis of ingredients,,0.14,Calculation on the basis of ingredients,,0.04,Calculation on the basis of ingredients,,0.09,Calculation on the basis of ingredients,,0,Calculation on the basis of ingredients,,0.44,Calculation on the basis of ingredients,,68,Calculation on the basis of ingredients,,0.24,Calculation on the basis of ingredients,,1.2,Calculation on the basis of ingredients,,0,Calculation on the basis of ingredients,,0.68,Calculation on the basis of ingredients,,330,Calculation on the basis of ingredients,,3,Calculation on the basis of ingredients,,33,Calculation on the basis of ingredients,,44,Calculation on the basis of ingredients,,48,Calculation on the basis of ingredients,,140,Calculation on the basis of ingredients,,1.9,Calculation on the basis of ingredients,,0.2,Calculation on the basis of ingredients,,0.9,Calculation on the basis of ingredients,,n.d.,,,Ja
439,4012,1000919,"Chickpea, dried",,"Cereal products, pulses and potatoes/Pulses",,per 100g edible portion,1370,Automated calculation,,327,Automated calculation,,4.9,-,1651,0.6,-,1651,1.4,-,1651,2.7,-,1651,0,-,1651,44.3,-,1640,2.4,-,1640,41.9,Estimation,1003,15.5,-,1640,18.6,-,1640,0,Automated calculation,,0,Estimation,1648,13,-,1651,26,Automated calculation,,13,Automated calculation,,0,Estimation,1648,157,Estimation,1648,157,-,99,0.52,-,1640;1642,0.13,-,1640,0.33,-,1640;1642,0,Estimation,1648,1.7,-,1640,340,-,1640,1.11,-,1640;1642,5.1,-,1640,0,-,1651,1.9,-,1651,1090,-,1542;1640,8.1,-,1542;1640,80,-,1640,120,-,1542;1640,140,-,1542;1640,380,-,1542;1640,5.4,-,1542;1640,0.6,-,1652,2.4,-,1640,n.d.,,,Nein
447,4740,1000926,"Chicory, raw",,Vegetables/Fresh vegetables,,per 100g edible portion,56,Automated calculation,,14,Automated calculation,,0.2,-,43,0.1,-,43,tr.,-,43,0.1,-,43,0,-,43,0.7,-,43,0.6,-,43,0.1,-,43,2.5,-,43,1,-,43,0,Automated calculation,,0,-,43,94.7,-,43,1,Automated calculation,,0,Automated calculation,,0,Estimation,51,6,-,1698,6,-,1679;1691,0.05,-,43;1669;1691,0.05,-,43,0.03,-,43;1669;1691,0,-,43,0.3,-,43,52,-,43,0.14,-,1660;1669;1691,2.3,-,43;1669;1691,0,-,43,0.1,-,43,210,-,43,4,-,43,25,-,9,20,-,43,10,-,43,25,-,43,0.2,-,43,1,-,9,0.2,-,9,n.d.,,,Nein
1006,4279,,"Chicory, steamed (without addition of salt)",,Vegetables/Cooked vegetables (incl. cans),,per 100g edible portion,58,Automated calculation,,14,Automated calculation,,0.2,Calculation on the basis of ingredients,,0.1,Calculation on the basis of ingredients,,0,Calculation on the basis of ingredients,,0.1,Calculation on the basis of ingredients,,0,Calculation on the basis of ingredients,,0.7,Calculation on the basis of ingredients,,0.6,Calculation on the basis of ingredients,,0.1,Calculation on the basis of ingredients,,2.6,Calculation on the basis of ingredients,,1,Calculation on the basis of ingredients,,0,Automated calculation,,0,Calculation on the basis of ingredients,,95.5,Automated calculation,,1,Automated calculation,,0,Automated calculation,,0,Calculation on the basis of ingredients,,6,Calculation on the basis of ingredients,,5,Calculation on the basis of ingredients,,0.04,Calculation on the basis of ingredients,,0.05,Calculation on the basis of ingredients,,0.03,Calculation on the basis of ingredients,,0,Calculation on the basis of ingredients,,0.25,Calculation on the basis of ingredients,,32.2,Calculation on the basis of ingredients,,0.12,Calculation on the basis of ingredients,,1.3,Calculation on the basis of ingredients,,0,Calculation on the basis of ingredients,,0.1,Calculation on the basis of ingredients,,180,Calculation on the basis of ingredients,,3.5,Calculation on the basis of ingredients,,24,Calculation on the basis of ingredients,,20,Calculation on the basis of ingredients,,9.3,Calculation on the basis of ingredients,,24,Calculation on the basis of ingredients,,0.2,Calculation on the basis of ingredients,,1,Calculation on the basis of ingredients,,0.2,Calculation on the basis of ingredients,,n.d.,,,Ja
1648,,,"Chili con carne, prepared",,Prepared dishes/Stews and soups,,per 100g edible portion,511,Automated calculation,,122,Automated calculation,,4.1,Calculation on the basis of ingredients,,1.2,Calculation on the basis of ingredients,,1.9,Calculation on the basis of ingredients,,0.7,Calculation on the basis of ingredients,,17,Calculation on the basis of ingredients,,8.7,Calculation on the basis of ingredients,,2.4,Calculation on the basis of ingredients,,6.2,Calculation on the basis of ingredients,,3.1,Calculation on the basis of ingredients,,10.9,Calculation on the basis of ingredients,,0.4,Automated calculation,,0,Calculation on the basis of ingredients,,73.2,Automated calculation,,65,Automated calculation,,33,Automated calculation,,2,Calculation on the basis of ingredients,,376,Calculation on the basis of ingredients,,n.d.,,,0.11,Calculation on the basis of ingredients,,0.08,Calculation on the basis of ingredients,,0.14,Calculation on the basis of ingredients,,0.34,Calculation on the basis of ingredients,,1.4,Calculation on the basis of ingredients,,27.2,Calculation on the basis of ingredients,,0.29,Calculation on the basis of ingredients,,5.4,Calculation on the basis of ingredients,,0.1,Calculation on the basis of ingredients,,0.95,Calculation on the basis of ingredients,,360,Calculation on the basis of ingredients,,150,Calculation on the basis of ingredients,,330,Calculation on the basis of ingredients,,27,Calculation on the basis of ingredients,,30,Calculation on the basis of ingredients,,110,Calculation on the basis of ingredients,,1.9,Calculation on the basis of ingredients,,2.2,Calculation on the basis of ingredients,,1.9,Calculation on the basis of ingredients,,n.d.,,,Ja
437,4359,1000917,"Chinese cabbage, raw",,Vegetables/Fresh vegetables,,per 100g edible portion,66,Automated calculation,,16,Automated calculation,,0.3,-,36,0.1,-,9,0,-,9,0.1,-,9,0,-,22,1.2,-,36,1.2,-,9,tr.,-,22,1.9,-,36,1.1,-,36,0,Automated calculation,,0,-,22,94.9,-,36,2,Automated calculation,,1,Automated calculation,,0,Estimation,51,10,Estimation,51,10,-,151,0.03,-,36,0.04,-,36,0.12,-,36,0,-,22,0.4,-,36,66,-,36,0.2,-,36,26,-,36,0,-,22,0.24,-,36,140,-,36,19,-,36,18,-,9,40,-,36,11,-,36,30,-,36,0.6,-,36,0.3,-,36,0.3,-,36,n.d.,,,Nein
1007,4244,,"Chinese cabbage, stewed (without addition of fat and salt)",,Vegetables/Cooked vegetables (incl. cans),,per 100g edible portion,68,Automated calculation,,16,Automated calculation,,0.3,Calculation on the basis of ingredients,,0.1,Calculation on the basis of ingredients,,0,Calculation on the basis of ingredients,,0.1,Calculation on the basis of ingredients,,0,Calculation on the basis of ingredients,,1.3,Calculation on the basis of ingredients,,1.3,Calculation on the basis of ingredients,,0,Calculation on the basis of ingredients,,2,Calculation on the basis of ingredients,,1.1,Calculation on the basis of ingredients,,0,Automated calculation,,0,Calculation on the basis of ingredients,,95.3,Automated calculation,,2,Automated calculation,,1,Automated calculation,,0,Calculation on the basis of ingredients,,10,Calculation on the basis of ingredients,,9,Calculation on the basis of ingredients,,0.03,Calculation on the basis of ingredients,,0.03,Calculation on the basis of ingredients,,0.1,Calculation on the basis of ingredients,,0,Calculation on the basis of ingredients,,0.33,Calculation on the basis of ingredients,,41.3,Calculation on the basis of ingredients,,0.17,Calculation on the basis of ingredients,,14.1,Calculation on the basis of ingredients,,0,Calculation on the basis of ingredients,,0.25,Calculation on the basis of ingredients,,120,Calculation on the basis of ingredients,,17,Calculation on the basis of ingredients,,18,Calculation on the basis of ingredients,,40,Calculation on the basis of ingredients,,9.5,Calculation on the basis of ingredients,,30,Calculation on the basis of ingredients,,0.5,Calculation on the basis of ingredients,,0.3,Calculation on the basis of ingredients,,0.3,Calculation on the basis of ingredients,,n.d.,,,Ja
374,4369,1000837,"Chives, fresh",,Vegetables/Herbs,,per 100g edible portion,124,Automated calculation,,30,Automated calculation,,0.6,-,43,0.1,-,43,0.1,-,43,0.2,-,43,0,-,43,1.9,-,43,1.9,-,43,0,-,43,2.3,-,43,3,-,43,0,Automated calculation,,0,-,43,91.3,-,43,435,Automated calculation,,218,Automated calculation,,0,Estimation,51,2612,Estimation,51,2612,-,156,0.08,-,43,0.11,-,43,0.13,-,43,0,-,43,0.7,-,43,130,-,43,0.3,-,43,60,-,43,0,-,43,1.6,-,9,280,-,43,3,-,43,74,-,36,86,-,43,40,-,43,54,-,43,1.5,-,43,4.2,-,36,0.5,-,36,n.d.,,,Nein
196,4508,831010,"Chocolate, dark",,Sweets/Chocolate and cocoa products,,per 100g edible portion,2240,Automated calculation,,537,Automated calculation,,31.8,-,46,19.7,-,46,11,-,46,1.1,-,46,1,-,46,53.4,-,46,50,Estimation,51,2.3,-,46,7,-,46,5.7,-,1661,0,Automated calculation,,0,Estimation,51,0.7,-,145,5,Automated calculation,,2,Automated calculation,,0,-,145,29,Estimation,51,25,-,156,0.08,-,145,0.15,-,145,0.05,-,145,0,-,145,0.6,-,145,7,-,145,0.19,-,145,0,-,145,0,-,145,0,-,145,830,-,46,15,-,46,100,-,1640,48,-,46,120,-,145,140,-,145,6.7,-,46,2.3,-,145,2.2,-,145,n.d.,,,Nein
960,4387,1001638,Chocolate powder,,Sweets/Chocolate and cocoa products;Non-alcoholic beverages/Cocoa beverages,,per 100g edible portion,1680,Automated calculation,,398,Automated calculation,,7.8,-,9,4.6,-,9,2.6,-,9,0.2,-,9,0,-,9,71.3,-,9,70.6,-,9,0.7,-,9,10.5,-,9,5.3,-,1661,0,Automated calculation,,0,-,9,1.7,-,9,2,Automated calculation,,1,Automated calculation,,0,Estimation,51,13,Estimation,51,13,-,8,0.04,-,9,0.13,-,9,0.05,-,9,0,-,9,0.86,-,9,12,-,9,0.35,-,9,0,-,9,0,-,9,0.22,-,9,620,-,9,5,-,9,12,-,9,37,-,9,130,-,9,210,-,9,4.2,-,9,0.9,-,9,1.8,-,9,n.d.,,,Nein
889,3744,,Chocolate ring cake,,Sweets/Cakes and tarts,,per 100g edible portion,1590,Automated calculation,,380,Automated calculation,,18.4,Calculation on the basis of ingredients,,10.4,Calculation on the basis of ingredients,,4.7,Calculation on the basis of ingredients,,1.2,Calculation on the basis of ingredients,,128,Calculation on the basis of ingredients,,46.3,Calculation on the basis of ingredients,,23.1,Calculation on the basis of ingredients,,23.3,Calculation on the basis of ingredients,,1.9,Calculation on the basis of ingredients,,6.3,Calculation on the basis of ingredients,,0.1,Automated calculation,,0,Calculation on the basis of ingredients,,27.5,Automated calculation,,193,Automated calculation,,186,Automated calculation,,180,Calculation on the basis of ingredients,,75,Calculation on the basis of ingredients,,62,Calculation on the basis of ingredients,,0.05,Calculation on the basis of ingredients,,0.09,Calculation on the basis of ingredients,,0.03,Calculation on the basis of ingredients,,0.29,Calculation on the basis of ingredients,,0.27,Calculation on the basis of ingredients,,9,Calculation on the basis of ingredients,,0.44,Calculation on the basis of ingredients,,0.1,Calculation on the basis of ingredients,,0.8,Calculation on the basis of ingredients,,0.39,Calculation on the basis of ingredients,,150,Calculation on the basis of ingredients,,33,Calculation on the basis of ingredients,,61,Calculation on the basis of ingredients,,31,Calculation on the basis of ingredients,,19,Calculation on the basis of ingredients,,90,Calculation on the basis of ingredients,,0.9,Calculation on the basis of ingredients,,7.4,Calculation on the basis of ingredients,,0.7,Calculation on the basis of ingredients,,n.d.,,,Nein
807,4394,1001474,Chocolate sauce,,Sweets/Creams and puddings,,per 100g edible portion,515,Automated calculation,,122,Automated calculation,,3,-,22,1.5,-,43,0.9,-,43,0.2,-,43,110,-,43,20,-,22,18.7,-,43,1.3,-,43,0.5,-,43,3.6,-,22,0.2,Automated calculation,,0,-,43,72.1,-,22,28,Automated calculation,,26,Automated calculation,,25,-,8,15,Estimation,51,15,-,8,0.04,-,43,0.21,-,43,0.05,-,43,0.1,-,43,0.3,-,43,tr.,-,43,0.5,-,43,0,-,43,0.1,-,43,0.1,-,43,230,-,43,65,-,43,150,-,8,150,-,43,14,-,43,100,-,43,0.9,-,43,7,-,8,0.6,-,8,n.d.,,,Nein
197,4509,831011,"Chocolate, white",,Sweets/Chocolate and cocoa products,,per 100g edible portion,2370,Automated calculation,,567,Automated calculation,,35.2,-,46,21.9,-,46,11.7,-,46,1.3,-,46,16,-,46,55.8,-,46,55.3,Estimation,51,n.d.,,,0.2,-,156,6.7,-,46,0.3,Automated calculation,,0,Estimation,51,1.3,-,156,9,Automated calculation,,9,Automated calculation,,9,-,156,0,Estimation,51,0,-,156,0.06,-,156,0.28,-,156,0.06,-,156,0.56,-,156,0.75,-,156,7,-,156,0.61,-,156,2.1,-,46,n.d.,,,0.96,-,156,330,-,46,110,-,46,n.d.,,,260,-,46,12,-,156,180,-,156,0.3,-,46,4.9,-,128,0.7,-,156,n.d.,,,Nein
13322,,,"chop (average of veal, pork, lamb), pan fried (without addition of fat and salt)",,Meat and offal,,per 100g edible portion,1040,Automated calculation,,250,Automated calculation,,14.4,Calculation on the basis of ingredients,,5.5,Calculation on the basis of ingredients,,6.4,Calculation on the basis of ingredients,,1.4,Calculation on the basis of ingredients,,81,Calculation on the basis of ingredients,,0,Calculation on the basis of ingredients,,0,Calculation on the basis of ingredients,,n.d.,,,0,Calculation on the basis of ingredients,,30,Calculation on the basis of ingredients,,0.1,Automated calculation,,0,Calculation on the basis of ingredients,,55.6,Automated calculation,,5,Automated calculation,,4,Automated calculation,,4,Calculation on the basis of ingredients,,1,Calculation on the basis of ingredients,,1,Calculation on the basis of ingredients,,0.72,Calculation on the basis of ingredients,,0.21,Calculation on the basis of ingredients,,0.64,Calculation on the basis of ingredients,,0.98,Calculation on the basis of ingredients,,n.d.,,,2.9,Calculation on the basis of ingredients,,1,Calculation on the basis of ingredients,,0,Calculation on the basis of ingredients,,1.3,Calculation on the basis of ingredients,,0.4,Calculation on the basis of ingredients,,390,Calculation on the basis of ingredients,,54,Calculation on the basis of ingredients,,94,Calculation on the basis of ingredients,,7,Calculation on the basis of ingredients,,26,Calculation on the basis of ingredients,,230,Calculation on the basis of ingredients,,0.6,Calculation on the basis of ingredients,,1.4,Calculation on the basis of ingredients,,2.1,Calculation on the basis of ingredients,,21,Calculation on the basis of ingredients,,Ja
1107,4018,,"Chop (average of veal, pork, lamb), raw",,"Meat and offal/Pork;Meat and offal/Veal;Meat and offal/Lamb, mutton",,per 100g edible portion,740,Automated calculation,,177,Automated calculation,,10.2,Calculation on the basis of ingredients,,3.9,Calculation on the basis of ingredients,,4.5,Calculation on the basis of ingredients,,1,Calculation on the basis of ingredients,,57,Calculation on the basis of ingredients,,0,Calculation on the basis of ingredients,,0,Calculation on the basis of ingredients,,n.d.,,,0,Calculation on the basis of ingredients,,21.3,Calculation on the basis of ingredients,,0.1,Automated calculation,,0,Calculation on the basis of ingredients,,68.5,Automated calculation,,3,Automated calculation,,3,Automated calculation,,3,Calculation on the basis of ingredients,,1,Calculation on the basis of ingredients,,1,Calculation on the basis of ingredients,,0.73,Calculation on the basis of ingredients,,0.16,Calculation on the basis of ingredients,,0.68,Calculation on the basis of ingredients,,0.9,Calculation on the basis of ingredients,,n.d.,,,2.7,Calculation on the basis of ingredients,,0.86,Calculation on the basis of ingredients,,0,Calculation on the basis of ingredients,,1.1,Calculation on the basis of ingredients,,0.34,Calculation on the basis of ingredients,,350,Calculation on the basis of ingredients,,45,Calculation on the basis of ingredients,,67,Calculation on the basis of ingredients,,5.1,Calculation on the basis of ingredients,,21,Calculation on the basis of ingredients,,190,Calculation on the basis of ingredients,,0.5,Calculation on the basis of ingredients,,1,Calculation on the basis of ingredients,,1.6,Calculation on the basis of ingredients,,n.d.,,,Ja
867,4751,1001539,Chräbeli (aniseed cookie),,Sweets/Cookies/Biscuits,,per 100g edible portion,1550,Automated calculation,,366,Automated calculation,,3,Calculation on the basis of ingredients,,0.7,Calculation on the basis of ingredients,,1.2,Calculation on the basis of ingredients,,0.7,Calculation on the basis of ingredients,,90,Calculation on the basis of ingredients,,75.3,Calculation on the basis of ingredients,,40.5,Calculation on the basis of ingredients,,34.4,Calculation on the basis of ingredients,,2,Calculation on the basis of ingredients,,8.5,Calculation on the basis of ingredients,,0.2,Automated calculation,,0,Calculation on the basis of ingredients,,11.7,Automated calculation,,30,Automated calculation,,30,Automated calculation,,30,Calculation on the basis of ingredients,,3,Calculation on the basis of ingredients,,1,Calculation on the basis of ingredients,,0.08,Calculation on the basis of ingredients,,0.06,Calculation on the basis of ingredients,,0.04,Calculation on the basis of ingredients,,0.27,Calculation on the basis of ingredients,,0.37,Calculation on the basis of ingredients,,9,Calculation on the basis of ingredients,,0.47,Calculation on the basis of ingredients,,0,Calculation on the basis of ingredients,,0.6,Calculation on the basis of ingredients,,0.15,Calculation on the basis of ingredients,,150,Calculation on the basis of ingredients,,60,Calculation on the basis of ingredients,,110,Calculation on the basis of ingredients,,32,Calculation on the basis of ingredients,,14,Calculation on the basis of ingredients,,85,Calculation on the basis of ingredients,,1.8,Calculation on the basis of ingredients,,6.9,Calculation on the basis of ingredients,,0.7,Calculation on the basis of ingredients,,n.d.,,,Ja
512,4633,1001015,"Cider, 4 vol%",,Alcoholic beverages/Wine,1,per 100ml food volume,132,Automated calculation,,32,Automated calculation,,0,-,43,0,-,43,0,-,43,0,-,43,0,Estimation,51,2.5,-,43,2.5,-,43,0,-,43,0,-,43,0,-,43,0,Automated calculation,,3.1,-,43,93.2,-,43,0,Automated calculation,,0,Automated calculation,,0,Estimation,51,1,Estimation,51,1,-,8,tr.,-,43,tr.,-,43,0.01,-,43,0,-,43,tr.,-,43,tr.,-,43,0.04,-,43,tr.,-,43,0,-,43,tr.,-,43,120,-,43,4,-,43,5,-,22,9,-,43,4,-,43,5,-,43,0.8,-,43,10,-,9,0.2,-,9,n.d.,,,Nein
513,4692,1001016,"Cider, 6.2 vol%",,Alcoholic beverages/Wine,1,per 100ml food volume,269,Automated calculation,,64,Automated calculation,,0,-,22,0,-,22,0,-,22,0,-,22,0,Estimation,51,7.3,-,9,7.3,-,22,0,-,22,0,-,22,0,-,9,0,Automated calculation,,5,-,9,86.9,-,9,0,Automated calculation,,0,Automated calculation,,0,Estimation,51,1,Estimation,51,1,-,8,0,-,9,0,-,9,0.01,-,9,0.1,-,9,0.01,-,9,1,-,9,0.03,-,9,tr.,-,22,0,-,22,tr.,-,22,97,-,9,2,-,9,5,-,9,5,-,9,4,-,9,9,-,9,0.3,-,9,10,-,9,0.2,-,9,n.d.,,,Nein
876,4660,1001548,"Cinnamon cookie, star-shaped",,Sweets/Cookies/Biscuits,,per 100g edible portion,2050,Automated calculation,,490,Automated calculation,,24.9,Calculation on the basis of ingredients,,1.9,Calculation on the basis of ingredients,,15.7,Calculation on the basis of ingredients,,6.6,Calculation on the basis of ingredients,,1,Calculation on the basis of ingredients,,49,Calculation on the basis of ingredients,,49,Calculation on the basis of ingredients,,2,Calculation on the basis of ingredients,,6.8,Calculation on the basis of ingredients,,14.1,Calculation on the basis of ingredients,,0.1,Automated calculation,,0,Calculation on the basis of ingredients,,7.4,Automated calculation,,0,Automated calculation,,0,Automated calculation,,0,Calculation on the basis of ingredients,,3,Calculation on the basis of ingredients,,2,Calculation on the basis of ingredients,,0.1,Calculation on the basis of ingredients,,0.27,Calculation on the basis of ingredients,,0.08,Calculation on the basis of ingredients,,0.01,Calculation on the basis of ingredients,,1.08,Calculation on the basis of ingredients,,25,Calculation on the basis of ingredients,,0.25,Calculation on the basis of ingredients,,0.3,Calculation on the basis of ingredients,,0,Calculation on the basis of ingredients,,14.91,Calculation on the basis of ingredients,,400,Calculation on the basis of ingredients,,44,Calculation on the basis of ingredients,,79,Calculation on the basis of ingredients,,150,Calculation on the basis of ingredients,,120,Calculation on the basis of ingredients,,250,Calculation on the basis of ingredients,,3,Calculation on the basis of ingredients,,2,Calculation on the basis of ingredients,,3,Calculation on the basis of ingredients,,n.d.,,,Ja
1126,4077,,"Citrus fruits (average), raw",,Fruit/Fresh fruit,,per 100g edible portion,176,Automated calculation,,42,Automated calculation,,0.2,Calculation on the basis of ingredients,,0,Calculation on the basis of ingredients,,0,Calculation on the basis of ingredients,,0,Calculation on the basis of ingredients,,0,Calculation on the basis of ingredients,,8.3,Calculation on the basis of ingredients,,8.3,Calculation on the basis of ingredients,,0,Calculation on the basis of ingredients,,1.6,Calculation on the basis of ingredients,,0.8,Calculation on the basis of ingredients,,0,Automated calculation,,0,Calculation on the basis of ingredients,,89,Automated calculation,,23,Automated calculation,,11,Automated calculation,,0,Calculation on the basis of ingredients,,138,Calculation on the basis of ingredients,,114,Calculation on the basis of ingredients,,0.09,Calculation on the basis of ingredients,,0.03,Calculation on the basis of ingredients,,0.05,Calculation on the basis of ingredients,,0,Calculation on the basis of ingredients,,0.3,Calculation on the basis of ingredients,,15.6,Calculation on the basis of ingredients,,0.2,Calculation on the basis of ingredients,,44.6,Calculation on the basis of ingredients,,0,Calculation on the basis of ingredients,,0.42,Calculation on the basis of ingredients,,160,Calculation on the basis of ingredients,,3.3,Calculation on the basis of ingredients,,3.9,Calculation on the basis of ingredients,,34,Calculation on the basis of ingredients,,11,Calculation on the basis of ingredients,,15,Calculation on the basis of ingredients,,0.3,Calculation on the basis of ingredients,,0.9,Calculation on the basis of ingredients,,0.1,Calculation on the basis of ingredients,,n.d.,,,Ja
1683,,,"Cocktail sauce, home made with rapeseed mayonnaise",,Various/Sauces,,per 100g edible portion,2870,Automated calculation,,696,Automated calculation,,74.5,Calculation on the basis of ingredients,,6.3,Calculation on the basis of ingredients,,43.6,Calculation on the basis of ingredients,,19.5,Calculation on the basis of ingredients,,138,Calculation on the basis of ingredients,,3.9,Calculation on the basis of ingredients,,3.7,Calculation on the basis of ingredients,,0.2,Calculation on the basis of ingredients,,0.2,Calculation on the basis of ingredients,,2.4,Calculation on the basis of ingredients,,0.7,Automated calculation,,0,Calculation on the basis of ingredients,,19,Automated calculation,,101,Automated calculation,,88,Automated calculation,,75,Calculation on the basis of ingredients,,154,Calculation on the basis of ingredients,,148,Calculation on the basis of ingredients,,0.04,Calculation on the basis of ingredients,,0.08,Calculation on the basis of ingredients,,0.07,Calculation on the basis of ingredients,,0.59,Calculation on the basis of ingredients,,0.19,Calculation on the basis of ingredients,,19.2,Calculation on the basis of ingredients,,0.58,Calculation on the basis of ingredients,,2.7,Calculation on the basis of ingredients,,0.6,Calculation on the basis of ingredients,,24.3,Calculation on the basis of ingredients,,88,Calculation on the basis of ingredients,,290,Calculation on the basis of ingredients,,470,Calculation on the basis of ingredients,,21,Calculation on the basis of ingredients,,5.6,Calculation on the basis of ingredients,,72,Calculation on the basis of ingredients,,0.9,Calculation on the basis of ingredients,,1.7,Calculation on the basis of ingredients,,0.5,Calculation on the basis of ingredients,,n.d.,,,Ja
581,4414,1001114,Cocoa powder,,Sweets/Chocolate and cocoa products;Non-alcoholic beverages/Cocoa beverages,,per 100g edible portion,1740,Automated calculation,,419,Automated calculation,,24.5,-,9,14.4,-,9,8.2,-,9,0.8,-,9,0,-,9,10.8,-,36,2.2,-,36,8.6,-,36,32.7,-,9,22.5,-,1661,0,Automated calculation,,0,-,9,5.1,-,9,7,Automated calculation,,3,Automated calculation,,0,-,145,40,-,145,40,Estimation,1698,0.13,-,9,0.4,-,9,0.14,-,9,0,-,9,2.7,-,9,38,-,9,1.1,-,9,tr.,-,36,0,-,9,0.68,-,9,1920,-,9,17,-,9,32,-,9,110,-,9,410,-,9,660,-,9,13,-,9,2.8,-,9,5.7,-,9,n.d.,,,Nein
888,4206,1001560,Coco macaroon,,Sweets/Cookies/Biscuits,,per 100g edible portion,2320,Automated calculation,,558,Automated calculation,,40.1,Calculation on the basis of ingredients,,34.8,Calculation on the basis of ingredients,,2.4,Calculation on the basis of ingredients,,0.6,Calculation on the basis of ingredients,,0,Calculation on the basis of ingredients,,35.8,Calculation on the basis of ingredients,,35.8,Calculation on the basis of ingredients,,tr.,Calculation on the basis of ingredients,,12.7,Calculation on the basis of ingredients,,7.1,Calculation on the basis of ingredients,,0.3,Automated calculation,,0,Calculation on the basis of ingredients,,5,Automated calculation,,0,Automated calculation,,0,Automated calculation,,0,Calculation on the basis of ingredients,,0,Calculation on the basis of ingredients,,0,Calculation on the basis of ingredients,,0.03,Calculation on the basis of ingredients,,0.12,Calculation on the basis of ingredients,,0.13,Calculation on the basis of ingredients,,0.02,Calculation on the basis of ingredients,,0.49,Calculation on the basis of ingredients,,6.9,Calculation on the basis of ingredients,,0.44,Calculation on the basis of ingredients,,0.6,Calculation on the basis of ingredients,,0,Calculation on the basis of ingredients,,0.8,Calculation on the basis of ingredients,,410,Calculation on the basis of ingredients,,100,Calculation on the basis of ingredients,,240,Calculation on the basis of ingredients,,17,Calculation on the basis of ingredients,,59,Calculation on the basis of ingredients,,120,Calculation on the basis of ingredients,,2.2,Calculation on the basis of ingredients,,3.2,Calculation on the basis of ingredients,,0.9,Calculation on the basis of ingredients,,n.d.,,,Nein
284,4021,842009,Coconut,,"Nuts, seeds and oleaginous fruit",,per 100g edible portion,1980,Automated calculation,,479,Automated calculation,,42,-,135,37,Estimation,43;1003,2.1,Estimation,43;1003,0.6,Estimation,43;1003,0,-,156,16,Estimation,1003,5,-,43,0,-,43,9.5,-,43,4.6,-,1640,0,Automated calculation,,0,Estimation,51,23.1,-,135,0,Automated calculation,,0,Automated calculation,,0,Estimation,51,0,Estimation,51,0,-,156,0.04,-,43,0.01,-,43,0.05,-,43,0,-,156,0.6,-,43,25,-,43,0.25,-,43,3,-,43,0,-,145,0.44,-,43,15,-,77,6,-,77,270,-,77,13,-,43,38,-,43,120,-,43,0.5,-,77,0.8,-,43,0.2,-,77,n.d.,,,Nein
742,3597,1001337,"Coconut, dried (coco flakes)",,"Nuts, seeds and oleaginous fruit",,per 100g edible portion,2750,Automated calculation,,667,Automated calculation,,63.3,-,9,54.8,-,9,3.8,-,9,1,-,9,0,-,9,6.4,-,9,6.4,-,9,0,-,9,20,-,9,8.1,Estimation,1662,0.1,Automated calculation,,0,-,9,2.2,-,9,0,Automated calculation,,0,Automated calculation,,0,Estimation,51,0,Estimation,51,0,-,156,0.05,-,9,0.08,-,9,0.2,-,9,0,-,9,0.75,-,9,9,-,9,0.65,-,9,1,-,9,0,-,9,1.26,-,9,600,-,9,33,-,9,200,-,9,25,-,9,90,-,9,180,-,9,3.5,-,9,3,-,9,1.5,-,9,n.d.,,,Nein
601,3935,1001140,Coconut fat,,Fats and oils/Fats,0.9,per 100g edible portion,3680,Automated calculation,,894,Automated calculation,,99,-,9,85.9,-,9,6,-,9,1.4,-,9,0,-,10,0,-,9,0,-,22,0,-,5,0,-,5,0.8,-,9,0,Automated calculation,,0,-,22,0.1,-,9,0,Automated calculation,,0,Automated calculation,,0,-,92,0,-,1662,0,-,92;1667,tr.,-,5,tr.,-,5,tr.,-,5,0,-,10,0,-,10,tr.,-,5,0,-,10,0,-,5,0,-,5,0,Automated calculation,,2,-,9,2,-,9,100,-,36,2,-,9,200,-,36,1,-,9,0,-,9,tr.,-,22,tr.,-,5,n.d.,,,Nein
13350,,,"Cod, filet, steamed (without addition of fat and salt)",,Fish/Sea fish,,per 100g edible portion,403,Automated calculation,,95,Automated calculation,,0.5,Calculation on the basis of ingredients,,0.1,Calculation on the basis of ingredients,,0.1,Calculation on the basis of ingredients,,0.2,Calculation on the basis of ingredients,,74,Calculation on the basis of ingredients,,0,Calculation on the basis of ingredients,,0,Calculation on the basis of ingredients,,0,Calculation on the basis of ingredients,,0,Calculation on the basis of ingredients,,22.6,Calculation on the basis of ingredients,,0.1,Automated calculation,,0,Calculation on the basis of ingredients,,76.9,Automated calculation,,2,Automated calculation,,2,Automated calculation,,2,Calculation on the basis of ingredients,,0,Calculation on the basis of ingredients,,0,Calculation on the basis of ingredients,,0.05,Calculation on the basis of ingredients,,0.04,Calculation on the basis of ingredients,,0.12,Calculation on the basis of ingredients,,1.4,Calculation on the basis of ingredients,,1.84,Calculation on the basis of ingredients,,9.6,Calculation on the basis of ingredients,,n.d.,,,0,Calculation on the basis of ingredients,,2,Calculation on the basis of ingredients,,0.88,Calculation on the basis of ingredients,,380,Calculation on the basis of ingredients,,56,Calculation on the basis of ingredients,,n.d.,,,16,Calculation on the basis of ingredients,,24,Calculation on the basis of ingredients,,210,Calculation on the basis of ingredients,,0.2,Calculation on the basis of ingredients,,180,Calculation on the basis of ingredients,,0.5,Calculation on the basis of ingredients,,26,Calculation on the basis of ingredients,,Ja
285,4022,851001,"Cod, raw",,Fish/Sea fish,,per 100g edible portion,323,Automated calculation,,76,Automated calculation,,0.4,-,1008,0.1,-,1008,0,-,1008,0.2,-,1008,59,-,1033,0,-,155,0,-,155,0,Estimation,51,0,-,155,18.1,-,1033,0.1,Automated calculation,,0,Estimation,51,81.1,-,88,2,Automated calculation,,2,Automated calculation,,2,Estimation,51,0,Estimation,51,0,-,155,0.05,-,155,0.05,-,1033,0.14,-,1033,1.4,-,1033,2.1,-,1033,11,-,1033,n.d.,,,0,-,155,1.8,-,1033,0.7,-,1033,410,-,1033,53,-,1033,n.d.,,,13,-,1033,23,-,1033,200,-,1033,0.2,-,1033,160,-,88;1333,0.4,-,1033,23,-,1033,Nein
994,4339,1001795,"Coffee, black, no sugar added",,Non-alcoholic beverages/Coffee,1,per 100ml food volume,6,Automated calculation,,2,Automated calculation,,0,Calculation on the basis of ingredients,,0,Calculation on the basis of ingredients,,0,Calculation on the basis of ingredients,,0,Calculation on the basis of ingredients,,0,Calculation on the basis of ingredients,,0.3,Calculation on the basis of ingredients,,0,Calculation on the basis of ingredients,,0,Calculation on the basis of ingredients,,0.1,Calculation on the basis of ingredients,,0.1,Calculation on the basis of ingredients,,0,Automated calculation,,0,Calculation on the basis of ingredients,,99.6,Automated calculation,,0,Automated calculation,,0,Automated calculation,,0,Calculation on the basis of ingredients,,0,Calculation on the basis of ingredients,,0,Calculation on the basis of ingredients,,0,Calculation on the basis of ingredients,,0,Calculation on the basis of ingredients,,0,Calculation on the basis of ingredients,,0,Calculation on the basis of ingredients,,0.13,Calculation on the basis of ingredients,,0,Calculation on the basis of ingredients,,0,Calculation on the basis of ingredients,,0,Calculation on the basis of ingredients,,0,Calculation on the basis of ingredients,,0,Calculation on the basis of ingredients,,26,Calculation on the basis of ingredients,,1.3,Calculation on the basis of ingredients,,1.3,Calculation on the basis of ingredients,,8,Calculation on the basis of ingredients,,3.3,Calculation on the basis of ingredients,,2.1,Calculation on the basis of ingredients,,0,Calculation on the basis of ingredients,,0.1,Calculation on the basis of ingredients,,0,Calculation on the basis of ingredients,,n.d.,,,Ja
69,4467,821045,Coffee cream UHT,,Fats and oils/Cream;Milk and dairy products/Cream and butter,1,per 100g edible portion,664,Automated calculation,,161,Automated calculation,,15,-,176,9,Estimation,1662,3.5,Estimation,1662,0.7,Estimation,1662,50,-,176,3.8,Estimation,1662,3.8,-,176,0,Estimation,1662,0,Estimation,1662,2.6,Estimation,1662,0.2,Automated calculation,,0,Estimation,1662,77.5,-,176,151,Automated calculation,,145,Automated calculation,,138,Estimation,1662,80,Estimation,1662,80,-,8,0.02,-,176,0.14,-,176,0.02,-,176,0.5,-,1528,0.1,-,1528,2.7,-,147,0.4,-,1528,1,-,1528,0.3,-,1528,0.34,-,176,140,-,176,77,-,176,70,-,1528,96,-,176,8.2,-,176,91,-,176,0,-,176,11,-,1528,0.3,-,176,n.d.,,,Ja
983,3591,1001672,"Coffee, instant, powder",,Non-alcoholic beverages/Coffee,,per 100g edible portion,1070,Automated calculation,,253,Automated calculation,,tr.,-,53,tr.,-,53,tr.,-,53,tr.,-,53,0,-,9,42.6,Estimation,1003,3.6,-,9,7.1,-,1008,19.1,-,1007,11.2,-,1640,0.1,Automated calculation,,0,-,9,3.5,-,36,0,Automated calculation,,0,Automated calculation,,0,Estimation,51,0,Estimation,51,0,Estimation,51,0.01,-,9,0.11,-,9,0.03,-,9,0,-,9,22,-,9,1,-,9,0.4,-,9,0,-,9,0,-,9,0,-,9,4380,-,9,58,-,9,50,-,9,170,-,9,390,-,9,350,-,9,4.4,-,9,20,-,9,0.5,-,9,n.d.,,,Nein
1188,4711,,"Coffee with coffee cream, no sugar added",,Non-alcoholic beverages/Coffee,1,per 100ml food volume,55,Automated calculation,,13,Automated calculation,,1.1,Calculation on the basis of ingredients,,0.7,Calculation on the basis of ingredients,,0.3,Calculation on the basis of ingredients,,0.1,Calculation on the basis of ingredients,,4,Calculation on the basis of ingredients,,0.5,Calculation on the basis of ingredients,,0.3,Calculation on the basis of ingredients,,0,Calculation on the basis of ingredients,,0.1,Calculation on the basis of ingredients,,0.3,Calculation on the basis of ingredients,,0,Automated calculation,,0,Calculation on the basis of ingredients,,98,Automated calculation,,11,Automated calculation,,11,Automated calculation,,10,Calculation on the basis of ingredients,,6,Calculation on the basis of ingredients,,6,Calculation on the basis of ingredients,,0,Calculation on the basis of ingredients,,0.01,Calculation on the basis of ingredients,,0,Calculation on the basis of ingredients,,0.04,Calculation on the basis of ingredients,,0.13,Calculation on the basis of ingredients,,0.2,Calculation on the basis of ingredients,,0.03,Calculation on the basis of ingredients,,0.1,Calculation on the basis of ingredients,,0,Calculation on the basis of ingredients,,0.02,Calculation on the basis of ingredients,,35,Calculation on the basis of ingredients,,6.9,Calculation on the basis of ingredients,,6.4,Calculation on the basis of ingredients,,14,Calculation on the basis of ingredients,,3.7,Calculation on the basis of ingredients,,8.7,Calculation on the basis of ingredients,,0,Calculation on the basis of ingredients,,0.9,Calculation on the basis of ingredients,,0,Calculation on the basis of ingredients,,n.d.,,,Ja
498,3942,1000985,"Cola beverage, sweetened",,Non-alcoholic beverages/Soft drinks,1,per 100ml food volume,170,Automated calculation,,40,Automated calculation,,0,-,43,0,-,43,0,-,43,0,-,43,0,Estimation,51,10,-,43,10,-,43,0,-,43,0,-,43,0,-,43,0,Automated calculation,,0,-,43,89,-,43,0,Automated calculation,,0,Automated calculation,,0,Estimation,51,0,Estimation,51,0,Estimation,51,0,-,43,0,-,43,0,-,43,0,-,43,0,-,43,0,-,43,0,-,43,0,-,43,0,-,43,0,-,43,1,-,43,9,-,43,10,-,8,5,-,43,1,-,43,15,-,43,tr.,-,43,2,-,8,0,-,8,n.d.,,,Nein
499,3941,1000986,"Cola beverage, with sweetener",,Non-alcoholic beverages/Soft drinks energy reduced,1,per 100ml food volume,1,Automated calculation,,0,Automated calculation,,tr.,-,43,tr.,-,43,tr.,-,43,tr.,-,43,0,Estimation,51,0,-,43,0,-,43,tr.,-,22,0,-,43,0,-,43,0,Automated calculation,,0,-,43,99.8,-,43,0,Automated calculation,,0,Automated calculation,,0,Estimation,51,0,Estimation,51,0,Estimation,51,0.01,-,43,0.02,-,43,0,-,43,0,-,43,0,-,43,0,-,43,0,-,43,0,-,43,0,-,43,0,-,43,1,-,43,5,-,43,11,-,8,4,-,43,1,-,43,8,-,43,0,-,43,1,-,8,0.1,-,8,n.d.,,,Nein
10353,,,Cold cuts (average),,Sausages and cold meats/Boiled sausage products,,per 100g edible portion,1200,Automated calculation,,291,Automated calculation,,25.7,Calculation on the basis of ingredients,,9.7,Calculation on the basis of ingredients,,12,Calculation on the basis of ingredients,,2.4,Calculation on the basis of ingredients,,59,Calculation on the basis of ingredients,,0.7,Calculation on the basis of ingredients,,0.7,Calculation on the basis of ingredients,,0,Calculation on the basis of ingredients,,0,Calculation on the basis of ingredients,,14.2,Calculation on the basis of ingredients,,2,Automated calculation,,0,Calculation on the basis of ingredients,,59.4,Automated calculation,,3,Automated calculation,,3,Automated calculation,,3,Calculation on the basis of ingredients,,4,Calculation on the basis of ingredients,,4,Calculation on the basis of ingredients,,0.27,Calculation on the basis of ingredients,,0.13,Calculation on the basis of ingredients,,0.15,Calculation on the basis of ingredients,,0.95,Calculation on the basis of ingredients,,2.85,Calculation on the basis of ingredients,,2.3,Calculation on the basis of ingredients,,0.42,Calculation on the basis of ingredients,,26.8,Calculation on the basis of ingredients,,0.5,Calculation on the basis of ingredients,,0.21,Calculation on the basis of ingredients,,120,Calculation on the basis of ingredients,,790,Calculation on the basis of ingredients,,1110,Calculation on the basis of ingredients,,8.1,Calculation on the basis of ingredients,,12,Calculation on the basis of ingredients,,160,Calculation on the basis of ingredients,,0.8,Calculation on the basis of ingredients,,1.2,Calculation on the basis of ingredients,,1.5,Calculation on the basis of ingredients,,n.d.,,,Ja
1573,,,"Coleslaw salad, prepared",,Prepared dishes/Salads,,per 100g edible portion,497,Automated calculation,,120,Automated calculation,,10.3,Calculation on the basis of ingredients,,1.8,Calculation on the basis of ingredients,,2.9,Calculation on the basis of ingredients,,5.1,Calculation on the basis of ingredients,,19,Calculation on the basis of ingredients,,4.2,Calculation on the basis of ingredients,,4.1,Calculation on the basis of ingredients,,0.1,Calculation on the basis of ingredients,,2.1,Calculation on the basis of ingredients,,1.6,Calculation on the basis of ingredients,,0.2,Automated calculation,,0,Calculation on the basis of ingredients,,81.8,Automated calculation,,167,Automated calculation,,87,Automated calculation,,6,Calculation on the basis of ingredients,,965,Calculation on the basis of ingredients,,775,Calculation on the basis of ingredients,,0.04,Calculation on the basis of ingredients,,0.06,Calculation on the basis of ingredients,,0.14,Calculation on the basis of ingredients,,0.1,Calculation on the basis of ingredients,,0.28,Calculation on the basis of ingredients,,23.7,Calculation on the basis of ingredients,,0.3,Calculation on the basis of ingredients,,29.6,Calculation on the basis of ingredients,,0.1,Calculation on the basis of ingredients,,6.23,Calculation on the basis of ingredients,,200,Calculation on the basis of ingredients,,74,Calculation on the basis of ingredients,,120,Calculation on the basis of ingredients,,59,Calculation on the basis of ingredients,,11,Calculation on the basis of ingredients,,45,Calculation on the basis of ingredients,,0.3,Calculation on the basis of ingredients,,5.1,Calculation on the basis of ingredients,,0.2,Calculation on the basis of ingredients,,n.d.,,,Nein
13388,,,"Common bean (all types), mature seed, cooked (without addition of fat and salt)",,"Cereal products, pulses and potatoes/Pulses",,per 100g edible portion,481,Automated calculation,,114,Automated calculation,,0.6,Calculation on the basis of ingredients,,0.1,Calculation on the basis of ingredients,,0,Calculation on the basis of ingredients,,0.3,Calculation on the basis of ingredients,,0,Calculation on the basis of ingredients,,15.2,Calculation on the basis of ingredients,,4.5,Calculation on the basis of ingredients,,13.3,Calculation on the basis of ingredients,,8.5,Calculation on the basis of ingredients,,7.8,Calculation on the basis of ingredients,,0,Automated calculation,,0,Calculation on the basis of ingredients,,67.9,Automated calculation,,0,Automated calculation,,0,Automated calculation,,0,Calculation on the basis of ingredients,,1,Calculation on the basis of ingredients,,1,Calculation on the basis of ingredients,,0.08,Calculation on the basis of ingredients,,0.02,Calculation on the basis of ingredients,,0.07,Calculation on the basis of ingredients,,0,Calculation on the basis of ingredients,,0.83,Calculation on the basis of ingredients,,76.8,Calculation on the basis of ingredients,,0.08,Calculation on the basis of ingredients,,0.6,Calculation on the basis of ingredients,,0,Calculation on the basis of ingredients,,0.05,Calculation on the basis of ingredients,,420,Calculation on the basis of ingredients,,1,Calculation on the basis of ingredients,,18,Calculation on the basis of ingredients,,45,Calculation on the basis of ingredients,,51,Calculation on the basis of ingredients,,150,Calculation on the basis of ingredients,,2,Calculation on the basis of ingredients,,0.4,Calculation on the basis of ingredients,,1.1,Calculation on the basis of ingredients,,n.d.,,,Ja
13387,,,"Common bean (all types), mature seed, dried",,"Cereal products, pulses and potatoes/Pulses",,per 100g edible portion,1280,Automated calculation,,305,Automated calculation,,1.5,-,1649,0.3,-,1649,0.1,-,1649,0.7,-,1649,0,Estimation,1648,40.7,-,1649,12,-,1528,35.6,-,1528,22.6,-,1649,20.9,-,1649,0,Automated calculation,,0,Estimation,1648,10.4,-,1649,0,Automated calculation,,0,Automated calculation,,0,Estimation,1648,2,-,1649,2,-,1649,0.34,-,1642;1649,0.08,-,1649,0.25,-,1642;1649,0,Estimation,1648,3.4,-,1649,410,-,1649,0.39,-,1528;1642,2.7,-,1649,0,-,1528,0.15,-,1649,1510,-,1542;1649,1.3,-,1542;1649,47,Estimation,,130,-,1542;1649,160,-,1542;1649,440,-,1542;1649,6.3,-,1542;1649,1.1,-,1528,3.2,-,1649,n.d.,,,Nein
526,4618,1001040,"Condensed milk, sweetened",,Milk and dairy products/Milk,1.1,per 100g edible portion,1430,Automated calculation,,339,Automated calculation,,10,-,1528,6,Estimation,1662,2.4,Estimation,1662,0.5,Estimation,1662,36,-,1528,54.3,-,1528,54.3,-,1528,0,-,1528,0,Estimation,1662,8,-,1640,0.3,Automated calculation,,0,Estimation,1662,25.6,-,1528,96,Automated calculation,,92,Automated calculation,,88,-,1528,49,Estimation,1662,49,-,1528,0.09,-,1528,0.43,-,1528;1653,0.07,-,1528,0.58,-,1653,0.22,-,1528,7,-,1528,0.8,-,1528;1653,2.5,-,1528,0.2,-,1653,0.2,-,1528,360,-,1528,120,-,1528,250,-,1528,280,-,1528,24,-,1528,250,-,1528,0.2,-,1528,18,-,1528,0.9,-,1528,n.d.,,,Nein
527,4617,1001041,"Condensed milk, unsweetened",,Milk and dairy products/Milk,1.1,per 100g edible portion,547,Automated calculation,,131,Automated calculation,,7.6,-,1528,4.6,Estimation,1662,1.8,Estimation,1662,0.4,Estimation,1662,20,-,1528,9.3,-,1528,9.3,-,1528,0,-,1528,0,Estimation,1662,6.4,-,1640,0.2,Automated calculation,,0,Estimation,1662,74.8,-,1528,54,Automated calculation,,51,Automated calculation,,48,-,1528,34,Estimation,1662,34,-,1528,0.07,-,1528,0.37,-,1528,0.06,-,9,0.4,-,1528,0.2,-,1528,6,-,1528,0.64,-,1528,2.1,-,1528,0.1,-,1528,0.17,-,1528,320,-,1528,98,-,1528,210,-,1528,240,-,1528,27,-,1528,190,-,1528,0.1,-,9,6.7,-,1528,0.8,-,1528,3,-,1544,Nein
1118,3644,,Cooked cured meat (average),,Sausages and cold meats/Cooked sausage products,,per 100g edible portion,926,Automated calculation,,223,Automated calculation,,15.6,Calculation on the basis of ingredients,,6,Calculation on the basis of ingredients,,7.2,Calculation on the basis of ingredients,,1.1,Calculation on the basis of ingredients,,49,Calculation on the basis of ingredients,,0.7,Calculation on the basis of ingredients,,0.7,Calculation on the basis of ingredients,,0,Calculation on the basis of ingredients,,0,Calculation on the basis of ingredients,,19.8,Calculation on the basis of ingredients,,2.8,Automated calculation,,0,Calculation on the basis of ingredients,,63.9,Automated calculation,,4,Automated calculation,,4,Automated calculation,,4,Calculation on the basis of ingredients,,0,Calculation on the basis of ingredients,,0,Calculation on the basis of ingredients,,0.59,Calculation on the basis of ingredients,,0.16,Calculation on the basis of ingredients,,0.32,Calculation on the basis of ingredients,,0.5,Calculation on the basis of ingredients,,5.54,Calculation on the basis of ingredients,,2,Calculation on the basis of ingredients,,0.88,Calculation on the basis of ingredients,,33.6,Calculation on the basis of ingredients,,0.5,Calculation on the basis of ingredients,,0.2,Calculation on the basis of ingredients,,410,Calculation on the basis of ingredients,,1130,Calculation on the basis of ingredients,,1640,Calculation on the basis of ingredients,,9.8,Calculation on the basis of ingredients,,21,Calculation on the basis of ingredients,,240,Calculation on the basis of ingredients,,0.5,Calculation on the basis of ingredients,,1.9,Calculation on the basis of ingredients,,2.3,Calculation on the basis of ingredients,,9.7,Calculation on the basis of ingredients,,Ja
1116,4058,,Cooked sausages (average),,Sausages and cold meats/Cooked sausage products,,per 100g edible portion,1300,Automated calculation,,314,Automated calculation,,27.2,Calculation on the basis of ingredients,,10,Calculation on the basis of ingredients,,12.4,Calculation on the basis of ingredients,,3.3,Calculation on the basis of ingredients,,93,Calculation on the basis of ingredients,,1.2,Calculation on the basis of ingredients,,1.1,Calculation on the basis of ingredients,,0.1,Calculation on the basis of ingredients,,0.1,Calculation on the basis of ingredients,,15.8,Calculation on the basis of ingredients,,2.6,Automated calculation,,0.1,Calculation on the basis of ingredients,,55.6,Automated calculation,,1242,Automated calculation,,1242,Automated calculation,,1241,Calculation on the basis of ingredients,,5,Calculation on the basis of ingredients,,5,Calculation on the basis of ingredients,,0.21,Calculation on the basis of ingredients,,0.46,Calculation on the basis of ingredients,,0.2,Calculation on the basis of ingredients,,4.03,Calculation on the basis of ingredients,,4.21,Calculation on the basis of ingredients,,14.2,Calculation on the basis of ingredients,,0.91,Calculation on the basis of ingredients,,10.9,Calculation on the basis of ingredients,,0,Calculation on the basis of ingredients,,0.38,Calculation on the basis of ingredients,,190,Calculation on the basis of ingredients,,1030,Calculation on the basis of ingredients,,1020,Calculation on the basis of ingredients,,25,Calculation on the basis of ingredients,,12,Calculation on the basis of ingredients,,120,Calculation on the basis of ingredients,,8.8,Calculation on the basis of ingredients,,3.9,Calculation on the basis of ingredients,,2.5,Calculation on the basis of ingredients,,n.d.,,,Ja
1113,4758,,Cooked sausages not smoked (average),,Sausages and cold meats/Boiled sausage products,,per 100g edible portion,1100,Automated calculation,,266,Automated calculation,,23.1,Calculation on the basis of ingredients,,8.7,Calculation on the basis of ingredients,,10.8,Calculation on the basis of ingredients,,2.3,Calculation on the basis of ingredients,,58,Calculation on the basis of ingredients,,0.8,Calculation on the basis of ingredients,,0.8,Calculation on the basis of ingredients,,0,Calculation on the basis of ingredients,,0,Calculation on the basis of ingredients,,13.7,Calculation on the basis of ingredients,,2,Automated calculation,,0,Calculation on the basis of ingredients,,62.5,Automated calculation,,4,Automated calculation,,4,Automated calculation,,3,Calculation on the basis of ingredients,,8,Calculation on the basis of ingredients,,8,Calculation on the basis of ingredients,,0.21,Calculation on the basis of ingredients,,0.13,Calculation on the basis of ingredients,,0.15,Calculation on the basis of ingredients,,0.85,Calculation on the basis of ingredients,,2.89,Calculation on the basis of ingredients,,2.4,Calculation on the basis of ingredients,,0.46,Calculation on the basis of ingredients,,21.4,Calculation on the basis of ingredients,,0.4,Calculation on the basis of ingredients,,0.16,Calculation on the basis of ingredients,,140,Calculation on the basis of ingredients,,810,Calculation on the basis of ingredients,,1130,Calculation on the basis of ingredients,,12,Calculation on the basis of ingredients,,13,Calculation on the basis of ingredients,,170,Calculation on the basis of ingredients,,0.7,Calculation on the basis of ingredients,,1.5,Calculation on the basis of ingredients,,1.4,Calculation on the basis of ingredients,,n.d.,,,Ja
1112,4030,,Cooked smoked sausages (average),,Sausages and cold meats/Boiled sausage products,,per 100g edible portion,1090,Automated calculation,,263,Automated calculation,,22.7,Calculation on the basis of ingredients,,8.7,Calculation on the basis of ingredients,,10.5,Calculation on the basis of ingredients,,2,Calculation on the basis of ingredients,,51,Calculation on the basis of ingredients,,0.5,Calculation on the basis of ingredients,,0.5,Calculation on the basis of ingredients,,0,Calculation on the basis of ingredients,,0,Calculation on the basis of ingredients,,14.3,Calculation on the basis of ingredients,,2.2,Automated calculation,,0,Calculation on the basis of ingredients,,62.6,Automated calculation,,2,Automated calculation,,2,Automated calculation,,2,Calculation on the basis of ingredients,,2,Calculation on the basis of ingredients,,2,Calculation on the basis of ingredients,,0.24,Calculation on the basis of ingredients,,0.12,Calculation on the basis of ingredients,,0.1,Calculation on the basis of ingredients,,0.87,Calculation on the basis of ingredients,,3.14,Calculation on the basis of ingredients,,0.9,Calculation on the basis of ingredients,,0.42,Calculation on the basis of ingredients,,35.4,Calculation on the basis of ingredients,,0.4,Calculation on the basis of ingredients,,0.08,Calculation on the basis of ingredients,,180,Calculation on the basis of ingredients,,870,Calculation on the basis of ingredients,,1220,Calculation on the basis of ingredients,,8.5,Calculation on the basis of ingredients,,13,Calculation on the basis of ingredients,,180,Calculation on the basis of ingredients,,0.9,Calculation on the basis of ingredients,,0.4,Calculation on the basis of ingredients,,1.9,Calculation on the basis of ingredients,,n.d.,,,Ja
51,4232,821025,Cooking butter,,Fats and oils/Fats;Milk and dairy products/Cream and butter,0.9,per 100g edible portion,3060,Automated calculation,,745,Automated calculation,,82.2,-,182,49.3,-,182,19.3,-,182,3.8,-,182,221,-,182,0.7,Estimation,51,0.6,-,182,0,Estimation,51,0,Estimation,51,0.5,Estimation,1662,0,Automated calculation,,0,Estimation,51,16.6,-,182,856,Automated calculation,,825,Automated calculation,,794,Estimation,51,374,Estimation,51,370,-,98,0,-,182,0.03,-,182,0,-,182,0,-,22,0,-,22,0,-,22,0,-,22,0,-,22,1.3,-,127,1.75,-,182,20,-,182,<10,-,182,12,-,182,16,-,182,1.4,-,182,21,-,182,0,-,182,0,-,22,<0.2,-,182,n.d.,,,Ja
715,3724,1001303,Coppa (cured pork meat),,Sausages and cold meats/Raw sausage products,,per 100g edible portion,1330,Automated calculation,,319,Automated calculation,,22.5,-,1010,8.5,-,1032,9.9,-,1032,1.6,-,1032,81,-,1010,0.3,-,1032,0.3,-,1010,tr.,-,22,0,-,22,28.8,-,1010,3.8,Automated calculation,,0,-,22,43.9,-,1010,0,Automated calculation,,0,Automated calculation,,0,Estimation,51,0,-,81,0,Estimation,51,0.87,-,1032,0.28,-,1032,0.43,-,1032,0.3,-,1032,7.6,-,1032,4,-,5,2.4,-,1032,6.4,-,1032,0.8,-,1032,0.15,-,5,490,-,1032,1520,-,1032,2430,-,1032,13,-,5,26,-,1032,270,-,1032,1.4,-,1032,tr.,-,22,4.3,-,1032,15,-,1032,Nein
1650,,,"Cordon bleu from pork schnitzel, fried",,Meat and offal/Pork,,per 100g edible portion,1040,Automated calculation,,249,Automated calculation,,12.2,Calculation on the basis of ingredients,,3.4,Calculation on the basis of ingredients,,6.1,Calculation on the basis of ingredients,,1.4,Calculation on the basis of ingredients,,105,Calculation on the basis of ingredients,,10.4,Calculation on the basis of ingredients,,0.7,Calculation on the basis of ingredients,,9.7,Calculation on the basis of ingredients,,0.6,Calculation on the basis of ingredients,,24,Calculation on the basis of ingredients,,0.9,Automated calculation,,0,Calculation on the basis of ingredients,,52.9,Automated calculation,,54,Automated calculation,,51,Automated calculation,,48,Calculation on the basis of ingredients,,36,Calculation on the basis of ingredients,,33,Calculation on the basis of ingredients,,0.36,Calculation on the basis of ingredients,,0.19,Calculation on the basis of ingredients,,0.23,Calculation on the basis of ingredients,,0.85,Calculation on the basis of ingredients,,2.97,Calculation on the basis of ingredients,,14,Calculation on the basis of ingredients,,0.74,Calculation on the basis of ingredients,,6.5,Calculation on the basis of ingredients,,0.3,Calculation on the basis of ingredients,,0.81,Calculation on the basis of ingredients,,210,Calculation on the basis of ingredients,,350,Calculation on the basis of ingredients,,520,Calculation on the basis of ingredients,,110,Calculation on the basis of ingredients,,23,Calculation on the basis of ingredients,,230,Calculation on the basis of ingredients,,1.6,Calculation on the basis of ingredients,,5.8,Calculation on the basis of ingredients,,2.8,Calculation on the basis of ingredients,,n.d.,,,Ja
1649,,,"Cordon bleu from veal schnitzel, fried",,Meat and offal/Veal,,per 100g edible portion,1010,Automated calculation,,240,Automated calculation,,11.4,Calculation on the basis of ingredients,,3.2,Calculation on the basis of ingredients,,5.7,Calculation on the basis of ingredients,,1.3,Calculation on the basis of ingredients,,106,Calculation on the basis of ingredients,,10.4,Calculation on the basis of ingredients,,0.7,Calculation on the basis of ingredients,,9.7,Calculation on the basis of ingredients,,0.6,Calculation on the basis of ingredients,,23.7,Calculation on the basis of ingredients,,0.9,Automated calculation,,0,Calculation on the basis of ingredients,,54,Automated calculation,,56,Automated calculation,,53,Automated calculation,,50,Calculation on the basis of ingredients,,39,Calculation on the basis of ingredients,,35,Calculation on the basis of ingredients,,0.1,Calculation on the basis of ingredients,,0.25,Calculation on the basis of ingredients,,0.21,Calculation on the basis of ingredients,,0.83,Calculation on the basis of ingredients,,6.13,Calculation on the basis of ingredients,,17,Calculation on the basis of ingredients,,0.98,Calculation on the basis of ingredients,,6.5,Calculation on the basis of ingredients,,0.3,Calculation on the basis of ingredients,,0.56,Calculation on the basis of ingredients,,240,Calculation on the basis of ingredients,,340,Calculation on the basis of ingredients,,520,Calculation on the basis of ingredients,,110,Calculation on the basis of ingredients,,27,Calculation on the basis of ingredients,,260,Calculation on the basis of ingredients,,2,Calculation on the basis of ingredients,,5.2,Calculation on the basis of ingredients,,2.6,Calculation on the basis of ingredients,,n.d.,,,Ja
940,4716,1001613,Cornflakes,,"Bread, flakes and breakfast cereals/Muesli mixes and breakfast cereals",,per 100g edible portion,1540,Automated calculation,,363,Automated calculation,,0.6,-,9,0.1,-,9,0.2,-,9,0.2,-,9,0,-,9,79.7,-,1528,7.2,-,1528,72.5,Estimation,1648,4,-,9,7.7,-,1528,2.4,Automated calculation,,0,-,9,5.1,-,1528,28,Automated calculation,,14,Automated calculation,,0,Estimation,1648,170,Estimation,1648,170,-,91,0.06,-,9,0.06,-,9,0.07,-,9,0,-,9,1.4,-,9,6,-,9,0.17,-,9,0,-,9,0,-,9,0.1,-,1528,120,-,9,960,-,1528,1800,-,9,13,-,9,14,-,9,59,-,9,2,-,9,1,-,9,0.3,-,1528,n.d.,,,Nein
412,4542,1000884,Corn germ oil,,Fats and oils/Oils,0.9,per 100ml food volume,3330,Automated calculation,,810,Automated calculation,,90,-,1660,11,-,1660,24.8,-,1660,49.9,-,1660,0,Estimation,1648,0,Estimation,1648,0,Estimation,1648,0,Estimation,1648,0,Estimation,1648,0,Estimation,1648,0,Automated calculation,,0,Estimation,1648,0,Estimation,1648,0,Automated calculation,,0,Automated calculation,,0,-,92,0,Estimation,1648,0,-,92,0,Estimation,1648,0,Estimation,1648,0,Estimation,1648,0,Estimation,1648,0,Estimation,1648,0,Estimation,1648,0,Estimation,1648,0,Estimation,1648,0,Estimation,1648,30.6,Estimation,1640,0,Estimation,1648,0,Estimation,1648,0,Estimation,1648,0,Estimation,1648,0,Estimation,1648,0,Estimation,1648,0,Estimation,1648,0,Estimation,1648,0,Estimation,1648,n.d.,,,Nein
1619,,,"Corn semolina, cooked",,"Cereal products, pulses and potatoes/Corn",,per 100g edible portion,336,Automated calculation,,79,Automated calculation,,0.2,Calculation on the basis of ingredients,,0,Calculation on the basis of ingredients,,0.1,Calculation on the basis of ingredients,,0.1,Calculation on the basis of ingredients,,0,Calculation on the basis of ingredients,,16.7,Calculation on the basis of ingredients,,0.3,Calculation on the basis of ingredients,,16.3,Calculation on the basis of ingredients,,1.1,Calculation on the basis of ingredients,,2,Calculation on the basis of ingredients,,0.6,Automated calculation,,0,Calculation on the basis of ingredients,,80,Automated calculation,,6,Automated calculation,,3,Automated calculation,,0,Calculation on the basis of ingredients,,35,Calculation on the basis of ingredients,,20,Calculation on the basis of ingredients,,0.01,Calculation on the basis of ingredients,,0.01,Calculation on the basis of ingredients,,0.02,Calculation on the basis of ingredients,,0,Calculation on the basis of ingredients,,0.27,Calculation on the basis of ingredients,,1.1,Calculation on the basis of ingredients,,0.06,Calculation on the basis of ingredients,,0,Calculation on the basis of ingredients,,0,Calculation on the basis of ingredients,,0.12,Calculation on the basis of ingredients,,18,Calculation on the basis of ingredients,,230,Calculation on the basis of ingredients,,340,Calculation on the basis of ingredients,,7.3,Calculation on the basis of ingredients,,5.4,Calculation on the basis of ingredients,,17,Calculation on the basis of ingredients,,0.2,Calculation on the basis of ingredients,,0.7,Calculation on the basis of ingredients,,0.1,Calculation on the basis of ingredients,,n.d.,,,Nein
425,4698,1000898,"Corn semolina, dried",,"Cereal products, pulses and potatoes/Corn",,per 100g edible portion,1480,Automated calculation,,350,Automated calculation,,1.1,-,9,0.1,-,9,0.4,-,9,0.4,-,9,0,-,9,73.8,-,9,1.5,-,9,72,-,9,5,-,9,8.8,-,9,0,Automated calculation,,0,Estimation,1648,11,-,9,26,Automated calculation,,13,Automated calculation,,0,Estimation,1648,156,Estimation,1648,88,-,74,0.05,-,9;1642,0.04,-,9,0.1,-,9;1642,0,-,9,1.2,-,9,5,-,9,0.26,-,9;1642,0,-,9,0,-,9,0.52,-,1528,80,-,9,1,-,9,15,-,9,4,-,9,20,-,9,73,-,9,1,-,9,2.5,-,9,0.4,-,9,n.d.,,,Nein
758,4582,1001401,Cotechino (pork sausage),,Sausages and cold meats/Raw sausage products,,per 100g edible portion,1860,Automated calculation,,450,Automated calculation,,42.3,-,5,14,-,5,20.3,-,5,6,-,5,98,-,5,0,-,5,0,-,5,0,-,5,0,-,5,17.2,-,5,4.4,Automated calculation,,0,-,5,36.8,-,5,0,Automated calculation,,0,Automated calculation,,0,Estimation,51,0,-,81,0,Estimation,51,0.2,-,5,0.16,-,5,0.07,-,5,0,-,5,7.3,-,5,1,-,5,tr.,-,22,0,-,5,tr.,-,5,0.24,-,5,270,-,5,1740,-,5,tr.,-,22,30,-,5,tr.,-,22,110,-,5,2.1,-,5,tr.,-,22,4.1,-,5,n.d.,,,Nein
505,3713,1001002,Cottage cheese,,Milk and dairy products/Fresh cheese and curds,,per 100g edible portion,418,Automated calculation,,100,Automated calculation,,4.5,-,183,2.7,-,183,1,-,183,0.2,-,183,14,-,183,2.4,-,183,2.2,-,183,0,-,22,0,-,22,12.4,Estimation,1662,0.8,Automated calculation,,0,-,22,78.6,-,183,50,Automated calculation,,47,Automated calculation,,45,Estimation,51,30,Estimation,51,30,-,8,0.01,-,183,0.23,-,183;1659,0.02,-,183,0.52,-,35;1659,0.1,-,35,15,-,35,0.36,-,35;1659,0,-,22,0.1,-,35;1659,0.11,-,183,72,-,183,320,-,183,570,-,183,69,-,183,6.2,-,183,150,-,183,0,-,183,20,-,35,0.4,-,183,n.d.,,,Nein
1093,4314,,Cotto (meat product),,Sausages and cold meats/Cooked sausage products,,per 100g edible portion,392,Automated calculation,,93,Automated calculation,,3.1,-,1032,1.2,-,1032,1.5,-,1032,0.2,-,1032,35,-,1032,0.6,-,1032,0.6,-,1032,n.d.,,,0,Estimation,1003,15.7,-,1032,2.3,Automated calculation,,0,Estimation,1003,77,-,1032,0,Automated calculation,,0,Automated calculation,,tr.,-,1032,n.d.,,,n.d.,,,0.47,-,1032,0.15,-,1032,0.27,-,1032,tr.,-,1032,4.2,-,1032,n.d.,,,0.7,-,1032,46.3,-,1032,tr.,-,1032,tr.,-,1032,380,-,1032,910,-,1032,1250,-,1032,7.5,-,1032,18,-,1032,240,-,1032,0.7,-,1032,n.d.,,,2.1,-,1032,7.4,-,1032,Nein
64,4227,821040,"Cow milk, skimmed, UHT",,Milk and dairy products/Milk,1,per 100ml food volume,139,Automated calculation,,33,Automated calculation,,0.1,-,181,0.1,Estimation,1662,0,Estimation,1662,0,Estimation,1662,0,-,181,4.7,Estimation,1662,4.7,-,181,0,Estimation,1662,0,Estimation,1662,3.3,Estimation,1662,0.1,Automated calculation,,0,Estimation,1662,90.8,-,181,2,Automated calculation,,2,Automated calculation,,2,Estimation,1662,1,Estimation,1662,1,-,8,0.02,-,181,0.16,-,181,0.03,-,181,0.1,-,181,0.1,-,1528,5,-,1528,0.28,-,1528,0.6,-,181,0,-,1528,0,-,181,160,-,181,39,-,181,96,-,181,130,-,181,11,-,181,97,-,181,0,-,181,3.1,-,181,0.4,-,181,n.d.,,,Nein
950,4204,1001628,"Cracker, salty snacks",,Savoury snacks/Salt sticks and pretzels,,per 100g edible portion,1890,Automated calculation,,449,Automated calculation,,15.9,Calculation on the basis of ingredients,,5.9,Calculation on the basis of ingredients,,6.8,Calculation on the basis of ingredients,,2.4,Calculation on the basis of ingredients,,0,Calculation on the basis of ingredients,,66.3,Calculation on the basis of ingredients,,tr.,Calculation on the basis of ingredients,,66.3,Calculation on the basis of ingredients,,2.1,Calculation on the basis of ingredients,,9.2,Calculation on the basis of ingredients,,1.5,Automated calculation,,0,Calculation on the basis of ingredients,,6.5,Automated calculation,,0,Automated calculation,,0,Automated calculation,,0,Calculation on the basis of ingredients,,0,Calculation on the basis of ingredients,,0,Calculation on the basis of ingredients,,0.22,Calculation on the basis of ingredients,,0.05,Calculation on the basis of ingredients,,0.12,Calculation on the basis of ingredients,,0,Calculation on the basis of ingredients,,1.65,Calculation on the basis of ingredients,,21.3,Calculation on the basis of ingredients,,0.29,Calculation on the basis of ingredients,,0,Calculation on the basis of ingredients,,0,Calculation on the basis of ingredients,,1.75,Calculation on the basis of ingredients,,120,Calculation on the basis of ingredients,,590,Calculation on the basis of ingredients,,810,Calculation on the basis of ingredients,,110,Calculation on the basis of ingredients,,24,Calculation on the basis of ingredients,,110,Calculation on the basis of ingredients,,1.6,Calculation on the basis of ingredients,,13,Calculation on the basis of ingredients,,0.7,Calculation on the basis of ingredients,,n.d.,,,Ja
987,3564,1001680,"Cranberry, fresh",,Fruit/Fresh fruit,,per 100g edible portion,168,Automated calculation,,40,Automated calculation,,0.5,-,9,0,-,9,0.1,-,9,0.3,-,9,0,-,9,7.1,-,9,7,-,9,0.1,-,9,2.9,-,9,0.3,-,9,0,Automated calculation,,0,-,9,87.5,-,9,2,Automated calculation,,1,Automated calculation,,0,Estimation,51,9,Estimation,51,9,-,90,0.02,-,9,0.02,-,9,0.01,-,9,0,-,9,0.1,-,9,3,-,9,0.12,-,9,12,-,9,0,-,9,0.99,-,9,70,-,9,2,-,9,4,-,9,14,-,9,6,-,9,10,-,9,0.5,-,9,5,-,9,0.2,-,9,n.d.,,,Nein
65,4226,821041,"Cream, 35% fat, pasteurized",,Fats and oils/Cream;Milk and dairy products/Cream and butter,1,per 100g edible portion,1370,Automated calculation,,334,Automated calculation,,34.8,-,176,20.9,Estimation,1648,8.2,Estimation,1648,1.6,Estimation,1648,101,-,176,3.1,Estimation,1648,3.1,-,176,0,Estimation,1648,0,Estimation,1648,2,Estimation,1662,0.1,Automated calculation,,0,Estimation,1648,59.4,-,176,380,Automated calculation,,368,Automated calculation,,356,Estimation,1648,143,Estimation,1698,143,-,1640,0.02,-,176,0.13,-,176;1653,0.03,-,176,0.21,-,1653,0.08,-,1528,7,-,147,0.31,-,147;1653,0.7,-,147,0.5,-,1653,0.84,-,176,120,-,176,35,-,176,69,-,1528,71,-,176,6.2,-,176,71,-,176,0.1,-,176,7,-,1333,0.2,-,176,n.d.,,,Ja
66,4225,821042,"Cream, 35% fat, UHT",,Fats and oils/Cream;Milk and dairy products/Cream and butter,1,per 100g edible portion,1380,Automated calculation,,335,Automated calculation,,34.9,-,176,20.9,Estimation,1648,8.2,Estimation,1648,1.6,Estimation,1648,101,-,176,3.1,Estimation,1648,3.1,-,176,0,Estimation,1648,0,Estimation,1648,2,Estimation,1662,0.1,Automated calculation,,0,Estimation,1648,59.2,-,176,402,Automated calculation,,390,Automated calculation,,378,Estimation,1648,143,Estimation,1698,143,-,1640,0.02,-,176,0.12,-,176;1653,0.02,-,176,0.16,-,147;1653,0.05,-,147,1.5,-,147,0.33,-,147;1653,0,-,147,0.6,-,1653,0.77,-,176,110,-,176,25,-,176,69,-,1528,71,-,176,6.3,-,176,68,-,176,0,-,176,6.1,-,1333,0.2,-,176,n.d.,,,Ja
798,3817,1001460,"Cream, at least 45 % milk fat, pasteurized",,Fats and oils/Cream;Milk and dairy products/Cream and butter,0.9,per 100g edible portion,1930,Automated calculation,,468,Automated calculation,,50,-,1661,30,-,1662,11.7,Estimation,1662,2.3,Estimation,1662,147,Estimation,1662,2.7,-,1661,2.7,Estimation,1662,0,Estimation,1662,0,Estimation,1662,1.9,-,1661,0.1,Automated calculation,,0,Estimation,1662,46.9,-,1641,462,Automated calculation,,443,Automated calculation,,425,-,1661,220,-,1661,220,Estimation,1698,0.02,-,1641,0.19,-,1641,0.01,-,1641,0.6,-,1641,tr.,-,1641,7,-,1641,0.23,-,1641,1,-,1641,0.3,-,1641,1.64,-,1641,65,-,1641,22,-,1641,36,-,1641,49,-,1641,5,-,1641,52,-,1641,0.1,-,1641,35,-,1641,0.2,-,1641,n.d.,,,Ja
1195,4709,,Cream (average),,Fats and oils/Cream;Milk and dairy products/Cream and butter,,per 100g edible portion,1040,Automated calculation,,252,Automated calculation,,25.4,Calculation on the basis of ingredients,,15.3,Calculation on the basis of ingredients,,6,Calculation on the basis of ingredients,,1.2,Calculation on the basis of ingredients,,76,Calculation on the basis of ingredients,,3.4,Calculation on the basis of ingredients,,3.4,Calculation on the basis of ingredients,,0,Calculation on the basis of ingredients,,0,Calculation on the basis of ingredients,,2.3,Calculation on the basis of ingredients,,0.1,Automated calculation,,0,Calculation on the basis of ingredients,,68.8,Automated calculation,,278,Automated calculation,,268,Automated calculation,,259,Calculation on the basis of ingredients,,114,Calculation on the basis of ingredients,,114,Calculation on the basis of ingredients,,0.02,Calculation on the basis of ingredients,,0.14,Calculation on the basis of ingredients,,0.02,Calculation on the basis of ingredients,,0.32,Calculation on the basis of ingredients,,0.08,Calculation on the basis of ingredients,,4.3,Calculation on the basis of ingredients,,0.36,Calculation on the basis of ingredients,,0.6,Calculation on the basis of ingredients,,0.4,Calculation on the basis of ingredients,,0.6,Calculation on the basis of ingredients,,130,Calculation on the basis of ingredients,,48,Calculation on the basis of ingredients,,69,Calculation on the basis of ingredients,,84,Calculation on the basis of ingredients,,7.5,Calculation on the basis of ingredients,,78,Calculation on the basis of ingredients,,0,Calculation on the basis of ingredients,,9.5,Calculation on the basis of ingredients,,0.2,Calculation on the basis of ingredients,,n.d.,,,Ja
567,4610,1001089,"Cream cheese, min. 60% fidm",,Milk and dairy products/Fresh cheese and curds,,per 100g edible portion,1450,Automated calculation,,351,Automated calculation,,32.1,-,22,19.2,-,3,7.5,-,3,1.5,-,3,96,-,3,4.5,-,22,2.3,-,22,tr.,-,9,0,-,22,11.1,-,1640,1.3,Automated calculation,,0,-,22,52,-,22,325,Automated calculation,,313,Automated calculation,,300,-,8,150,Estimation,51,150,-,8,0.04,-,22,0.26,-,22,0.06,-,9,0.6,-,22,0.11,-,9,26.5,-,22,0.44,-,9,tr.,-,22,tr.,-,22,0.7,-,9,100,-,22,500,-,22,570,-,9,110,-,22,8,-,22,130,-,22,0.2,-,22,8,-,9,0.4,-,9,n.d.,,,Nein
67,4229,821043,"Cream, pasteurized, 25% fat",,Fats and oils/Cream;Milk and dairy products/Cream and butter,1,per 100g edible portion,1130,Automated calculation,,274,Automated calculation,,27.9,-,176,16.7,Estimation,1662,6.6,Estimation,1662,1.3,Estimation,1662,82,-,176,3.3,Estimation,1648,3.3,-,176,0,Estimation,1648,0,Estimation,1648,2.3,Estimation,1662,0.1,Automated calculation,,0,Estimation,1648,65.8,-,176,290,Automated calculation,,281,Automated calculation,,272,Estimation,1648,110,Estimation,1648,110,-,1651,0.02,-,176,0.15,-,176;1653,0.03,-,176,0.26,-,1653,0.07,-,147,6.8,-,147,0.45,-,1653,0.9,-,147,0.4,-,1653,0.62,-,176,130,-,176,35,-,176,69,-,1528,78,-,176,7,-,176,64,-,176,0,-,176,12,-,1643,0.2,-,176,n.d.,,,Ja
924,3719,,Cream slice,,Sweets/Other sweet pastries,,per 100g edible portion,1260,Automated calculation,,302,Automated calculation,,18.8,Calculation on the basis of ingredients,,11.2,Calculation on the basis of ingredients,,4.6,Calculation on the basis of ingredients,,1.1,Calculation on the basis of ingredients,,88,Calculation on the basis of ingredients,,28.9,Calculation on the basis of ingredients,,21.3,Calculation on the basis of ingredients,,7.6,Calculation on the basis of ingredients,,0.3,Calculation on the basis of ingredients,,4,Calculation on the basis of ingredients,,0.3,Automated calculation,,0,Calculation on the basis of ingredients,,48,Automated calculation,,217,Automated calculation,,210,Automated calculation,,204,Calculation on the basis of ingredients,,80,Calculation on the basis of ingredients,,76,Calculation on the basis of ingredients,,0.03,Calculation on the basis of ingredients,,0.14,Calculation on the basis of ingredients,,0.04,Calculation on the basis of ingredients,,0.26,Calculation on the basis of ingredients,,0.13,Calculation on the basis of ingredients,,6.9,Calculation on the basis of ingredients,,0.37,Calculation on the basis of ingredients,,0.3,Calculation on the basis of ingredients,,0.5,Calculation on the basis of ingredients,,0.47,Calculation on the basis of ingredients,,130,Calculation on the basis of ingredients,,120,Calculation on the basis of ingredients,,200,Calculation on the basis of ingredients,,79,Calculation on the basis of ingredients,,11,Calculation on the basis of ingredients,,89,Calculation on the basis of ingredients,,0.3,Calculation on the basis of ingredients,,8.6,Calculation on the basis of ingredients,,0.5,Calculation on the basis of ingredients,,n.d.,,,Ja
68,4228,821044,"Cream, UHT",,Fats and oils/Cream;Milk and dairy products/Cream and butter,1,per 100g edible portion,1030,Automated calculation,,251,Automated calculation,,25.1,-,176,15.1,-,1662,5.9,Estimation,1662,1.2,Estimation,1662,71,-,176,3.7,Estimation,1648,3.7,-,176,0,Estimation,1648,0,Estimation,51,2.5,Estimation,1662,0.1,Automated calculation,,0,Estimation,1648,67.8,-,176,278,Automated calculation,,269,Automated calculation,,260,Estimation,1648,110,Estimation,1648,110,-,1651,0.02,-,176,0.13,-,176;1653,0.02,-,176,0.26,-,1653,0.07,-,147,2.7,-,147,0.45,-,1653,0,-,147,0.4,-,1653,0.69,-,176,140,-,176,34,-,176,69,-,1528,91,-,176,8.6,-,176,74,-,176,0,-,176,12,-,1643,0.3,-,176,n.d.,,,Ja
918,4131,1001591,"Crispbread, wholemeal",,"Bread, flakes and breakfast cereals/Crispbreads, rusks, crackers and wafers",,per 100g edible portion,1400,Automated calculation,,332,Automated calculation,,1.7,Calculation on the basis of ingredients,,0.3,Calculation on the basis of ingredients,,0.2,Calculation on the basis of ingredients,,1.1,Calculation on the basis of ingredients,,0,Calculation on the basis of ingredients,,61.1,Calculation on the basis of ingredients,,3.3,Calculation on the basis of ingredients,,57.6,Calculation on the basis of ingredients,,12.4,Calculation on the basis of ingredients,,12,Calculation on the basis of ingredients,,1.5,Automated calculation,,0,Calculation on the basis of ingredients,,13.7,Automated calculation,,0,Automated calculation,,0,Automated calculation,,0,Calculation on the basis of ingredients,,2,Calculation on the basis of ingredients,,2,Calculation on the basis of ingredients,,0.41,Calculation on the basis of ingredients,,0.19,Calculation on the basis of ingredients,,0.4,Calculation on the basis of ingredients,,0,Calculation on the basis of ingredients,,3.4,Calculation on the basis of ingredients,,59.1,Calculation on the basis of ingredients,,1.13,Calculation on the basis of ingredients,,0,Calculation on the basis of ingredients,,0,Calculation on the basis of ingredients,,1.21,Calculation on the basis of ingredients,,380,Calculation on the basis of ingredients,,600,Calculation on the basis of ingredients,,950,Calculation on the basis of ingredients,,26,Calculation on the basis of ingredients,,100,Calculation on the basis of ingredients,,340,Calculation on the basis of ingredients,,4,Calculation on the basis of ingredients,,41,Calculation on the basis of ingredients,,3.4,Calculation on the basis of ingredients,,n.d.,,,Ja
920,3594,1001593,"Crispbread, wholemeal, with linseeds",,"Bread, flakes and breakfast cereals/Crispbreads, rusks, crackers and wafers",,per 100g edible portion,1460,Automated calculation,,346,Automated calculation,,4.9,Calculation on the basis of ingredients,,0.5,Calculation on the basis of ingredients,,0.8,Calculation on the basis of ingredients,,3.3,Calculation on the basis of ingredients,,0,Calculation on the basis of ingredients,,56,Calculation on the basis of ingredients,,3.2,Calculation on the basis of ingredients,,51.7,Calculation on the basis of ingredients,,13.8,Calculation on the basis of ingredients,,12.5,Calculation on the basis of ingredients,,1.5,Automated calculation,,0,Calculation on the basis of ingredients,,13.7,Automated calculation,,0,Automated calculation,,0,Automated calculation,,0,Calculation on the basis of ingredients,,2,Calculation on the basis of ingredients,,2,Calculation on the basis of ingredients,,0.54,Calculation on the basis of ingredients,,0.19,Calculation on the basis of ingredients,,0.41,Calculation on the basis of ingredients,,0,Calculation on the basis of ingredients,,3.36,Calculation on the basis of ingredients,,61.8,Calculation on the basis of ingredients,,1.12,Calculation on the basis of ingredients,,0.1,Calculation on the basis of ingredients,,0,Calculation on the basis of ingredients,,2.53,Calculation on the basis of ingredients,,410,Calculation on the basis of ingredients,,600,Calculation on the basis of ingredients,,950,Calculation on the basis of ingredients,,47,Calculation on the basis of ingredients,,130,Calculation on the basis of ingredients,,360,Calculation on the basis of ingredients,,4.3,Calculation on the basis of ingredients,,42,Calculation on the basis of ingredients,,3.5,Calculation on the basis of ingredients,,n.d.,,,Ja
919,3573,1001592,"Crispbread, wholemeal, with sesame",,"Bread, flakes and breakfast cereals/Crispbreads, rusks, crackers and wafers",,per 100g edible portion,1510,Automated calculation,,359,Automated calculation,,6.5,Calculation on the basis of ingredients,,1.1,Calculation on the basis of ingredients,,2.4,Calculation on the basis of ingredients,,2.8,Calculation on the basis of ingredients,,0,Calculation on the basis of ingredients,,56.1,Calculation on the basis of ingredients,,3,Calculation on the basis of ingredients,,51.8,Calculation on the basis of ingredients,,12.3,Calculation on the basis of ingredients,,12.8,Calculation on the basis of ingredients,,1.5,Automated calculation,,0,Calculation on the basis of ingredients,,13.3,Automated calculation,,0,Automated calculation,,0,Automated calculation,,0,Calculation on the basis of ingredients,,3,Calculation on the basis of ingredients,,3,Calculation on the basis of ingredients,,0.44,Calculation on the basis of ingredients,,0.18,Calculation on the basis of ingredients,,0.4,Calculation on the basis of ingredients,,0,Calculation on the basis of ingredients,,3.63,Calculation on the basis of ingredients,,64.6,Calculation on the basis of ingredients,,1.05,Calculation on the basis of ingredients,,0,Calculation on the basis of ingredients,,0,Calculation on the basis of ingredients,,1.26,Calculation on the basis of ingredients,,390,Calculation on the basis of ingredients,,600,Calculation on the basis of ingredients,,940,Calculation on the basis of ingredients,,120,Calculation on the basis of ingredients,,130,Calculation on the basis of ingredients,,360,Calculation on the basis of ingredients,,4.5,Calculation on the basis of ingredients,,42,Calculation on the basis of ingredients,,3.9,Calculation on the basis of ingredients,,n.d.,,,Ja
10406,,,Croissant (average),,"Bread, flakes and breakfast cereals/Bread and bread products",,per 100g edible portion,1700,Automated calculation,,408,Automated calculation,,23,Calculation on the basis of ingredients,,13.4,Calculation on the basis of ingredients,,5.4,Calculation on the basis of ingredients,,1.4,Calculation on the basis of ingredients,,71,Calculation on the basis of ingredients,,40.5,Calculation on the basis of ingredients,,2.3,Calculation on the basis of ingredients,,37.9,Calculation on the basis of ingredients,,2.9,Calculation on the basis of ingredients,,8.3,Calculation on the basis of ingredients,,2.1,Automated calculation,,0,Calculation on the basis of ingredients,,25.9,Automated calculation,,215,Automated calculation,,208,Automated calculation,,201,Calculation on the basis of ingredients,,81,Calculation on the basis of ingredients,,71,Calculation on the basis of ingredients,,0.12,Calculation on the basis of ingredients,,0.1,Calculation on the basis of ingredients,,0.09,Calculation on the basis of ingredients,,0.08,Calculation on the basis of ingredients,,0.7,Calculation on the basis of ingredients,,21.4,Calculation on the basis of ingredients,,0.35,Calculation on the basis of ingredients,,0.1,Calculation on the basis of ingredients,,0.4,Calculation on the basis of ingredients,,0.57,Calculation on the basis of ingredients,,160,Calculation on the basis of ingredients,,850,Calculation on the basis of ingredients,,1320,Calculation on the basis of ingredients,,34,Calculation on the basis of ingredients,,20,Calculation on the basis of ingredients,,99,Calculation on the basis of ingredients,,0.8,Calculation on the basis of ingredients,,36,Calculation on the basis of ingredients,,0.8,Calculation on the basis of ingredients,,n.d.,,,Ja
913,3758,,"Croissant filled with nuts, puff pastry",,Sweets/Other sweet pastries,,per 100g edible portion,1740,Automated calculation,,417,Automated calculation,,26.9,Calculation on the basis of ingredients,,10.1,Calculation on the basis of ingredients,,12.7,Calculation on the basis of ingredients,,2.2,Calculation on the basis of ingredients,,68,Calculation on the basis of ingredients,,35.6,Calculation on the basis of ingredients,,16.1,Calculation on the basis of ingredients,,19.4,Calculation on the basis of ingredients,,2.7,Calculation on the basis of ingredients,,6.8,Calculation on the basis of ingredients,,0.5,Automated calculation,,0,Calculation on the basis of ingredients,,28.7,Automated calculation,,173,Automated calculation,,167,Automated calculation,,161,Calculation on the basis of ingredients,,72,Calculation on the basis of ingredients,,61,Calculation on the basis of ingredients,,0.1,Calculation on the basis of ingredients,,0.03,Calculation on the basis of ingredients,,0.14,Calculation on the basis of ingredients,,0.12,Calculation on the basis of ingredients,,0.46,Calculation on the basis of ingredients,,11.6,Calculation on the basis of ingredients,,0.4,Calculation on the basis of ingredients,,0.4,Calculation on the basis of ingredients,,0.4,Calculation on the basis of ingredients,,5.6,Calculation on the basis of ingredients,,190,Calculation on the basis of ingredients,,210,Calculation on the basis of ingredients,,340,Calculation on the basis of ingredients,,43,Calculation on the basis of ingredients,,40,Calculation on the basis of ingredients,,110,Calculation on the basis of ingredients,,1.3,Calculation on the basis of ingredients,,2,Calculation on the basis of ingredients,,1,Calculation on the basis of ingredients,,n.d.,,,Ja
914,3916,,"Croissant filled with nuts, yeast dough",,Sweets/Other sweet pastries,,per 100g edible portion,1330,Automated calculation,,316,Automated calculation,,12.6,Calculation on the basis of ingredients,,3.6,Calculation on the basis of ingredients,,7.3,Calculation on the basis of ingredients,,1.6,Calculation on the basis of ingredients,,39,Calculation on the basis of ingredients,,41.5,Calculation on the basis of ingredients,,18.5,Calculation on the basis of ingredients,,24.4,Calculation on the basis of ingredients,,2.8,Calculation on the basis of ingredients,,7.7,Calculation on the basis of ingredients,,0.7,Automated calculation,,0,Calculation on the basis of ingredients,,36.1,Automated calculation,,59,Automated calculation,,57,Automated calculation,,56,Calculation on the basis of ingredients,,23,Calculation on the basis of ingredients,,18,Calculation on the basis of ingredients,,0.19,Calculation on the basis of ingredients,,0.13,Calculation on the basis of ingredients,,0.14,Calculation on the basis of ingredients,,0.13,Calculation on the basis of ingredients,,1.1,Calculation on the basis of ingredients,,33.5,Calculation on the basis of ingredients,,0.44,Calculation on the basis of ingredients,,0.3,Calculation on the basis of ingredients,,0.2,Calculation on the basis of ingredients,,3.99,Calculation on the basis of ingredients,,210,Calculation on the basis of ingredients,,280,Calculation on the basis of ingredients,,440,Calculation on the basis of ingredients,,52,Calculation on the basis of ingredients,,34,Calculation on the basis of ingredients,,120,Calculation on the basis of ingredients,,1.1,Calculation on the basis of ingredients,,2.6,Calculation on the basis of ingredients,,1,Calculation on the basis of ingredients,,n.d.,,,Ja
835,3603,1001504,"Croissant, pretzel",,"Bread, flakes and breakfast cereals/Bread and bread products",,per 100g edible portion,1770,Automated calculation,,423,Automated calculation,,25.1,Calculation on the basis of ingredients,,14.7,Calculation on the basis of ingredients,,5.8,Calculation on the basis of ingredients,,1.5,Calculation on the basis of ingredients,,78,Calculation on the basis of ingredients,,39.4,Calculation on the basis of ingredients,,1.3,Calculation on the basis of ingredients,,37.6,Calculation on the basis of ingredients,,1.9,Calculation on the basis of ingredients,,9.1,Calculation on the basis of ingredients,,4.1,Automated calculation,,0,Calculation on the basis of ingredients,,25.2,Automated calculation,,195,Automated calculation,,191,Automated calculation,,186,Calculation on the basis of ingredients,,49,Calculation on the basis of ingredients,,49,Calculation on the basis of ingredients,,0.11,Calculation on the basis of ingredients,,0.09,Calculation on the basis of ingredients,,0.05,Calculation on the basis of ingredients,,0.08,Calculation on the basis of ingredients,,0.6,Calculation on the basis of ingredients,,20,Calculation on the basis of ingredients,,0.35,Calculation on the basis of ingredients,,0,Calculation on the basis of ingredients,,0.5,Calculation on the basis of ingredients,,0.54,Calculation on the basis of ingredients,,140,Calculation on the basis of ingredients,,1630,Calculation on the basis of ingredients,,2510,Calculation on the basis of ingredients,,35,Calculation on the basis of ingredients,,11,Calculation on the basis of ingredients,,68,Calculation on the basis of ingredients,,0.4,Calculation on the basis of ingredients,,100,Calculation on the basis of ingredients,,0.5,Calculation on the basis of ingredients,,n.d.,,,Ja
491,4739,1000978,"Cucumber, pickled",,Vegetables/Cooked vegetables (incl. cans),,per 100g edible portion,59,Automated calculation,,14,Automated calculation,,0.1,-,43,tr.,-,43,tr.,-,43,tr.,-,43,0,-,43,2.1,-,43,1.9,-,43,0.2,-,43,1,-,43,0.7,-,43,1.8,Automated calculation,,0,-,43,93,-,43,15,Automated calculation,,8,Automated calculation,,0,Estimation,51,90,Estimation,51,80,-,156,0.02,-,43,0.02,-,43,0.02,-,43,0,-,43,0.2,-,43,7,-,43,tr.,-,22,5,-,43,0,-,43,0.1,-,43,100,-,43,700,-,43,tr.,-,22,14,-,43,11,-,43,20,-,43,1,-,43,tr.,-,22,0.3,-,5,n.d.,,,Nein
354,3831,1000815,"Cucumber, raw",,Vegetables/Fresh vegetables,,per 100g edible portion,57,Automated calculation,,14,Automated calculation,,0.1,-,43,tr.,-,43,tr.,-,43,tr.,-,43,0,-,43,2,-,43,1.9,-,43,0.1,-,43,0.8,-,43,0.7,-,43,0,Automated calculation,,0,-,43,96,-,43,49,Automated calculation,,25,Automated calculation,,0,Estimation,51,295,Estimation,51,222,-,89,0.02,-,43;1669,0.02,-,43,0.03,-,43;1669,0,-,43,0.2,-,43,13,-,43,0.22,-,43;1669,8.6,-,43;1669,0,-,43,0.09,-,43,140,-,318,0.9,-,318,37,-,36,15,-,318,10,-,318,18,-,318,0.2,-,318,2.9,-,36,0.1,-,318,n.d.,,,Nein
1182,4683,,"Curd cheese puff pastry (with butter), raw",,"Cereal products, pulses and potatoes/Dough",,per 100g edible portion,1670,Automated calculation,,401,Automated calculation,,28.3,Calculation on the basis of ingredients,,16.8,Calculation on the basis of ingredients,,6.6,Calculation on the basis of ingredients,,1.6,Calculation on the basis of ingredients,,78,Calculation on the basis of ingredients,,29,Calculation on the basis of ingredients,,1.3,Calculation on the basis of ingredients,,27.2,Calculation on the basis of ingredients,,1.3,Calculation on the basis of ingredients,,7.1,Calculation on the basis of ingredients,,0.8,Automated calculation,,0,Calculation on the basis of ingredients,,34.8,Automated calculation,,290,Automated calculation,,280,Automated calculation,,270,Calculation on the basis of ingredients,,119,Calculation on the basis of ingredients,,118,Calculation on the basis of ingredients,,0.09,Calculation on the basis of ingredients,,0.12,Calculation on the basis of ingredients,,0.07,Calculation on the basis of ingredients,,0.12,Calculation on the basis of ingredients,,0.4,Calculation on the basis of ingredients,,11.7,Calculation on the basis of ingredients,,0.27,Calculation on the basis of ingredients,,0.1,Calculation on the basis of ingredients,,0.4,Calculation on the basis of ingredients,,0.73,Calculation on the basis of ingredients,,110,Calculation on the basis of ingredients,,330,Calculation on the basis of ingredients,,520,Calculation on the basis of ingredients,,38,Calculation on the basis of ingredients,,16,Calculation on the basis of ingredients,,89,Calculation on the basis of ingredients,,0.6,Calculation on the basis of ingredients,,3.2,Calculation on the basis of ingredients,,0.6,Calculation on the basis of ingredients,,n.d.,,,Ja
1181,4676,,"Curd cheese puff pastry (with vegetable fat), raw",,"Cereal products, pulses and potatoes/Dough",,per 100g edible portion,1650,Automated calculation,,396,Automated calculation,,27.7,Calculation on the basis of ingredients,,9.3,Calculation on the basis of ingredients,,11.6,Calculation on the basis of ingredients,,4.4,Calculation on the basis of ingredients,,17,Calculation on the basis of ingredients,,28.9,Calculation on the basis of ingredients,,1.1,Calculation on the basis of ingredients,,27.3,Calculation on the basis of ingredients,,1.3,Calculation on the basis of ingredients,,7.1,Calculation on the basis of ingredients,,0.9,Automated calculation,,0,Calculation on the basis of ingredients,,35.5,Automated calculation,,291,Automated calculation,,281,Automated calculation,,272,Calculation on the basis of ingredients,,115,Calculation on the basis of ingredients,,115,Calculation on the basis of ingredients,,0.09,Calculation on the basis of ingredients,,0.12,Calculation on the basis of ingredients,,0.07,Calculation on the basis of ingredients,,0.15,Calculation on the basis of ingredients,,0.46,Calculation on the basis of ingredients,,12.2,Calculation on the basis of ingredients,,0.3,Calculation on the basis of ingredients,,0.1,Calculation on the basis of ingredients,,1.5,Calculation on the basis of ingredients,,5.8,Calculation on the basis of ingredients,,120,Calculation on the basis of ingredients,,350,Calculation on the basis of ingredients,,550,Calculation on the basis of ingredients,,37,Calculation on the basis of ingredients,,16,Calculation on the basis of ingredients,,90,Calculation on the basis of ingredients,,0.6,Calculation on the basis of ingredients,,3.6,Calculation on the basis of ingredients,,0.6,Calculation on the basis of ingredients,,n.d.,,,Ja
70,3798,821046,Curds min. 40% fidm,,Milk and dairy products/Fresh cheese and curds,,per 100g edible portion,758,Automated calculation,,183,Automated calculation,,15.6,-,183,9.4,-,183,3.7,-,183,0.7,-,183,53,-,183,3.7,Estimation,51,3.2,-,183,0,Estimation,51,0,Estimation,51,6.9,Estimation,1662,0.1,Automated calculation,,0,Estimation,51,72.8,-,183,164,Automated calculation,,160,Automated calculation,,156,Estimation,51,49,-,83,49,Estimation,51,0.02,-,183,0.3,-,183;1659,0.03,-,183,0.38,-,183;1659,0.28,-,183,16.7,-,183,0.26,-,183;1659,0.4,-,183,0.2,-,9;1659,0.4,-,183,120,-,183,29,-,183,86,-,183,93,-,183,8.1,-,183,110,-,183,0,-,183,8.5,-,9,0.3,-,183,n.d.,,,Nein
13393,,,"Curds, plain, half fat",,Milk and dairy products/Fresh cheese and curds,,per 100g edible portion,403,Automated calculation,,96,Automated calculation,,5,-,181;183,3,-,181;183,1.2,-,181;183,0.2,-,181;183,17,-,181;183,4.1,-,51,3.4,-,181;183,0,-,51,0,-,51,8.8,-,1662,0.1,Automated calculation,,0,-,51,80.3,-,181;183,54,Automated calculation,,52,Automated calculation,,51,-,51,16,-,51;83,16,-,8;51,0.01,-,181;183,0.33,-,183;1659,0.03,-,181;183,0.44,-,183;1659,0.3,-,181;183,18.6,-,181;183,0.32,-,183;1659,0.2,-,181;183,0.1,-,9;1659,0.13,-,181;183,130,-,181;183,32,-,181;183,98,-,181;183,110,-,181;183,9.3,-,181;183,140,-,181;183,0,-,181;183,21,-,9;88,0.4,-,181;183,n.d.,,,Nein
71,4337,821047,Curds with at most 10% fidm,,Milk and dairy products/Fresh cheese and curds,,per 100g edible portion,257,Automated calculation,,61,Automated calculation,,0.2,-,181,0.1,-,181,0,-,181,0,-,181,n.d.,-,181,4.2,Estimation,51,3.5,-,181,0,Estimation,51,0,Estimation,51,10.6,Estimation,1662,0.1,Automated calculation,,0,Estimation,51,83.8,-,181,3,Automated calculation,,3,Automated calculation,,3,Estimation,51,1,Estimation,51,1,-,8,0.01,-,181,0.39,-,183;1659,0.04,-,181,0.42,-,183;1659,0.31,-,181,19.4,-,181,0.29,-,183;1659,0.1,-,181,0,-,9;1659,0,-,181,140,-,181,33,-,181,100,-,181,110,-,181,9.9,-,181,150,-,181,0,-,181,27,-,88,0.5,-,181,n.d.,,,Nein
392,4553,1000855,"Currant, black, raw",,Fruit/Fresh fruit,,per 100g edible portion,242,Automated calculation,,58,Automated calculation,,0.3,-,43,tr.,-,43,tr.,-,43,tr.,-,43,0,-,43,9,-,43,9,-,43,tr.,-,43,7,-,43,1.3,-,43,0,Automated calculation,,0,-,43,78.2,-,43,3,Automated calculation,,2,Automated calculation,,0,Estimation,51,19,Estimation,51,14,-,121,0.02,-,43,0.06,-,43,0.08,-,43,0,-,43,0.3,-,43,40,-,43,0.4,-,43,200,-,43,0,-,43,1,-,43,370,-,43,3,-,43,15,-,9,60,-,43,17,-,43,34,-,43,1.3,-,43,1,-,9,0.3,-,9,n.d.,,,Nein
391,4552,1000854,"Currant, red, raw",,Fruit/Fresh fruit,,per 100g edible portion,188,Automated calculation,,45,Automated calculation,,0.5,-,43,tr.,-,43,tr.,-,43,tr.,-,43,0,-,43,5,-,43,5,-,43,tr.,-,43,8.2,-,43,1.1,-,43,0,Automated calculation,,0,-,43,82.8,-,43,2,Automated calculation,,1,Automated calculation,,0,Estimation,51,14,Estimation,51,9,-,121,0.04,-,43,0.06,-,43,0.05,-,43,0,-,43,0.1,-,43,11,-,36,0.1,-,43,40,-,43,0,-,43,0.1,-,43,280,-,43,3,-,43,14,-,36,36,-,43,13,-,43,30,-,43,1.2,-,43,1,-,36,0.2,-,36,n.d.,,,Nein
384,4360,1000847,"Date, dried",,Fruit/Dried fruit,,per 100g edible portion,1290,Automated calculation,,305,Automated calculation,,0.5,-,43,tr.,-,43,tr.,-,43,tr.,-,43,0,-,43,69,-,43,69,-,43,0,-,43,7.1,-,43,2.5,-,43,0,Automated calculation,,0,-,43,17.5,-,43,3,Automated calculation,,2,Automated calculation,,0,Estimation,51,20,-,145,n.d.,,,0.04,-,43;1670,0.06,-,43;1670,0.11,-,43;1670,0,-,43,1.53,-,43;1670,28,-,43,0.8,-,43,0.7,-,43;1670,0,-,43,0.2,-,9,680,-,43,3,-,43,180,-,9,62,-,43,58,-,43,74,-,43,3,-,43,1,-,9,0.3,-,9,n.d.,,,Nein
487,4277,1000974,"Deer (average), raw",,Meat and offal/Game,,per 100g edible portion,474,Automated calculation,,112,Automated calculation,,3.3,-,9,1.5,-,9,1.4,-,9,0.2,-,9,50,-,9,0,-,9,0,-,9,0,Estimation,51,0,-,22,20.6,-,9,0.2,Automated calculation,,0,-,22,74.9,-,9,0,Automated calculation,,0,Automated calculation,,0,Estimation,51,0,Estimation,51,0,Estimation,51,0.25,-,9,0.25,-,9,0.3,-,9,1,-,9,tr.,-,22,5,-,9,0.8,-,9,0,-,9,tr.,-,22,0.13,-,9,310,-,9,62,-,9,40,-,9,10,-,9,21,-,9,200,-,9,2.3,-,9,0.6,-,9,3.2,-,9,n.d.,,,Nein
12,4301,812049,"Deer, entrecôte, raw",,Meat and offal/Game,,per 100g edible portion,470,Automated calculation,,111,Automated calculation,,2.1,-,146,1.2,-,146,0.9,-,146,0.5,-,146,59,-,146,0,Estimation,51,0,Estimation,51,n.d.,,,0,Estimation,51,23.1,-,146,0.1,Automated calculation,,0,Estimation,51,71.5,-,146,0,Automated calculation,,0,Automated calculation,,0,Estimation,51,0,Estimation,51,0,Estimation,51,0.26,-,110,0.6,-,110,0.99,-,146,6.3,-,110,n.d.,,,6,-,110,0.69,-,156,0,Estimation,51,0.4,-,81,0.2,-,81,320,-,146,53,-,146,40,-,8,3.2,-,146,23,-,146,200,-,146,3,-,146,7.8,-,88,2.9,-,146,n.d.,,,Nein
13419,,,Dough for french pizza from Alsace,,"Cereal products, pulses and potatoes/Dough",1,per 100g edible portion,934,Automated calculation,,221,Automated calculation,,2.9,Calculation on the basis of ingredients,,1.4,Calculation on the basis of ingredients,,0.6,Calculation on the basis of ingredients,,0.5,Calculation on the basis of ingredients,,6,Calculation on the basis of ingredients,,39.9,Calculation on the basis of ingredients,,0.6,Calculation on the basis of ingredients,,38.9,Calculation on the basis of ingredients,,2.7,Calculation on the basis of ingredients,,7.5,Calculation on the basis of ingredients,,1.3,Calculation on the basis of ingredients,,0,Calculation on the basis of ingredients,,47.7,Automated calculation,,22,Automated calculation,,21,Automated calculation,,20,Calculation on the basis of ingredients,,10,Calculation on the basis of ingredients,,9,Calculation on the basis of ingredients,,0.14,Calculation on the basis of ingredients,,0.04,Calculation on the basis of ingredients,,0.13,Calculation on the basis of ingredients,,0,Calculation on the basis of ingredients,,0.59,Calculation on the basis of ingredients,,17.6,Calculation on the basis of ingredients,,0.34,Calculation on the basis of ingredients,,0,Calculation on the basis of ingredients,,0,Calculation on the basis of ingredients,,0.24,Calculation on the basis of ingredients,,110,Calculation on the basis of ingredients,,500,Calculation on the basis of ingredients,,780,Calculation on the basis of ingredients,,11,Calculation on the basis of ingredients,,25,Calculation on the basis of ingredients,,88,Calculation on the basis of ingredients,,1.1,Calculation on the basis of ingredients,,0.8,Calculation on the basis of ingredients,,0.8,Calculation on the basis of ingredients,,n.d.,,,Ja
709,4666,1001296,"Dried meat (Hobel-, Bündner-, Walliser-, Tessiner- dried meat)",,Sausages and cold meats/Raw sausage products,,per 100g edible portion,804,Automated calculation,,190,Automated calculation,,3.5,-,1032,1.6,-,1032,1.5,-,1032,0.2,-,1032,84,-,1032,0.4,-,1032,0.4,-,1010,0,-,22,0,-,22,39.3,-,1032,4.1,Automated calculation,,0,-,22,52.2,-,1032,3,Automated calculation,,3,Automated calculation,,3,-,8,0,Estimation,51,0,Estimation,51,0.08,-,1032,0.22,-,1032,0.56,-,1032,1.6,-,1032,10.2,-,1032,tr.,-,22,1.2,-,1032,1.1,-,1032,tr.,-,22,tr.,-,22,640,-,1032,1620,-,1032,2610,-,1032,tr.,-,22,37,-,1032,330,-,1032,4,-,1032,tr.,-,22,6.5,-,1032,14,-,1032,Nein
47,4105,821010,Drinking water (average Switzerland),,Non-alcoholic beverages/Drinking water,1,per 100ml food volume,0,Automated calculation,,0,Automated calculation,,0,Estimation,51,0,Estimation,51,0,Estimation,51,0,Estimation,51,0,Estimation,51,0,Estimation,51,0,Estimation,51,0,Estimation,51,0,Estimation,51,0,Estimation,51,0,Automated calculation,,0,Estimation,51,100,Estimation,51,0,Automated calculation,,0,Automated calculation,,0,Estimation,51,0,Estimation,51,0,Estimation,51,0,Estimation,51,0,Estimation,51,0,Estimation,51,0,Estimation,51,0,Estimation,51,0,Estimation,51,0,Estimation,51,0,Estimation,51,0,Estimation,51,0,Estimation,51,0,Estimation,153,1,Estimation,153,1,Estimation,153,7,Estimation,153,1,Estimation,153,0,Estimation,153,0,Estimation,153,0,Estimation,51,0,Estimation,153,n.d.,,,Nein
10535,,,Dulce de Leche,,Sweets/Jams and sweet sandwich spreads,,per 100g edible portion,1260,Automated calculation,,299,Automated calculation,,7.3,Calculation on the basis of ingredients,,4.4,Calculation on the basis of ingredients,,1.7,Calculation on the basis of ingredients,,0.3,Calculation on the basis of ingredients,,28,Calculation on the basis of ingredients,,52.6,Calculation on the basis of ingredients,,52.6,Calculation on the basis of ingredients,,0,Calculation on the basis of ingredients,,0,Calculation on the basis of ingredients,,5.7,Calculation on the basis of ingredients,,0.2,Automated calculation,,0,Calculation on the basis of ingredients,,34.2,Automated calculation,,84,Automated calculation,,81,Automated calculation,,78,Calculation on the basis of ingredients,,32,Calculation on the basis of ingredients,,34,Calculation on the basis of ingredients,,0.03,Calculation on the basis of ingredients,,0.37,Calculation on the basis of ingredients,,0.04,Calculation on the basis of ingredients,,0.27,Calculation on the basis of ingredients,,0.19,Calculation on the basis of ingredients,,5,Calculation on the basis of ingredients,,0.55,Calculation on the basis of ingredients,,1.3,Calculation on the basis of ingredients,,0.1,Calculation on the basis of ingredients,,0.23,Calculation on the basis of ingredients,,280,Calculation on the basis of ingredients,,69,Calculation on the basis of ingredients,,170,Calculation on the basis of ingredients,,210,Calculation on the basis of ingredients,,18,Calculation on the basis of ingredients,,160,Calculation on the basis of ingredients,,0.1,Calculation on the basis of ingredients,,17,Calculation on the basis of ingredients,,0.6,Calculation on the basis of ingredients,,n.d.,,,Ja
423,3946,1000896,Durum wheat semolina,,"Cereal products, pulses and potatoes/Other cereal products",,per 100g edible portion,1500,Automated calculation,,353,Automated calculation,,1.4,-,1643,0.2,-,1643,0.1,-,1643,0.5,-,1643,0,-,1643,71.4,-,1643,1,-,1643,70.4,-,43,3.4,-,1643,12,-,1660,0,Automated calculation,,0,Estimation,1648,12.1,-,1643,2,Automated calculation,,1,Automated calculation,,0,Estimation,1648,9,Estimation,1648,9,-,91,0.07,-,1642,0.06,-,1643,0.08,-,1642,0,-,1643,2.16,-,1643,57,-,1643,0.35,-,1642,0,-,1643,0,-,1643,0.1,-,1643,150,-,1643,1.2,-,1643,87,-,36,17,-,1643,27,-,1643,100,-,1643,0.9,-,1643,5.1,-,36,2.2,-,1643,n.d.,,,Nein
455,3826,1000936,"Edible boletus, fresh",,Vegetables/Mushrooms,,per 100g edible portion,164,Automated calculation,,39,Automated calculation,,0.4,-,36,0.1,-,9,0,-,9,0.2,-,9,0,-,9,0.5,-,36,0.1,-,9,0,-,9,6,-,36,5.4,-,1640,0,Automated calculation,,0,-,36,88.6,-,36,1,Automated calculation,,1,Automated calculation,,0,Estimation,51,6,Estimation,51,6,-,8,0.03,-,36,0.37,-,36,0.03,-,9,0,-,9,4.9,-,36,25,-,9,2.7,-,36,2.5,-,36,3.1,-,36,0.16,-,36,340,-,36,6,-,36,30,-,9,4.2,-,36,12,-,36,85,-,36,1,-,36,3.6,-,36,1.5,-,36,n.d.,,,Nein
1040,4280,,"Edible boletus, stewed (without addition of fat and salt)",,Vegetables/Mushrooms,,per 100g edible portion,200,Automated calculation,,48,Automated calculation,,0.5,Calculation on the basis of ingredients,,0.1,Calculation on the basis of ingredients,,0,Calculation on the basis of ingredients,,0.2,Calculation on the basis of ingredients,,0,Calculation on the basis of ingredients,,0.6,Calculation on the basis of ingredients,,0.1,Calculation on the basis of ingredients,,0,Calculation on the basis of ingredients,,7.3,Calculation on the basis of ingredients,,6.6,Calculation on the basis of ingredients,,0,Automated calculation,,0,Calculation on the basis of ingredients,,86.9,Automated calculation,,1,Automated calculation,,1,Automated calculation,,0,Calculation on the basis of ingredients,,7,Calculation on the basis of ingredients,,7,Calculation on the basis of ingredients,,0.03,Calculation on the basis of ingredients,,0.37,Calculation on the basis of ingredients,,0.03,Calculation on the basis of ingredients,,0,Calculation on the basis of ingredients,,4.78,Calculation on the basis of ingredients,,18.3,Calculation on the basis of ingredients,,2.7,Calculation on the basis of ingredients,,2.2,Calculation on the basis of ingredients,,3.8,Calculation on the basis of ingredients,,0.19,Calculation on the basis of ingredients,,320,Calculation on the basis of ingredients,,6.4,Calculation on the basis of ingredients,,35,Calculation on the basis of ingredients,,5,Calculation on the basis of ingredients,,12,Calculation on the basis of ingredients,,98,Calculation on the basis of ingredients,,1,Calculation on the basis of ingredients,,4.2,Calculation on the basis of ingredients,,1.6,Calculation on the basis of ingredients,,n.d.,,,Ja
517,4631,1001023,"Egg liqueur, 16.5 vol%",Egg nogg,Alcoholic beverages/Other alcoholic beverages,1.1,per 100ml food volume,1310,Automated calculation,,313,Automated calculation,,7.7,-,9,2.2,-,9,3.2,-,9,1.1,-,9,165,-,9,30.8,-,9,30.8,-,9,0,-,22,0,-,22,4.4,-,9,n.d.,,,14.7,-,9,51.5,-,1528,161,Automated calculation,,160,Automated calculation,,160,-,8,8,Estimation,51,8,-,8,0.08,-,9,0.19,-,9,0.09,-,9,0.55,-,9,0.06,-,9,44,-,9,1.16,-,9,0.3,-,9,2.2,-,1528,0.59,-,1528,15,-,9,5.5,-,9,19,-,9,15,-,9,4.4,-,9,55,-,9,0.8,-,9,1.1,-,9,0.5,-,9,n.d.,,,Nein
1659,,,"Eggplant piccata, prepared",,Prepared dishes/Other savoury dishes,,per 100g edible portion,699,Automated calculation,,168,Automated calculation,,11.8,Calculation on the basis of ingredients,,4.6,Calculation on the basis of ingredients,,4.8,Calculation on the basis of ingredients,,1.1,Calculation on the basis of ingredients,,90,Calculation on the basis of ingredients,,9.1,Calculation on the basis of ingredients,,2.9,Calculation on the basis of ingredients,,6.2,Calculation on the basis of ingredients,,2.3,Calculation on the basis of ingredients,,5.2,Calculation on the basis of ingredients,,0.6,Automated calculation,,0,Calculation on the basis of ingredients,,71.6,Automated calculation,,100,Automated calculation,,95,Automated calculation,,89,Calculation on the basis of ingredients,,70,Calculation on the basis of ingredients,,58,Calculation on the basis of ingredients,,0.05,Calculation on the basis of ingredients,,0.09,Calculation on the basis of ingredients,,0.07,Calculation on the basis of ingredients,,0.31,Calculation on the basis of ingredients,,0.46,Calculation on the basis of ingredients,,15.1,Calculation on the basis of ingredients,,0.53,Calculation on the basis of ingredients,,0.9,Calculation on the basis of ingredients,,0.5,Calculation on the basis of ingredients,,0.41,Calculation on the basis of ingredients,,230,Calculation on the basis of ingredients,,260,Calculation on the basis of ingredients,,430,Calculation on the basis of ingredients,,73,Calculation on the basis of ingredients,,15,Calculation on the basis of ingredients,,94,Calculation on the basis of ingredients,,0.5,Calculation on the basis of ingredients,,8,Calculation on the basis of ingredients,,0.6,Calculation on the basis of ingredients,,n.d.,,,Ja
349,4014,1000810,"Eggplant, raw",,Vegetables/Fresh vegetables,,per 100g edible portion,96,Automated calculation,,23,Automated calculation,,0.2,-,43,0,-,1008,0,-,1008,0.1,-,1008,0,-,43,3.1,-,43,2.8,-,43,0.3,-,43,2.4,-,43,1,-,43,0,Automated calculation,,0,-,43,92.7,-,43,8,Automated calculation,,4,Automated calculation,,0,Estimation,51,50,Estimation,51,50,-,131,0.04,-,43;1669,0.03,-,43,0.08,-,43;1669,0,-,43,0.6,-,43,19,-,43,0.25,-,43;1669,1.9,-,43;1669,0,-,43,0.03,-,43,260,-,43,3,-,43,55,-,36,10,-,43,13,-,43,21,-,43,0.3,-,43,0.2,-,1007,0.1,-,36,n.d.,,,Nein
1658,,,"Eggplant slices, breaded, prepared",,Prepared dishes/Other savoury dishes,,per 100g edible portion,583,Automated calculation,,139,Automated calculation,,5.9,Calculation on the basis of ingredients,,0.7,Calculation on the basis of ingredients,,3.6,Calculation on the basis of ingredients,,1,Calculation on the basis of ingredients,,61,Calculation on the basis of ingredients,,15.4,Calculation on the basis of ingredients,,3.2,Calculation on the basis of ingredients,,12.1,Calculation on the basis of ingredients,,3,Calculation on the basis of ingredients,,4.6,Calculation on the basis of ingredients,,0.6,Automated calculation,,0,Calculation on the basis of ingredients,,71.3,Automated calculation,,28,Automated calculation,,24,Automated calculation,,20,Calculation on the basis of ingredients,,50,Calculation on the basis of ingredients,,40,Calculation on the basis of ingredients,,0.06,Calculation on the basis of ingredients,,0.06,Calculation on the basis of ingredients,,0.08,Calculation on the basis of ingredients,,0.17,Calculation on the basis of ingredients,,0.57,Calculation on the basis of ingredients,,17.1,Calculation on the basis of ingredients,,0.49,Calculation on the basis of ingredients,,1.1,Calculation on the basis of ingredients,,0.4,Calculation on the basis of ingredients,,0.38,Calculation on the basis of ingredients,,250,Calculation on the basis of ingredients,,250,Calculation on the basis of ingredients,,440,Calculation on the basis of ingredients,,22,Calculation on the basis of ingredients,,16,Calculation on the basis of ingredients,,62,Calculation on the basis of ingredients,,0.6,Calculation on the basis of ingredients,,4.9,Calculation on the basis of ingredients,,0.4,Calculation on the basis of ingredients,,n.d.,,,Ja
1003,4674,,"Eggplant, stewed (without addition of fat and salt)",,Vegetables/Cooked vegetables (incl. cans),,per 100g edible portion,120,Automated calculation,,29,Automated calculation,,0.3,Calculation on the basis of ingredients,,0,Calculation on the basis of ingredients,,0,Calculation on the basis of ingredients,,0.1,Calculation on the basis of ingredients,,0,Calculation on the basis of ingredients,,3.9,Calculation on the basis of ingredients,,3.5,Calculation on the basis of ingredients,,0.4,Calculation on the basis of ingredients,,3,Calculation on the basis of ingredients,,1.3,Calculation on the basis of ingredients,,0,Automated calculation,,0,Calculation on the basis of ingredients,,91.6,Automated calculation,,10,Automated calculation,,5,Automated calculation,,0,Calculation on the basis of ingredients,,63,Calculation on the basis of ingredients,,56,Calculation on the basis of ingredients,,0.04,Calculation on the basis of ingredients,,0.04,Calculation on the basis of ingredients,,0.09,Calculation on the basis of ingredients,,0,Calculation on the basis of ingredients,,0.71,Calculation on the basis of ingredients,,11.9,Calculation on the basis of ingredients,,0.29,Calculation on the basis of ingredients,,2,Calculation on the basis of ingredients,,0,Calculation on the basis of ingredients,,0.04,Calculation on the basis of ingredients,,330,Calculation on the basis of ingredients,,3.8,Calculation on the basis of ingredients,,69,Calculation on the basis of ingredients,,13,Calculation on the basis of ingredients,,16,Calculation on the basis of ingredients,,26,Calculation on the basis of ingredients,,0.4,Calculation on the basis of ingredients,,0.2,Calculation on the basis of ingredients,,0.2,Calculation on the basis of ingredients,,n.d.,,,Ja
290,4121,851006,"Egg, raw",,Eggs,,per 100g edible portion,589,Automated calculation,,142,Automated calculation,,10.3,-,101,2.6,-,145,3.8,-,145,1.8,-,145,457,-,101,0.3,Estimation,1003,0.3,-,155,0,-,155,0,-,145,11.9,-,101,0.4,Automated calculation,,0,Estimation,51,76.2,-,101,150,Automated calculation,,149,Automated calculation,,148,-,51;1662,13,Estimation,51,4,-,114,0.1,-,1690,0.31,-,101;1690,0.1,-,101;1690,1.37,-,1640;1690,0.05,-,145,67,-,1640,2.26,-,145;1690,0,-,145,2.9,-,1009,0.34,-,101,120,-,101,140,-,156,180,-,1640,53,-,101,8.6,-,101,210,-,145,1.8,-,101,32,-,88,1.5,-,154,21,-,1544,Nein
411,4544,1000883,"Egg white, raw",,Eggs,,per 100g edible portion,187,Automated calculation,,44,Automated calculation,,0.1,-,43,tr.,-,43,tr.,-,43,tr.,-,43,0,-,43,0.3,-,43,0.3,-,43,0,-,43,0,-,43,10.5,-,43,0.4,Automated calculation,,0,-,43,88,-,43,0,Automated calculation,,0,Automated calculation,,0,-,145,0,-,145,0,Estimation,51,tr.,-,43,0.44,-,43,0.01,-,43,0.1,-,43,0.1,-,43,12,-,43,0.2,-,43,0,-,43,0,-,43,0,-,43,140,-,43,160,-,43,170,-,9,6,-,43,10,-,43,15,-,43,0.1,-,43,6.8,-,36,0,-,36,n.d.,,,Nein
410,4543,1000882,"Egg yolk, raw",,Eggs,,per 100g edible portion,1450,Automated calculation,,350,Automated calculation,,31.5,-,43,9.4,-,43,12.3,-,43,4.1,-,43,1100,-,43,0.2,-,43,0.2,-,43,0,-,43,0,-,43,16.5,-,43,0.1,Automated calculation,,0,-,43,49.9,-,43,621,Automated calculation,,610,Automated calculation,,600,-,145,124,-,145,124,Estimation,1698,0.22,-,43,0.5,-,43,0.35,-,43,4.7,-,43,0.04,-,43,140,-,43,4.4,-,43,0,-,43,4.5,-,43,3.6,-,43,97,-,43,50,-,43,180,-,36,140,-,43,15,-,43,520,-,43,5.5,-,43,12,-,36,3.8,-,36,n.d.,,,Nein
436,4547,1000914,"Elderberry, raw",,Fruit/Fresh fruit,,per 100g edible portion,219,Automated calculation,,52,Automated calculation,,0.5,-,9,0,-,9,0,-,9,0.3,-,9,0,-,9,7.4,-,9,7.4,-,9,0,-,9,4,-,9,2.5,-,9,0,Automated calculation,,0,-,9,84,-,9,54,Automated calculation,,27,Automated calculation,,0,Estimation,51,325,-,145,n.d.,,,0.07,-,9,0.07,-,9,0.25,-,9,0,-,9,1.6,-,9,17,-,9,0.16,-,9,18,-,9,0,-,9,1,-,9,300,-,9,1,-,9,7,-,9,37,-,9,30,-,9,57,-,9,1.6,-,9,3,-,9,0.2,-,9,n.d.,,,Nein
555,3892,1001076,"Emmentaler cheese, at least 45% fidm",,Milk and dairy products/Hard cheese,,per 100g edible portion,1690,Automated calculation,,408,Automated calculation,,32.6,-,28;1075,20.3,-,177,7.9,-,177,1.5,-,177,84,-,1075,0,Estimation,1408,0,Estimation,1408,0,-,22,0,-,22,28.4,Estimation,1662,0.4,Automated calculation,,0,-,22,35,-,177,306,Automated calculation,,293,Automated calculation,,280,Estimation,51,155,Estimation,51,155,-,8,0.01,-,177,0.3,-,177;1659,0.12,-,177,1.67,-,177;1659,0.18,-,177,9.4,-,177,0.3,-,177;1659,tr.,-,22,0.5,-,177;1659,0.35,-,177,84,-,177,170,-,177,270,-,177,1030,-,177,31,-,177,620,-,177,0.4,-,177,20,-,1333;1399,4.6,-,177,n.d.,,,Nein
467,4415,1000950,"Endive, raw",,Vegetables/Fresh vegetables,,per 100g edible portion,68,Automated calculation,,16,Automated calculation,,0.2,-,36,0.1,-,36,0,-,36,0.1,-,36,0,-,9,1.2,-,36,1.2,-,36,tr.,-,36,1.2,-,36,1.8,-,36,0.1,Automated calculation,,0,-,36,94.2,-,36,76,Automated calculation,,38,Automated calculation,,0,Estimation,51,458,-,51;1662,392,-,121;1669,0.05,-,36;1669,0.12,-,36,0.05,-,9;1669,0,-,9,0.41,-,36,109,-,36,0.44,-,9;1669,9.4,-,36,0,-,9,1,-,9,330,-,36,43,-,36,71,-,36,54,-,36,10,-,36,54,-,36,1.4,-,36,2.9,-,36,0.4,-,36,n.d.,,,Nein
13319,,,"Escalope (average of beef, veal, pork, poultry), pan fried (without addition of fat and salt)",,Meat and offal,,per 100g edible portion,655,Automated calculation,,155,Automated calculation,,3.7,Calculation on the basis of ingredients,,1.3,Calculation on the basis of ingredients,,1.6,Calculation on the basis of ingredients,,0.5,Calculation on the basis of ingredients,,78,Calculation on the basis of ingredients,,0.1,Calculation on the basis of ingredients,,0,Calculation on the basis of ingredients,,0,Calculation on the basis of ingredients,,0,Calculation on the basis of ingredients,,30.4,Calculation on the basis of ingredients,,0.2,Automated calculation,,0,Calculation on the basis of ingredients,,65.8,Automated calculation,,6,Automated calculation,,6,Automated calculation,,5,Calculation on the basis of ingredients,,3,Calculation on the basis of ingredients,,3,Calculation on the basis of ingredients,,0.43,Calculation on the basis of ingredients,,0.21,Calculation on the basis of ingredients,,0.41,Calculation on the basis of ingredients,,1.05,Calculation on the basis of ingredients,,7.82,Calculation on the basis of ingredients,,7.4,Calculation on the basis of ingredients,,0.91,Calculation on the basis of ingredients,,0,Calculation on the basis of ingredients,,0.4,Calculation on the basis of ingredients,,0.49,Calculation on the basis of ingredients,,360,Calculation on the basis of ingredients,,68,Calculation on the basis of ingredients,,110,Calculation on the basis of ingredients,,10,Calculation on the basis of ingredients,,27,Calculation on the basis of ingredients,,230,Calculation on the basis of ingredients,,1.5,Calculation on the basis of ingredients,,1.8,Calculation on the basis of ingredients,,3,Calculation on the basis of ingredients,,10,Calculation on the basis of ingredients,,Ja
1101,3999,,"Escalope (average of beef, veal, pork, poultry), raw",,Meat and offal/Veal;Meat and offal/Beef;Meat and offal/Pork;Meat and offal/Poultry,,per 100g edible portion,478,Automated calculation,,113,Automated calculation,,2.7,Calculation on the basis of ingredients,,0.9,Calculation on the basis of ingredients,,1.2,Calculation on the basis of ingredients,,0.4,Calculation on the basis of ingredients,,57,Calculation on the basis of ingredients,,0.1,Calculation on the basis of ingredients,,0,Calculation on the basis of ingredients,,0,Calculation on the basis of ingredients,,0,Calculation on the basis of ingredients,,22.2,Calculation on the basis of ingredients,,0.1,Automated calculation,,0,Calculation on the basis of ingredients,,75.1,Automated calculation,,4,Automated calculation,,4,Automated calculation,,4,Calculation on the basis of ingredients,,3,Calculation on the basis of ingredients,,3,Calculation on the basis of ingredients,,0.45,Calculation on the basis of ingredients,,0.17,Calculation on the basis of ingredients,,0.45,Calculation on the basis of ingredients,,0.99,Calculation on the basis of ingredients,,6.97,Calculation on the basis of ingredients,,7.1,Calculation on the basis of ingredients,,0.8,Calculation on the basis of ingredients,,0,Calculation on the basis of ingredients,,0.3,Calculation on the basis of ingredients,,0.42,Calculation on the basis of ingredients,,340,Calculation on the basis of ingredients,,58,Calculation on the basis of ingredients,,80,Calculation on the basis of ingredients,,7.5,Calculation on the basis of ingredients,,22,Calculation on the basis of ingredients,,190,Calculation on the basis of ingredients,,1.1,Calculation on the basis of ingredients,,1.3,Calculation on the basis of ingredients,,2.3,Calculation on the basis of ingredients,,n.d.,,,Ja
1190,4713,,"Espresso with coffee cream, no sugar added",,Non-alcoholic beverages/Coffee,,per 100g edible portion,116,Automated calculation,,28,Automated calculation,,2.5,Calculation on the basis of ingredients,,1.5,Calculation on the basis of ingredients,,0.6,Calculation on the basis of ingredients,,0.1,Calculation on the basis of ingredients,,8,Calculation on the basis of ingredients,,0.8,Calculation on the basis of ingredients,,0.7,Calculation on the basis of ingredients,,0,Calculation on the basis of ingredients,,0.1,Calculation on the basis of ingredients,,0.5,Calculation on the basis of ingredients,,0,Automated calculation,,0,Calculation on the basis of ingredients,,96.1,Automated calculation,,25,Automated calculation,,24,Automated calculation,,23,Calculation on the basis of ingredients,,13,Calculation on the basis of ingredients,,13,Calculation on the basis of ingredients,,0,Calculation on the basis of ingredients,,0.02,Calculation on the basis of ingredients,,0,Calculation on the basis of ingredients,,0.08,Calculation on the basis of ingredients,,0.13,Calculation on the basis of ingredients,,0.5,Calculation on the basis of ingredients,,0.07,Calculation on the basis of ingredients,,0.2,Calculation on the basis of ingredients,,0.1,Calculation on the basis of ingredients,,0.06,Calculation on the basis of ingredients,,45,Calculation on the basis of ingredients,,14,Calculation on the basis of ingredients,,13,Calculation on the basis of ingredients,,23,Calculation on the basis of ingredients,,4.1,Calculation on the basis of ingredients,,17,Calculation on the basis of ingredients,,0,Calculation on the basis of ingredients,,1.9,Calculation on the basis of ingredients,,0,Calculation on the basis of ingredients,,n.d.,,,Ja
765,4392,1001411,"Eurasian perch, raw",,Fish/Fresh water fish,,per 100g edible portion,334,Automated calculation,,79,Automated calculation,,0.7,-,50,0.1,-,50,0.1,-,50,0.3,-,50,70,-,5,0,-,50,0,-,5,0,Estimation,51,0,-,5,18,-,22,0.2,Automated calculation,,0,-,5,80.4,-,50,7,Automated calculation,,7,Automated calculation,,7,Estimation,51,0,Estimation,51,0,-,128,0.07,-,5,0.1,-,5,0.12,-,5,1,-,9,2.9,-,5,5,-,5,0.19,-,9,2,-,5,0.4,-,5,0.2,-,5,80,-,5,92,-,5,60,-,9,80,-,5,30,-,9,370,-,50,0.9,-,5,4,-,9,1.1,-,5,27,-,1544,Nein
13384,,,Ewe's milk,,Milk and dairy products/Milk,1,per 100ml food volume,435,Automated calculation,,105,Automated calculation,,7.1,-,1638,4.1,-,1638,1.7,-,1638,0.5,-,1638,27,-,1638,4.7,Estimation,1632,4.7,Estimation,1632,0,Estimation,1632,0,Estimation,1632,5.5,Estimation,1662,0.1,Automated calculation,,0,Estimation,1632,81.8,Estimation,1632,109,Automated calculation,,108,Automated calculation,,108,Estimation,1632,5,Estimation,1632,5,-,1640,0.08,-,1638,0.4,-,1638;1653,0.03,-,1638,0.44,-,1638;1653,0.45,-,1640,10,-,1638,0.36,-,1640;1653,4.2,-,1640,0.1,-,1638;1653,0.25,-,1638,120,-,1638,46,-,1638,n.d.,,,180,-,1638,18,-,1638,140,-,1638,0,-,1638,10,-,1528,0.5,-,1638,n.d.,,,Nein
1268,,,Farmers' bread,,"Bread, flakes and breakfast cereals/Bread and bread products",,per 100g edible portion,1020,Automated calculation,,241,Automated calculation,,2,Calculation on the basis of ingredients,,0.7,Calculation on the basis of ingredients,,0.4,Calculation on the basis of ingredients,,0.6,Calculation on the basis of ingredients,,4,Calculation on the basis of ingredients,,44.3,Calculation on the basis of ingredients,,2.4,Calculation on the basis of ingredients,,41.7,Calculation on the basis of ingredients,,4.4,Calculation on the basis of ingredients,,9.2,Calculation on the basis of ingredients,,1.8,Automated calculation,,0,Calculation on the basis of ingredients,,40.7,Automated calculation,,11,Automated calculation,,10,Automated calculation,,10,Calculation on the basis of ingredients,,5,Calculation on the basis of ingredients,,5,Calculation on the basis of ingredients,,0.2,Calculation on the basis of ingredients,,0.13,Calculation on the basis of ingredients,,0.11,Calculation on the basis of ingredients,,0.03,Calculation on the basis of ingredients,,1.09,Calculation on the basis of ingredients,,25,Calculation on the basis of ingredients,,0.4,Calculation on the basis of ingredients,,0.2,Calculation on the basis of ingredients,,0,Calculation on the basis of ingredients,,0.33,Calculation on the basis of ingredients,,200,Calculation on the basis of ingredients,,710,Calculation on the basis of ingredients,,1090,Calculation on the basis of ingredients,,46,Calculation on the basis of ingredients,,38,Calculation on the basis of ingredients,,170,Calculation on the basis of ingredients,,1.5,Calculation on the basis of ingredients,,3.7,Calculation on the basis of ingredients,,1.4,Calculation on the basis of ingredients,,n.d.,,,Ja
352,3774,1000813,"Fennel, raw",,Vegetables/Fresh vegetables,,per 100g edible portion,95,Automated calculation,,23,Automated calculation,,0.3,-,43,tr.,-,43,tr.,-,43,tr.,-,43,0,-,43,2.3,-,43,0.1,-,43,2.2,-,43,3.3,-,43,1.1,-,43,0,Automated calculation,,0,-,43,92.2,-,43,23,Automated calculation,,12,Automated calculation,,0,Estimation,51,140,-,145,n.d.,,,0.05,-,43;1669,0.02,-,43,0.04,-,43;1669,0,-,43,0.7,-,43,55,-,43,0.2,-,43,6.3,-,43;1669,0,-,43,6,-,9,470,-,43,15,-,43,27,-,9,37,-,43,12,-,43,38,-,43,0.5,-,43,5,-,9,0.3,-,9,n.d.,,,Nein
1008,4250,,"Fennel, steamed (without addition of salt)",,Vegetables/Cooked vegetables (incl. cans),,per 100g edible portion,95,Automated calculation,,23,Automated calculation,,0.3,Calculation on the basis of ingredients,,0,Calculation on the basis of ingredients,,0,Calculation on the basis of ingredients,,0,Calculation on the basis of ingredients,,0,Calculation on the basis of ingredients,,2.3,Calculation on the basis of ingredients,,0.1,Calculation on the basis of ingredients,,2.2,Calculation on the basis of ingredients,,3.3,Calculation on the basis of ingredients,,1.1,Calculation on the basis of ingredients,,0,Automated calculation,,0,Calculation on the basis of ingredients,,93,Automated calculation,,23,Automated calculation,,12,Automated calculation,,0,Calculation on the basis of ingredients,,140,Calculation on the basis of ingredients,,n.d.,,,0.04,Calculation on the basis of ingredients,,0.02,Calculation on the basis of ingredients,,0.04,Calculation on the basis of ingredients,,0,Calculation on the basis of ingredients,,0.56,Calculation on the basis of ingredients,,33,Calculation on the basis of ingredients,,0.17,Calculation on the basis of ingredients,,4.7,Calculation on the basis of ingredients,,0,Calculation on the basis of ingredients,,6,Calculation on the basis of ingredients,,400,Calculation on the basis of ingredients,,13,Calculation on the basis of ingredients,,26,Calculation on the basis of ingredients,,35,Calculation on the basis of ingredients,,11,Calculation on the basis of ingredients,,36,Calculation on the basis of ingredients,,0.4,Calculation on the basis of ingredients,,4.8,Calculation on the basis of ingredients,,0.3,Calculation on the basis of ingredients,,n.d.,,,Ja
539,4614,1001059,"Feta, cow milk",,Milk and dairy products/Fresh cheese and curds;Milk and dairy products/Soft cheese,,per 100g edible portion,1060,Automated calculation,,256,Automated calculation,,20.7,-,43,12.4,-,3,4.9,-,3,0.9,-,3,62,-,3,1.4,-,43,1.4,-,43,0,-,22,0,-,22,16,-,1660,3.7,Automated calculation,,0,-,22,55.3,-,43,203,Automated calculation,,196,Automated calculation,,189,-,61,84,Estimation,51,84,-,61,0.04,-,43,0.33,-,43;1659,0.19,-,43,0.88,-,43;1659,0.2,-,43,49,-,43,0.46,-,43;1659,tr.,-,22,0.3,-,43;1659,0.5,-,43,150,-,43,1500,-,43,tr.,-,22,480,-,43,20,-,43,340,-,43,0.2,-,43,tr.,-,22,tr.,-,22,n.d.,,,Nein
549,4733,1001069,"Feta, ewe-/goat milk",,Milk and dairy products/Fresh cheese and curds;Milk and dairy products/Soft cheese,,per 100g edible portion,1010,Automated calculation,,242,Automated calculation,,18.8,-,8,12.1,-,8,4.8,-,8,0.9,-,8,45,-,8,1.5,-,34,0,-,8,0,-,22,0,-,22,16.7,-,1640,3.3,Automated calculation,,0,-,22,58.6,-,8,226,Automated calculation,,223,Automated calculation,,220,-,81,33,-,81,n.d.,,,0.04,-,8,0.55,-,8;1659,0.1,-,8,0.6,-,34;1659,0.2,-,8,30,-,8,0.24,-,8;1659,tr.,-,22,0.1,-,8;1659,0.49,-,8,150,-,8,1300,-,8,1900,-,8,450,-,8,20,-,34,360,-,8,0.2,-,34,tr.,-,22,2,-,8,n.d.,,,Nein
387,4362,1000850,"Fig, dried",,Fruit/Dried fruit,,per 100g edible portion,1150,Automated calculation,,273,Automated calculation,,1.2,-,43,0.2,-,43,0.3,-,43,0.6,-,43,0,-,43,56.8,-,43,56.8,-,43,0,-,43,11,-,43,3.2,-,43,0,Automated calculation,,0,-,43,25,-,43,13,Automated calculation,,7,Automated calculation,,0,Estimation,51,80,Estimation,1698,80,-,1661,0.07,-,43;1670,0.09,-,43;1670,0.22,-,43,0,-,43,0.54,-,43;1670,13,-,43,0.31,-,43;1670,0.5,-,43;1670,0,-,43,2,-,9,770,-,43,14,-,43,43,-,36,160,-,43,62,-,43,71,-,43,2.5,-,43,4,-,36,0.9,-,36,n.d.,,,Nein
386,4550,1000849,"Fig, fresh",,Fruit/Fresh fruit,,per 100g edible portion,314,Automated calculation,,74,Automated calculation,,0.3,-,43,0,-,43,0.1,-,43,0.2,-,43,0,-,43,15.5,-,43,15.5,-,43,0,-,43,3,-,43,0.9,-,43,0,Automated calculation,,0,-,43,79.5,-,43,8,Automated calculation,,4,Automated calculation,,0,Estimation,51,45,Estimation,51,40,-,152,0.05,-,43,0.06,-,43,0.11,-,43,0,-,43,0.5,-,43,7,-,43,0.3,-,43,5,-,43,0,-,43,0.5,-,9,230,-,43,3,-,43,18,-,36,60,-,43,18,-,43,23,-,43,0.8,-,43,1.5,-,36,0.2,-,36,n.d.,,,Nein
13345,,,"Fish (average), filet, steamed (without addition of fat and salt)",,Fish,,per 100g edible portion,715,Automated calculation,,170,Automated calculation,,7.7,Calculation on the basis of ingredients,,1.7,Calculation on the basis of ingredients,,2.8,Calculation on the basis of ingredients,,2.1,Calculation on the basis of ingredients,,59,Calculation on the basis of ingredients,,0,Calculation on the basis of ingredients,,0,Calculation on the basis of ingredients,,0,Calculation on the basis of ingredients,,0,Calculation on the basis of ingredients,,25.3,Calculation on the basis of ingredients,,0.2,Automated calculation,,0,Calculation on the basis of ingredients,,67,Automated calculation,,193,Automated calculation,,193,Automated calculation,,193,Calculation on the basis of ingredients,,0,Calculation on the basis of ingredients,,0,Calculation on the basis of ingredients,,0.17,Calculation on the basis of ingredients,,0.11,Calculation on the basis of ingredients,,0.46,Calculation on the basis of ingredients,,5.31,Calculation on the basis of ingredients,,6.09,Calculation on the basis of ingredients,,11.6,Calculation on the basis of ingredients,,1,Calculation on the basis of ingredients,,0.3,Calculation on the basis of ingredients,,6.5,Calculation on the basis of ingredients,,1.17,Calculation on the basis of ingredients,,360,Calculation on the basis of ingredients,,66,Calculation on the basis of ingredients,,170,Calculation on the basis of ingredients,,29,Calculation on the basis of ingredients,,32,Calculation on the basis of ingredients,,240,Calculation on the basis of ingredients,,0.8,Calculation on the basis of ingredients,,50,Calculation on the basis of ingredients,,0.7,Calculation on the basis of ingredients,,n.d.,,,Ja
1098,3682,,"Fish (average), raw ",,Fish/Fresh water fish;Fish/Sea fish,,per 100g edible portion,572,Automated calculation,,136,Automated calculation,,6.2,Calculation on the basis of ingredients,,1.3,Calculation on the basis of ingredients,,2.2,Calculation on the basis of ingredients,,1.7,Calculation on the basis of ingredients,,47,Calculation on the basis of ingredients,,0,Calculation on the basis of ingredients,,0,Calculation on the basis of ingredients,,0,Calculation on the basis of ingredients,,0,Calculation on the basis of ingredients,,20.2,Calculation on the basis of ingredients,,0.2,Automated calculation,,0,Calculation on the basis of ingredients,,73.6,Automated calculation,,155,Automated calculation,,155,Automated calculation,,155,Calculation on the basis of ingredients,,0,Calculation on the basis of ingredients,,0,Calculation on the basis of ingredients,,0.18,Calculation on the basis of ingredients,,0.13,Calculation on the basis of ingredients,,0.52,Calculation on the basis of ingredients,,5.31,Calculation on the basis of ingredients,,6.96,Calculation on the basis of ingredients,,13.3,Calculation on the basis of ingredients,,1.15,Calculation on the basis of ingredients,,0.3,Calculation on the basis of ingredients,,6.3,Calculation on the basis of ingredients,,1.04,Calculation on the basis of ingredients,,390,Calculation on the basis of ingredients,,62,Calculation on the basis of ingredients,,150,Calculation on the basis of ingredients,,23,Calculation on the basis of ingredients,,30,Calculation on the basis of ingredients,,230,Calculation on the basis of ingredients,,0.8,Calculation on the basis of ingredients,,45,Calculation on the basis of ingredients,,0.6,Calculation on the basis of ingredients,,n.d.,,,Ja
773,4160,1001423,"Fish fingers (sticks), breaded and pre deep fried",,Fish/Sea fish,,per 100g edible portion,974,Automated calculation,,233,Automated calculation,,11.7,Calculation on the basis of ingredients,,0.9,Calculation on the basis of ingredients,,6.7,Calculation on the basis of ingredients,,3.2,Calculation on the basis of ingredients,,47,Calculation on the basis of ingredients,,15.3,Calculation on the basis of ingredients,,0.1,Calculation on the basis of ingredients,,15.1,Calculation on the basis of ingredients,,0.8,Calculation on the basis of ingredients,,16.2,Calculation on the basis of ingredients,,0.6,Automated calculation,,0,Calculation on the basis of ingredients,,56.2,Automated calculation,,3,Automated calculation,,2,Automated calculation,,2,Calculation on the basis of ingredients,,3,Calculation on the basis of ingredients,,1,Calculation on the basis of ingredients,,0.07,Calculation on the basis of ingredients,,0.04,Calculation on the basis of ingredients,,0.13,Calculation on the basis of ingredients,,0.88,Calculation on the basis of ingredients,,1.49,Calculation on the basis of ingredients,,8.6,Calculation on the basis of ingredients,,0.29,Calculation on the basis of ingredients,,0,Calculation on the basis of ingredients,,0.9,Calculation on the basis of ingredients,,1.19,Calculation on the basis of ingredients,,300,Calculation on the basis of ingredients,,250,Calculation on the basis of ingredients,,610,Calculation on the basis of ingredients,,10,Calculation on the basis of ingredients,,19,Calculation on the basis of ingredients,,150,Calculation on the basis of ingredients,,0.5,Calculation on the basis of ingredients,,89,Calculation on the basis of ingredients,,0.5,Calculation on the basis of ingredients,,n.d.,,,Ja
1168,3646,,"Fish fingers/sticks (breaded and pre deep fried), fried in HOLL rapeseed oil",,Fish/Sea fish,,per 100g edible portion,1300,Automated calculation,,311,Automated calculation,,19.1,Calculation on the basis of ingredients,,1.5,Calculation on the basis of ingredients,,12.2,Calculation on the basis of ingredients,,4.3,Calculation on the basis of ingredients,,51,Calculation on the basis of ingredients,,16.6,Calculation on the basis of ingredients,,0.1,Calculation on the basis of ingredients,,16.4,Calculation on the basis of ingredients,,0.9,Calculation on the basis of ingredients,,17.6,Calculation on the basis of ingredients,,0.6,Automated calculation,,0,Calculation on the basis of ingredients,,46,Automated calculation,,3,Automated calculation,,3,Automated calculation,,2,Calculation on the basis of ingredients,,3,Calculation on the basis of ingredients,,1,Calculation on the basis of ingredients,,0.06,Calculation on the basis of ingredients,,0.04,Calculation on the basis of ingredients,,0.11,Calculation on the basis of ingredients,,0.86,Calculation on the basis of ingredients,,1.46,Calculation on the basis of ingredients,,7.4,Calculation on the basis of ingredients,,0.25,Calculation on the basis of ingredients,,0,Calculation on the basis of ingredients,,0.8,Calculation on the basis of ingredients,,1.61,Calculation on the basis of ingredients,,280,Calculation on the basis of ingredients,,230,Calculation on the basis of ingredients,,670,Calculation on the basis of ingredients,,11,Calculation on the basis of ingredients,,19,Calculation on the basis of ingredients,,140,Calculation on the basis of ingredients,,0.4,Calculation on the basis of ingredients,,97,Calculation on the basis of ingredients,,0.5,Calculation on the basis of ingredients,,n.d.,,,Ja
1169,4158,,"Fish fingers/sticks (breaded and pre deep fried), oven baked (without addition of fat)",,Fish/Sea fish,,per 100g edible portion,1110,Automated calculation,,264,Automated calculation,,13.2,Calculation on the basis of ingredients,,1.1,Calculation on the basis of ingredients,,7.6,Calculation on the basis of ingredients,,3.7,Calculation on the basis of ingredients,,53,Calculation on the basis of ingredients,,17.4,Calculation on the basis of ingredients,,0.1,Calculation on the basis of ingredients,,17.2,Calculation on the basis of ingredients,,1,Calculation on the basis of ingredients,,18.4,Calculation on the basis of ingredients,,0.6,Automated calculation,,0,Calculation on the basis of ingredients,,50.2,Automated calculation,,3,Automated calculation,,3,Automated calculation,,2,Calculation on the basis of ingredients,,3,Calculation on the basis of ingredients,,1,Calculation on the basis of ingredients,,0.06,Calculation on the basis of ingredients,,0.04,Calculation on the basis of ingredients,,0.13,Calculation on the basis of ingredients,,0.9,Calculation on the basis of ingredients,,1.41,Calculation on the basis of ingredients,,7.8,Calculation on the basis of ingredients,,0.26,Calculation on the basis of ingredients,,0,Calculation on the basis of ingredients,,0.8,Calculation on the basis of ingredients,,1.26,Calculation on the basis of ingredients,,290,Calculation on the basis of ingredients,,240,Calculation on the basis of ingredients,,700,Calculation on the basis of ingredients,,12,Calculation on the basis of ingredients,,20,Calculation on the basis of ingredients,,150,Calculation on the basis of ingredients,,0.4,Calculation on the basis of ingredients,,100,Calculation on the basis of ingredients,,0.6,Calculation on the basis of ingredients,,9.6,Calculation on the basis of ingredients,,Ja
760,4396,1001403,"Fish, hake, raw",,Fish/Sea fish,,per 100g edible portion,300,Automated calculation,,71,Automated calculation,,0.3,-,5,0.1,-,5,0.1,-,5,0.1,-,5,50,-,5,0,-,5,0,-,5,0,Estimation,51,0,-,5,17,-,5,0.2,Automated calculation,,0,-,5,81.5,-,5,0,Automated calculation,,0,Automated calculation,,tr.,-,65,0,Estimation,51,0,Estimation,51,0.05,-,5,0.08,-,5,0.18,-,5,2.1,-,9,2.2,-,5,12,-,5,0.19,-,5,1.5,-,9,tr.,-,5,0.19,-,5,320,-,5,77,-,5,240,-,9,25,-,5,25,-,9,190,-,5,0.7,-,5,120,-,5,0.4,-,5,n.d.,,,Nein
415,4353,1000887,"Fish, plaice, raw",,Fish/Sea fish,,per 100g edible portion,361,Automated calculation,,86,Automated calculation,,1.9,-,36,0.3,-,9,0.5,-,9,0.5,-,9,63,-,36,0,-,36,0,-,36,0,Estimation,51,0,-,9,17.1,-,36,0.3,Automated calculation,,0,-,36,79.7,-,36,16,Automated calculation,,16,Automated calculation,,16,-,145,0,Estimation,51,0,Estimation,51,0.21,-,36,0.22,-,36,0.22,-,36,1.5,-,36,4,-,36,11,-,36,0.8,-,36,1.5,-,36,3,-,9,0.8,-,9,310,-,36,100,-,36,130,-,36,61,-,36,22,-,36,200,-,36,0.9,-,36,53,-,36,0.5,-,36,n.d.,,,Nein
754,4064,1001397,"Fish, pollock, raw",,Fish/Sea fish,,per 100g edible portion,339,Automated calculation,,80,Automated calculation,,0.3,-,1007,0.1,-,1007,0.1,-,1007,0.1,-,1007,71,-,13,0,-,13,0,-,13,0,Estimation,51,0,-,13,19.3,-,13,0.1,Automated calculation,,0,-,13,79.2,-,13,4,Automated calculation,,4,Automated calculation,,4,Estimation,51,0,Estimation,51,0,-,155,0.05,-,13,0.05,-,13,0.18,-,13,1.3,-,13,2,-,13,10,-,13,0.38,-,9,0,-,13,0.8,-,13,0.36,-,13,440,-,13,40,-,13,200,-,9,8,-,13,14,-,13,170,-,13,0.2,-,13,85,-,13,0.3,-,13,n.d.,,,Nein
414,4010,1000886,"Fish product, anchovy in oil, drained",,Fish/Sea fish,,per 100g edible portion,765,Automated calculation,,182,Automated calculation,,8.5,-,1008,2.9,-,1008,3.4,-,1008,1.3,-,1008,76,-,1008,0.2,-,1008,0.1,-,1008,tr.,-,22,0,-,43,26.4,-,1008,12,Automated calculation,,0,-,43,55.1,-,1008,12,Automated calculation,,12,Automated calculation,,12,-,156,0,Estimation,51,0,Estimation,51,0.04,-,43,0.25,-,1008,0.37,-,1008,20.9,-,1008,3.9,-,1008,16,-,43,0.63,-,1008,0.5,-,1008,1.7,-,1008,1.16,-,1008,250,-,1008,4970,-,1008,tr.,-,22,290,-,1008,230,-,1008,280,-,1008,2.7,-,1008,30,-,1008,1.7,-,1008,n.d.,,,Nein
413,4354,1000885,"Fish product, sardine in oil, drained",,Fish/Sea fish,,per 100g edible portion,898,Automated calculation,,215,Automated calculation,,13.7,-,43,2.8,-,43,4.7,-,43,4.9,-,43,72,-,43,0,-,43,0,-,43,0,Estimation,51,0,-,43,23,-,43,1.2,Automated calculation,,0,-,43,59.8,-,43,33,Automated calculation,,33,Automated calculation,,33,Estimation,51,0,-,145,0,Estimation,51,0.02,-,43,0.25,-,43,0.21,-,43,12,-,43,6.5,-,43,12,-,43,0.6,-,43,tr.,-,43,6,-,43,0.4,-,43,380,-,43,480,-,43,tr.,-,22,400,-,43,37,-,43,470,-,43,2.5,-,43,26,-,9,2.3,-,9,n.d.,,,Nein
757,4399,1001400,"Fish, sardine, raw",,Fish/Sea fish,,per 100g edible portion,680,Automated calculation,,163,Automated calculation,,9,-,43,2.6,-,43,2.4,-,43,2.6,-,43,100,-,43,0,-,43,0,-,43,0,Estimation,51,0,-,43,20.4,-,43,0.3,Automated calculation,,0,-,43,69,-,43,28,Automated calculation,,28,Automated calculation,,28,Estimation,51,tr.,-,81,n.d.,,,0.01,-,43,0.25,-,43,0.68,-,43,6,-,43,8.2,-,43,4,-,43,0.8,-,43,0,-,43,11,-,43,0.29,-,43,360,-,43,110,-,43,180,-,9,85,-,43,28,-,43,270,-,43,1.4,-,43,32,-,9,2.9,-,9,n.d.,,,Nein
755,4400,1001398,"Fish, sole, raw",,Fish/Sea fish,,per 100g edible portion,359,Automated calculation,,85,Automated calculation,,1.1,-,13,0.2,-,13,0.2,-,13,0.4,-,13,50,-,13,0,-,13,0,-,13,0,Estimation,51,0,-,22,18.7,-,13,0.3,Automated calculation,,0,-,13,78.5,-,13,0,Automated calculation,,0,Automated calculation,,tr.,-,65,0,Estimation,51,0,Estimation,51,0.07,-,13,0.05,-,13,0.31,-,13,0.8,-,13,3.5,-,13,10,-,13,0.3,-,13,2,-,13,8,-,13,0.8,-,13,350,-,13,120,-,13,140,-,9,29,-,13,25,-,13,270,-,13,0.6,-,13,25,-,13,0.1,-,13,n.d.,,,Nein
756,4398,1001399,"Fish, tuna, raw",,Fish/Sea fish,,per 100g edible portion,627,Automated calculation,,149,Automated calculation,,6.2,-,43,1.8,-,43,1.6,-,43,2.2,-,43,38,-,43,0,-,43,0,-,43,0,Estimation,51,0,-,43,23.4,-,43,0.1,Automated calculation,,0,-,43,69,-,43,372,Automated calculation,,372,Automated calculation,,372,-,145,0,Estimation,51,0,Estimation,51,0.22,-,43,0.12,-,43,0.6,-,43,6.8,-,43,9,-,43,15,-,43,0.9,-,43,0,-,43,4.2,-,43;155;993;999;1000,1,-,43,330,-,43,39,-,43,140,-,9,28,-,43,34,-,43,200,-,43,1.1,-,43,50,-,9,0.8,-,9,n.d.,,,Nein
1185,4682,,"Flat white (little milk), no sugar added",,Milk and dairy products/Milk and yoghurt beverages;Non-alcoholic beverages/Coffee,1,per 100ml food volume,65,Automated calculation,,16,Automated calculation,,0.9,Calculation on the basis of ingredients,,0.5,Calculation on the basis of ingredients,,0.2,Calculation on the basis of ingredients,,0,Calculation on the basis of ingredients,,3,Calculation on the basis of ingredients,,1.2,Calculation on the basis of ingredients,,1,Calculation on the basis of ingredients,,0,Calculation on the basis of ingredients,,0.1,Calculation on the basis of ingredients,,0.7,Calculation on the basis of ingredients,,0,Automated calculation,,0,Calculation on the basis of ingredients,,97.1,Automated calculation,,10,Automated calculation,,10,Automated calculation,,9,Calculation on the basis of ingredients,,4,Calculation on the basis of ingredients,,4,Calculation on the basis of ingredients,,0,Calculation on the basis of ingredients,,0.05,Calculation on the basis of ingredients,,0.01,Calculation on the basis of ingredients,,0.03,Calculation on the basis of ingredients,,0.13,Calculation on the basis of ingredients,,0.9,Calculation on the basis of ingredients,,0.08,Calculation on the basis of ingredients,,0.2,Calculation on the basis of ingredients,,0,Calculation on the basis of ingredients,,0.03,Calculation on the basis of ingredients,,54,Calculation on the basis of ingredients,,9.2,Calculation on the basis of ingredients,,21,Calculation on the basis of ingredients,,32,Calculation on the basis of ingredients,,4.8,Calculation on the basis of ingredients,,21,Calculation on the basis of ingredients,,0,Calculation on the basis of ingredients,,2.1,Calculation on the basis of ingredients,,0.1,Calculation on the basis of ingredients,,n.d.,,,Ja
1186,4681,,"Flat white (much milk), no sugar added",,Milk and dairy products/Milk and yoghurt beverages;Non-alcoholic beverages/Coffee,1,per 100ml food volume,90,Automated calculation,,22,Automated calculation,,1.2,Calculation on the basis of ingredients,,0.8,Calculation on the basis of ingredients,,0.3,Calculation on the basis of ingredients,,0.1,Calculation on the basis of ingredients,,5,Calculation on the basis of ingredients,,1.6,Calculation on the basis of ingredients,,1.4,Calculation on the basis of ingredients,,0,Calculation on the basis of ingredients,,0.1,Calculation on the basis of ingredients,,1,Calculation on the basis of ingredients,,0,Automated calculation,,0,Calculation on the basis of ingredients,,96.1,Automated calculation,,14,Automated calculation,,14,Automated calculation,,13,Calculation on the basis of ingredients,,5,Calculation on the basis of ingredients,,6,Calculation on the basis of ingredients,,0.01,Calculation on the basis of ingredients,,0.07,Calculation on the basis of ingredients,,0.01,Calculation on the basis of ingredients,,0.05,Calculation on the basis of ingredients,,0.13,Calculation on the basis of ingredients,,1.3,Calculation on the basis of ingredients,,0.11,Calculation on the basis of ingredients,,0.3,Calculation on the basis of ingredients,,0,Calculation on the basis of ingredients,,0.04,Calculation on the basis of ingredients,,65,Calculation on the basis of ingredients,,13,Calculation on the basis of ingredients,,30,Calculation on the basis of ingredients,,42,Calculation on the basis of ingredients,,5.4,Calculation on the basis of ingredients,,29,Calculation on the basis of ingredients,,0,Calculation on the basis of ingredients,,3,Calculation on the basis of ingredients,,0.1,Calculation on the basis of ingredients,,n.d.,,,Ja
1187,4680,,"Flat white, no sugar added",,Milk and dairy products/Milk and yoghurt beverages;Non-alcoholic beverages/Coffee,1,per 100ml food volume,81,Automated calculation,,19,Automated calculation,,1.1,Calculation on the basis of ingredients,,0.7,Calculation on the basis of ingredients,,0.3,Calculation on the basis of ingredients,,0.1,Calculation on the basis of ingredients,,4,Calculation on the basis of ingredients,,1.4,Calculation on the basis of ingredients,,1.3,Calculation on the basis of ingredients,,0,Calculation on the basis of ingredients,,0.1,Calculation on the basis of ingredients,,0.9,Calculation on the basis of ingredients,,0,Automated calculation,,0,Calculation on the basis of ingredients,,96.5,Automated calculation,,13,Automated calculation,,12,Automated calculation,,12,Calculation on the basis of ingredients,,5,Calculation on the basis of ingredients,,5,Calculation on the basis of ingredients,,0.01,Calculation on the basis of ingredients,,0.06,Calculation on the basis of ingredients,,0.01,Calculation on the basis of ingredients,,0.04,Calculation on the basis of ingredients,,0.13,Calculation on the basis of ingredients,,1.2,Calculation on the basis of ingredients,,0.1,Calculation on the basis of ingredients,,0.3,Calculation on the basis of ingredients,,0,Calculation on the basis of ingredients,,0.04,Calculation on the basis of ingredients,,61,Calculation on the basis of ingredients,,11,Calculation on the basis of ingredients,,26,Calculation on the basis of ingredients,,38,Calculation on the basis of ingredients,,5.1,Calculation on the basis of ingredients,,26,Calculation on the basis of ingredients,,0,Calculation on the basis of ingredients,,2.6,Calculation on the basis of ingredients,,0.1,Calculation on the basis of ingredients,,n.d.,,,Ja
13405,,,"Flaxseed oil, cold pressed",Linseed oil,Fats and oils/Oils,0.9,per 100g edible portion,3700,Automated calculation,,900,Automated calculation,,100,-,1640,9.5,-,1640,19,-,1640,67,-,1640,0,Estimation,1648,0,Estimation,1648,0,Estimation,1648,0,Estimation,1648,0,Estimation,1648,0,Estimation,1648,0,Automated calculation,,0,Estimation,1648,0,Estimation,1648,42,Automated calculation,,21,Automated calculation,,0,Estimation,1648,251,-,1662,211,-,1667,0,Estimation,1648,0,Estimation,1648,0,Estimation,1648,0,Estimation,1648,0,Estimation,1648,0,Estimation,1648,0,Estimation,1648,0,Estimation,1648,0,Estimation,1648,5.63,Automated calculation,,0,-,1631,0,-,1631,0,Estimation,1648,1,-,1631,0,-,1631,1,-,1631,0,-,1631,0,Estimation,1648,0.1,-,1631,n.d.,,,Nein
13351,,,"Flounder, filet, steamed (without addition of fat and Salt)",,Fish/Sea fish,,per 100g edible portion,383,Automated calculation,,90,Automated calculation,,0.9,Calculation on the basis of ingredients,,0.2,Calculation on the basis of ingredients,,0.2,Calculation on the basis of ingredients,,0.3,Calculation on the basis of ingredients,,60,Calculation on the basis of ingredients,,0,Calculation on the basis of ingredients,,0,Calculation on the basis of ingredients,,0,Calculation on the basis of ingredients,,0,Calculation on the basis of ingredients,,20.6,Calculation on the basis of ingredients,,0.4,Automated calculation,,0,Calculation on the basis of ingredients,,78.5,Automated calculation,,11,Automated calculation,,11,Automated calculation,,11,Calculation on the basis of ingredients,,0,Calculation on the basis of ingredients,,0,Calculation on the basis of ingredients,,0.21,Calculation on the basis of ingredients,,0.18,Calculation on the basis of ingredients,,0.22,Calculation on the basis of ingredients,,1,Calculation on the basis of ingredients,,2.98,Calculation on the basis of ingredients,,9.6,Calculation on the basis of ingredients,,0.6,Calculation on the basis of ingredients,,0.8,Calculation on the basis of ingredients,,0.2,Calculation on the basis of ingredients,,0.45,Calculation on the basis of ingredients,,270,Calculation on the basis of ingredients,,160,Calculation on the basis of ingredients,,140,Calculation on the basis of ingredients,,60,Calculation on the basis of ingredients,,23,Calculation on the basis of ingredients,,200,Calculation on the basis of ingredients,,0.3,Calculation on the basis of ingredients,,7.1,Calculation on the basis of ingredients,,0.6,Calculation on the basis of ingredients,,n.d.,,,Ja
481,4052,1000966,"Flounder, raw",,Fish/Sea fish,,per 100g edible portion,306,Automated calculation,,72,Automated calculation,,0.7,-,36,0.1,-,22,0.1,-,22,0.2,-,22,48,-,36,0,-,22,0,-,22,0,Estimation,51,0,-,9,16.5,-,36,0.4,Automated calculation,,0,-,36,81.4,-,36,9,Automated calculation,,9,Automated calculation,,9,-,145,0,Estimation,51,0,Estimation,51,0.22,-,36,0.21,-,36,0.25,-,36,1,-,36,3.4,-,9,11,-,36,0.68,-,9,0.8,-,9,0.2,-,22,0.36,-,36,290,-,36,150,-,36,130,-,9,48,-,36,22,-,36,190,-,36,0.3,-,36,6.3,-,36,0.5,-,36,n.d.,,,Nein
1135,3698,,Flour (average),,"Cereal products, pulses and potatoes/Flour and starch",,per 100g edible portion,1450,Automated calculation,,343,Automated calculation,,1.4,Calculation on the basis of ingredients,,0.3,Calculation on the basis of ingredients,,0.2,Calculation on the basis of ingredients,,0.8,Calculation on the basis of ingredients,,0,Calculation on the basis of ingredients,,67.8,Calculation on the basis of ingredients,,0.4,Calculation on the basis of ingredients,,66.8,Calculation on the basis of ingredients,,4.7,Calculation on the basis of ingredients,,12.4,Calculation on the basis of ingredients,,0,Automated calculation,,0,Calculation on the basis of ingredients,,14.8,Automated calculation,,0,Automated calculation,,0,Automated calculation,,0,Calculation on the basis of ingredients,,0,Calculation on the basis of ingredients,,0,Calculation on the basis of ingredients,,0.25,Calculation on the basis of ingredients,,0.05,Calculation on the basis of ingredients,,0.19,Calculation on the basis of ingredients,,0,Calculation on the basis of ingredients,,1.26,Calculation on the basis of ingredients,,19.8,Calculation on the basis of ingredients,,0.56,Calculation on the basis of ingredients,,0,Calculation on the basis of ingredients,,0,Calculation on the basis of ingredients,,0.42,Calculation on the basis of ingredients,,200,Calculation on the basis of ingredients,,3.6,Calculation on the basis of ingredients,,44,Calculation on the basis of ingredients,,14,Calculation on the basis of ingredients,,45,Calculation on the basis of ingredients,,150,Calculation on the basis of ingredients,,1.9,Calculation on the basis of ingredients,,1.1,Calculation on the basis of ingredients,,1.4,Calculation on the basis of ingredients,,n.d.,,,Ja
1524,,,"Flour omelette filled with mushrooms, prepared",,Prepared dishes/Other savoury dishes,,per 100g edible portion,524,Automated calculation,,125,Automated calculation,,6.2,Calculation on the basis of ingredients,,3.1,Calculation on the basis of ingredients,,1.6,Calculation on the basis of ingredients,,0.6,Calculation on the basis of ingredients,,78,Calculation on the basis of ingredients,,10.9,Calculation on the basis of ingredients,,1.3,Calculation on the basis of ingredients,,9.2,Calculation on the basis of ingredients,,1.5,Calculation on the basis of ingredients,,5.7,Calculation on the basis of ingredients,,0.6,Automated calculation,,0,Calculation on the basis of ingredients,,76.4,Automated calculation,,74,Automated calculation,,70,Automated calculation,,66,Calculation on the basis of ingredients,,44,Calculation on the basis of ingredients,,39,Calculation on the basis of ingredients,,0.08,Calculation on the basis of ingredients,,0.29,Calculation on the basis of ingredients,,0.07,Calculation on the basis of ingredients,,0.22,Calculation on the basis of ingredients,,2.08,Calculation on the basis of ingredients,,19.6,Calculation on the basis of ingredients,,1.37,Calculation on the basis of ingredients,,2.1,Calculation on the basis of ingredients,,1.5,Calculation on the basis of ingredients,,0.19,Calculation on the basis of ingredients,,260,Calculation on the basis of ingredients,,220,Calculation on the basis of ingredients,,380,Calculation on the basis of ingredients,,35,Calculation on the basis of ingredients,,11,Calculation on the basis of ingredients,,110,Calculation on the basis of ingredients,,0.9,Calculation on the basis of ingredients,,16,Calculation on the basis of ingredients,,0.6,Calculation on the basis of ingredients,,n.d.,,,Nein
1525,,,"Flour omelette filled with vegetables, prepared",,Prepared dishes/Other savoury dishes,,per 100g edible portion,575,Automated calculation,,137,Automated calculation,,5.2,Calculation on the basis of ingredients,,1.8,Calculation on the basis of ingredients,,2,Calculation on the basis of ingredients,,0.7,Calculation on the basis of ingredients,,102,Calculation on the basis of ingredients,,16.2,Calculation on the basis of ingredients,,2.6,Calculation on the basis of ingredients,,13.4,Calculation on the basis of ingredients,,1.4,Calculation on the basis of ingredients,,5.7,Calculation on the basis of ingredients,,0.6,Automated calculation,,0,Calculation on the basis of ingredients,,71.7,Automated calculation,,218,Automated calculation,,132,Automated calculation,,47,Calculation on the basis of ingredients,,1026,Calculation on the basis of ingredients,,767,Calculation on the basis of ingredients,,0.07,Calculation on the basis of ingredients,,0.11,Calculation on the basis of ingredients,,0.1,Calculation on the basis of ingredients,,0.3,Calculation on the basis of ingredients,,0.36,Calculation on the basis of ingredients,,23.1,Calculation on the basis of ingredients,,0.56,Calculation on the basis of ingredients,,20.3,Calculation on the basis of ingredients,,0.6,Calculation on the basis of ingredients,,0.41,Calculation on the basis of ingredients,,150,Calculation on the basis of ingredients,,230,Calculation on the basis of ingredients,,360,Calculation on the basis of ingredients,,44,Calculation on the basis of ingredients,,10,Calculation on the basis of ingredients,,82,Calculation on the basis of ingredients,,0.7,Calculation on the basis of ingredients,,10,Calculation on the basis of ingredients,,0.6,Calculation on the basis of ingredients,,n.d.,,,Nein
1522,,,"Flour omelette, prepared",,Prepared dishes/Other savoury dishes,,per 100g edible portion,695,Automated calculation,,165,Automated calculation,,5.8,Calculation on the basis of ingredients,,2.3,Calculation on the basis of ingredients,,1.7,Calculation on the basis of ingredients,,0.8,Calculation on the basis of ingredients,,143,Calculation on the basis of ingredients,,20.4,Calculation on the basis of ingredients,,1.4,Calculation on the basis of ingredients,,18.8,Calculation on the basis of ingredients,,0.9,Calculation on the basis of ingredients,,7.5,Calculation on the basis of ingredients,,0.8,Automated calculation,,0,Calculation on the basis of ingredients,,65.7,Automated calculation,,67,Automated calculation,,67,Automated calculation,,66,Calculation on the basis of ingredients,,11,Calculation on the basis of ingredients,,7,Calculation on the basis of ingredients,,0.07,Calculation on the basis of ingredients,,0.13,Calculation on the basis of ingredients,,0.04,Calculation on the basis of ingredients,,0.43,Calculation on the basis of ingredients,,0.21,Calculation on the basis of ingredients,,16.7,Calculation on the basis of ingredients,,0.7,Calculation on the basis of ingredients,,0.1,Calculation on the basis of ingredients,,0.9,Calculation on the basis of ingredients,,0.18,Calculation on the basis of ingredients,,120,Calculation on the basis of ingredients,,320,Calculation on the basis of ingredients,,500,Calculation on the basis of ingredients,,51,Calculation on the basis of ingredients,,9.3,Calculation on the basis of ingredients,,100,Calculation on the basis of ingredients,,0.7,Calculation on the basis of ingredients,,12,Calculation on the basis of ingredients,,0.7,Calculation on the basis of ingredients,,n.d.,,,Nein
1527,,,"Flour omelette with bacon, prepared",,Prepared dishes/Other savoury dishes,,per 100g edible portion,810,Automated calculation,,193,Automated calculation,,9.5,Calculation on the basis of ingredients,,3.7,Calculation on the basis of ingredients,,3.6,Calculation on the basis of ingredients,,1.1,Calculation on the basis of ingredients,,128,Calculation on the basis of ingredients,,17.3,Calculation on the basis of ingredients,,1.3,Calculation on the basis of ingredients,,15.8,Calculation on the basis of ingredients,,0.8,Calculation on the basis of ingredients,,9.3,Calculation on the basis of ingredients,,1.1,Automated calculation,,0,Calculation on the basis of ingredients,,63.3,Automated calculation,,67,Automated calculation,,61,Automated calculation,,56,Calculation on the basis of ingredients,,64,Calculation on the basis of ingredients,,60,Calculation on the basis of ingredients,,0.13,Calculation on the basis of ingredients,,0.14,Calculation on the basis of ingredients,,0.06,Calculation on the basis of ingredients,,0.36,Calculation on the basis of ingredients,,0.75,Calculation on the basis of ingredients,,15.8,Calculation on the basis of ingredients,,0.68,Calculation on the basis of ingredients,,5,Calculation on the basis of ingredients,,0.8,Calculation on the basis of ingredients,,0.22,Calculation on the basis of ingredients,,150,Calculation on the basis of ingredients,,430,Calculation on the basis of ingredients,,700,Calculation on the basis of ingredients,,47,Calculation on the basis of ingredients,,11,Calculation on the basis of ingredients,,110,Calculation on the basis of ingredients,,0.7,Calculation on the basis of ingredients,,11,Calculation on the basis of ingredients,,0.9,Calculation on the basis of ingredients,,n.d.,,,Ja
1523,,,"Flour omelette with cheese, prepared",,Prepared dishes/Other savoury dishes,,per 100g edible portion,817,Automated calculation,,195,Automated calculation,,9,Calculation on the basis of ingredients,,4.4,Calculation on the basis of ingredients,,2.4,Calculation on the basis of ingredients,,0.9,Calculation on the basis of ingredients,,139,Calculation on the basis of ingredients,,18.2,Calculation on the basis of ingredients,,1.3,Calculation on the basis of ingredients,,16.8,Calculation on the basis of ingredients,,0.8,Calculation on the basis of ingredients,,9.9,Calculation on the basis of ingredients,,0.9,Automated calculation,,0,Calculation on the basis of ingredients,,62.3,Automated calculation,,99,Automated calculation,,96,Automated calculation,,93,Calculation on the basis of ingredients,,34,Calculation on the basis of ingredients,,28,Calculation on the basis of ingredients,,0.06,Calculation on the basis of ingredients,,0.16,Calculation on the basis of ingredients,,0.05,Calculation on the basis of ingredients,,0.55,Calculation on the basis of ingredients,,0.22,Calculation on the basis of ingredients,,15.9,Calculation on the basis of ingredients,,0.69,Calculation on the basis of ingredients,,0.1,Calculation on the basis of ingredients,,0.9,Calculation on the basis of ingredients,,0.19,Calculation on the basis of ingredients,,120,Calculation on the basis of ingredients,,360,Calculation on the basis of ingredients,,550,Calculation on the basis of ingredients,,150,Calculation on the basis of ingredients,,13,Calculation on the basis of ingredients,,160,Calculation on the basis of ingredients,,0.7,Calculation on the basis of ingredients,,13,Calculation on the basis of ingredients,,1.1,Calculation on the basis of ingredients,,n.d.,,,Nein
1526,,,"Flour omelette with ham, prepared",,Prepared dishes/Other savoury dishes,,per 100g edible portion,659,Automated calculation,,157,Automated calculation,,5.2,Calculation on the basis of ingredients,,2.1,Calculation on the basis of ingredients,,1.6,Calculation on the basis of ingredients,,0.7,Calculation on the basis of ingredients,,127,Calculation on the basis of ingredients,,17.3,Calculation on the basis of ingredients,,1.4,Calculation on the basis of ingredients,,15.8,Calculation on the basis of ingredients,,0.8,Calculation on the basis of ingredients,,9.7,Calculation on the basis of ingredients,,1,Automated calculation,,0,Calculation on the basis of ingredients,,67.2,Automated calculation,,66,Automated calculation,,61,Automated calculation,,56,Calculation on the basis of ingredients,,64,Calculation on the basis of ingredients,,60,Calculation on the basis of ingredients,,0.13,Calculation on the basis of ingredients,,0.14,Calculation on the basis of ingredients,,0.08,Calculation on the basis of ingredients,,0.36,Calculation on the basis of ingredients,,1.03,Calculation on the basis of ingredients,,15.6,Calculation on the basis of ingredients,,0.69,Calculation on the basis of ingredients,,10.5,Calculation on the basis of ingredients,,0.7,Calculation on the basis of ingredients,,0.2,Calculation on the basis of ingredients,,170,Calculation on the basis of ingredients,,410,Calculation on the basis of ingredients,,620,Calculation on the basis of ingredients,,48,Calculation on the basis of ingredients,,12,Calculation on the basis of ingredients,,140,Calculation on the basis of ingredients,,0.7,Calculation on the basis of ingredients,,11,Calculation on the basis of ingredients,,0.9,Calculation on the basis of ingredients,,n.d.,,,Ja
1695,,,"Flour omelette with Nutella, prepared",,Prepared dishes/Other sweet dishes,,per 100g edible portion,1080,Automated calculation,,258,Automated calculation,,12.4,Calculation on the basis of ingredients,,4.7,Calculation on the basis of ingredients,,5.1,Calculation on the basis of ingredients,,1.5,Calculation on the basis of ingredients,,108,Calculation on the basis of ingredients,,29,Calculation on the basis of ingredients,,14.4,Calculation on the basis of ingredients,,14.4,Calculation on the basis of ingredients,,1.4,Calculation on the basis of ingredients,,7.1,Calculation on the basis of ingredients,,0.6,Automated calculation,,0,Calculation on the basis of ingredients,,50.5,Automated calculation,,51,Automated calculation,,50,Automated calculation,,50,Calculation on the basis of ingredients,,9,Calculation on the basis of ingredients,,6,Calculation on the basis of ingredients,,0.07,Calculation on the basis of ingredients,,0.15,Calculation on the basis of ingredients,,0.06,Calculation on the basis of ingredients,,0.37,Calculation on the basis of ingredients,,0.26,Calculation on the basis of ingredients,,14.8,Calculation on the basis of ingredients,,0.65,Calculation on the basis of ingredients,,0.2,Calculation on the basis of ingredients,,0.7,Calculation on the basis of ingredients,,1.54,Calculation on the basis of ingredients,,170,Calculation on the basis of ingredients,,250,Calculation on the basis of ingredients,,400,Calculation on the basis of ingredients,,71,Calculation on the basis of ingredients,,19,Calculation on the basis of ingredients,,120,Calculation on the basis of ingredients,,0.8,Calculation on the basis of ingredients,,10,Calculation on the basis of ingredients,,0.8,Calculation on the basis of ingredients,,n.d.,,,Ja
1694,,,"Flour omelette with sugar and cinnamon, prepared",,Prepared dishes/Other sweet dishes,,per 100g edible portion,747,Automated calculation,,177,Automated calculation,,5.5,Calculation on the basis of ingredients,,2.2,Calculation on the basis of ingredients,,1.6,Calculation on the basis of ingredients,,0.8,Calculation on the basis of ingredients,,136,Calculation on the basis of ingredients,,24.5,Calculation on the basis of ingredients,,6.5,Calculation on the basis of ingredients,,17.9,Calculation on the basis of ingredients,,0.8,Calculation on the basis of ingredients,,7.1,Calculation on the basis of ingredients,,0.8,Automated calculation,,0,Calculation on the basis of ingredients,,62.3,Automated calculation,,64,Automated calculation,,63,Automated calculation,,62,Calculation on the basis of ingredients,,11,Calculation on the basis of ingredients,,7,Calculation on the basis of ingredients,,0.06,Calculation on the basis of ingredients,,0.13,Calculation on the basis of ingredients,,0.04,Calculation on the basis of ingredients,,0.41,Calculation on the basis of ingredients,,0.2,Calculation on the basis of ingredients,,15.8,Calculation on the basis of ingredients,,0.67,Calculation on the basis of ingredients,,0.1,Calculation on the basis of ingredients,,0.8,Calculation on the basis of ingredients,,0.17,Calculation on the basis of ingredients,,120,Calculation on the basis of ingredients,,300,Calculation on the basis of ingredients,,470,Calculation on the basis of ingredients,,50,Calculation on the basis of ingredients,,8.9,Calculation on the basis of ingredients,,98,Calculation on the basis of ingredients,,0.7,Calculation on the basis of ingredients,,12,Calculation on the basis of ingredients,,0.6,Calculation on the basis of ingredients,,n.d.,,,Nein
1136,4103,,"Flour, white and semi-white (average)",,"Cereal products, pulses and potatoes/Flour and starch",,per 100g edible portion,1460,Automated calculation,,344,Automated calculation,,1.3,Calculation on the basis of ingredients,,0.3,Calculation on the basis of ingredients,,0.2,Calculation on the basis of ingredients,,0.7,Calculation on the basis of ingredients,,0,Calculation on the basis of ingredients,,68.9,Calculation on the basis of ingredients,,0.4,Calculation on the basis of ingredients,,67.9,Calculation on the basis of ingredients,,3.8,Calculation on the basis of ingredients,,12.2,Calculation on the basis of ingredients,,0,Automated calculation,,0,Calculation on the basis of ingredients,,14.9,Automated calculation,,0,Automated calculation,,0,Automated calculation,,0,Calculation on the basis of ingredients,,0,Calculation on the basis of ingredients,,0,Calculation on the basis of ingredients,,0.21,Calculation on the basis of ingredients,,0.04,Calculation on the basis of ingredients,,0.16,Calculation on the basis of ingredients,,0,Calculation on the basis of ingredients,,0.79,Calculation on the basis of ingredients,,16,Calculation on the basis of ingredients,,0.48,Calculation on the basis of ingredients,,0,Calculation on the basis of ingredients,,0,Calculation on the basis of ingredients,,0.29,Calculation on the basis of ingredients,,180,Calculation on the basis of ingredients,,2.1,Calculation on the basis of ingredients,,45,Calculation on the basis of ingredients,,11,Calculation on the basis of ingredients,,33,Calculation on the basis of ingredients,,120,Calculation on the basis of ingredients,,1.5,Calculation on the basis of ingredients,,0.9,Calculation on the basis of ingredients,,1.1,Calculation on the basis of ingredients,,n.d.,,,Ja
1475,,,"Fondue moitié-moitié, prepared",,Prepared dishes/Other savoury dishes,,per 100g edible portion,1210,Automated calculation,,291,Automated calculation,,20.8,Calculation on the basis of ingredients,,12.5,Calculation on the basis of ingredients,,4.9,Calculation on the basis of ingredients,,1,Calculation on the basis of ingredients,,62,Calculation on the basis of ingredients,,1,Calculation on the basis of ingredients,,0,Calculation on the basis of ingredients,,1,Calculation on the basis of ingredients,,0,Calculation on the basis of ingredients,,16.7,Calculation on the basis of ingredients,,1,Automated calculation,,4.7,Calculation on the basis of ingredients,,56.4,Automated calculation,,283,Automated calculation,,273,Automated calculation,,263,Calculation on the basis of ingredients,,118,Calculation on the basis of ingredients,,118,Calculation on the basis of ingredients,,0.01,Calculation on the basis of ingredients,,0.23,Calculation on the basis of ingredients,,0.07,Calculation on the basis of ingredients,,0.95,Calculation on the basis of ingredients,,0.14,Calculation on the basis of ingredients,,7.5,Calculation on the basis of ingredients,,0.25,Calculation on the basis of ingredients,,0.1,Calculation on the basis of ingredients,,0.4,Calculation on the basis of ingredients,,0.39,Calculation on the basis of ingredients,,93,Calculation on the basis of ingredients,,400,Calculation on the basis of ingredients,,550,Calculation on the basis of ingredients,,520,Calculation on the basis of ingredients,,23,Calculation on the basis of ingredients,,360,Calculation on the basis of ingredients,,0.4,Calculation on the basis of ingredients,,16,Calculation on the basis of ingredients,,2.4,Calculation on the basis of ingredients,,n.d.,,,Nein
797,3697,1001459,"Fondue, prepared",,Prepared dishes/Other savoury dishes,,per 100g edible portion,1310,Automated calculation,,315,Automated calculation,,22.4,Calculation on the basis of ingredients,,13.9,Calculation on the basis of ingredients,,5.4,Calculation on the basis of ingredients,,1,Calculation on the basis of ingredients,,58,Calculation on the basis of ingredients,,1.1,Calculation on the basis of ingredients,,0.1,Calculation on the basis of ingredients,,0.9,Calculation on the basis of ingredients,,0,Calculation on the basis of ingredients,,19.6,Calculation on the basis of ingredients,,0.3,Automated calculation,,4.4,Calculation on the basis of ingredients,,52.1,Automated calculation,,210,Automated calculation,,201,Automated calculation,,192,Calculation on the basis of ingredients,,108,Calculation on the basis of ingredients,,107,Calculation on the basis of ingredients,,0.01,Calculation on the basis of ingredients,,0.2,Calculation on the basis of ingredients,,0.07,Calculation on the basis of ingredients,,1.06,Calculation on the basis of ingredients,,0.15,Calculation on the basis of ingredients,,3.7,Calculation on the basis of ingredients,,0.18,Calculation on the basis of ingredients,,tr.,Calculation on the basis of ingredients,,0.3,Calculation on the basis of ingredients,,0.24,Calculation on the basis of ingredients,,88,Calculation on the basis of ingredients,,120,Calculation on the basis of ingredients,,190,Calculation on the basis of ingredients,,710,Calculation on the basis of ingredients,,25,Calculation on the basis of ingredients,,430,Calculation on the basis of ingredients,,0.4,Calculation on the basis of ingredients,,17,Calculation on the basis of ingredients,,3.3,Calculation on the basis of ingredients,,n.d.,,,Nein
1476,,,"Fondue without alcohol, prepared",,Prepared dishes/Other savoury dishes,,per 100g edible portion,1180,Automated calculation,,283,Automated calculation,,21.5,Calculation on the basis of ingredients,,13.4,Calculation on the basis of ingredients,,5.2,Calculation on the basis of ingredients,,1,Calculation on the basis of ingredients,,55,Calculation on the basis of ingredients,,1.6,Calculation on the basis of ingredients,,1,Calculation on the basis of ingredients,,0.6,Calculation on the basis of ingredients,,0,Calculation on the basis of ingredients,,18.7,Calculation on the basis of ingredients,,0.3,Automated calculation,,1.2,Calculation on the basis of ingredients,,56.6,Automated calculation,,203,Automated calculation,,194,Automated calculation,,185,Calculation on the basis of ingredients,,112,Calculation on the basis of ingredients,,111,Calculation on the basis of ingredients,,0.01,Calculation on the basis of ingredients,,0.19,Calculation on the basis of ingredients,,0.07,Calculation on the basis of ingredients,,0.99,Calculation on the basis of ingredients,,0.12,Calculation on the basis of ingredients,,3.1,Calculation on the basis of ingredients,,0.18,Calculation on the basis of ingredients,,0.1,Calculation on the basis of ingredients,,0.3,Calculation on the basis of ingredients,,0.23,Calculation on the basis of ingredients,,100,Calculation on the basis of ingredients,,110,Calculation on the basis of ingredients,,180,Calculation on the basis of ingredients,,680,Calculation on the basis of ingredients,,22,Calculation on the basis of ingredients,,410,Calculation on the basis of ingredients,,0.6,Calculation on the basis of ingredients,,17,Calculation on the basis of ingredients,,3.2,Calculation on the basis of ingredients,,n.d.,,,Nein
10450,,,"French fries (baked in the oven), unsalted",,"Cereal products, pulses and potatoes/Potatoes",,per 100g edible portion,972,Automated calculation,,232,Automated calculation,,9.1,Calculation on the basis of ingredients,,0.7,Calculation on the basis of ingredients,,6.6,Calculation on the basis of ingredients,,1.2,Calculation on the basis of ingredients,,0,Calculation on the basis of ingredients,,33,Calculation on the basis of ingredients,,1.6,Calculation on the basis of ingredients,,31.3,Calculation on the basis of ingredients,,2.5,Calculation on the basis of ingredients,,3.3,Calculation on the basis of ingredients,,0,Automated calculation,,0,Calculation on the basis of ingredients,,52.1,Automated calculation,,2,Calculation on the basis of ingredients,,1,Calculation on the basis of ingredients,,0,Calculation on the basis of ingredients,,11,Calculation on the basis of ingredients,,9,Calculation on the basis of ingredients,,0.28,Calculation on the basis of ingredients,,0.03,Calculation on the basis of ingredients,,0.69,Calculation on the basis of ingredients,,0,Calculation on the basis of ingredients,,0.82,Calculation on the basis of ingredients,,41.6,Calculation on the basis of ingredients,,0.58,Calculation on the basis of ingredients,,22.2,Calculation on the basis of ingredients,,0,Calculation on the basis of ingredients,,2.82,Calculation on the basis of ingredients,,590,Calculation on the basis of ingredients,,16,Calculation on the basis of ingredients,,110,Calculation on the basis of ingredients,,9.5,Calculation on the basis of ingredients,,27,Calculation on the basis of ingredients,,61,Calculation on the basis of ingredients,,0.6,Calculation on the basis of ingredients,,5.2,Calculation on the basis of ingredients,,0.4,Calculation on the basis of ingredients,,n.d.,,,Ja
10449,,,"French fries (deep fried in HO sunflower oil), unsalted",,"Cereal products, pulses and potatoes/Potatoes",,per 100g edible portion,1200,Automated calculation,,286,Automated calculation,,15.4,Calculation on the basis of ingredients,,1.1,Calculation on the basis of ingredients,,11.3,Calculation on the basis of ingredients,,2.1,Calculation on the basis of ingredients,,0,Calculation on the basis of ingredients,,32.4,Calculation on the basis of ingredients,,1.6,Calculation on the basis of ingredients,,30.8,Calculation on the basis of ingredients,,2.5,Calculation on the basis of ingredients,,3.2,Calculation on the basis of ingredients,,0,Automated calculation,,0,Calculation on the basis of ingredients,,46.5,Automated calculation,,2,Calculation on the basis of ingredients,,1,Calculation on the basis of ingredients,,0,Calculation on the basis of ingredients,,11,Calculation on the basis of ingredients,,8,Calculation on the basis of ingredients,,0.25,Calculation on the basis of ingredients,,0.03,Calculation on the basis of ingredients,,0.7,Calculation on the basis of ingredients,,0,Calculation on the basis of ingredients,,0.81,Calculation on the basis of ingredients,,39.8,Calculation on the basis of ingredients,,0.57,Calculation on the basis of ingredients,,21.4,Calculation on the basis of ingredients,,0,Calculation on the basis of ingredients,,1.3,Calculation on the basis of ingredients,,580,Calculation on the basis of ingredients,,15,Calculation on the basis of ingredients,,100,Calculation on the basis of ingredients,,9.4,Calculation on the basis of ingredients,,26,Calculation on the basis of ingredients,,60,Calculation on the basis of ingredients,,0.6,Calculation on the basis of ingredients,,5.1,Calculation on the basis of ingredients,,0.4,Calculation on the basis of ingredients,,n.d.,,,Nein
818,3578,1001487,"French fries for oven, deep-frozen",,"Cereal products, pulses and potatoes/Potatoes",,per 100g edible portion,535,Automated calculation,,127,Automated calculation,,5,Calculation on the basis of ingredients,,0.4,Calculation on the basis of ingredients,,3.6,Calculation on the basis of ingredients,,0.7,Calculation on the basis of ingredients,,0,Calculation on the basis of ingredients,,18.1,Calculation on the basis of ingredients,,0.9,Calculation on the basis of ingredients,,17.2,Calculation on the basis of ingredients,,1.4,Calculation on the basis of ingredients,,1.8,Calculation on the basis of ingredients,,0,Automated calculation,,0,Calculation on the basis of ingredients,,73.7,Automated calculation,,1,Calculation on the basis of ingredients,,1,Calculation on the basis of ingredients,,0,Calculation on the basis of ingredients,,6,Calculation on the basis of ingredients,,5,Calculation on the basis of ingredients,,0.17,Calculation on the basis of ingredients,,0.02,Calculation on the basis of ingredients,,0.42,Calculation on the basis of ingredients,,0,Calculation on the basis of ingredients,,0.48,Calculation on the basis of ingredients,,28.6,Calculation on the basis of ingredients,,0.35,Calculation on the basis of ingredients,,12.9,Calculation on the basis of ingredients,,0,Calculation on the basis of ingredients,,1.55,Calculation on the basis of ingredients,,320,Calculation on the basis of ingredients,,8.6,Calculation on the basis of ingredients,,59,Calculation on the basis of ingredients,,5.2,Calculation on the basis of ingredients,,15,Calculation on the basis of ingredients,,34,Calculation on the basis of ingredients,,0.3,Calculation on the basis of ingredients,,2.9,Calculation on the basis of ingredients,,0.2,Calculation on the basis of ingredients,,n.d.,,,Ja
1500,,,"French omelette, prepared",,Prepared dishes/Other savoury dishes,,per 100g edible portion,635,Automated calculation,,153,Automated calculation,,11.5,Calculation on the basis of ingredients,,3.8,Calculation on the basis of ingredients,,3.9,Calculation on the basis of ingredients,,1.7,Calculation on the basis of ingredients,,403,Calculation on the basis of ingredients,,1.4,Calculation on the basis of ingredients,,1.4,Calculation on the basis of ingredients,,0,Calculation on the basis of ingredients,,0,Calculation on the basis of ingredients,,11,Calculation on the basis of ingredients,,0.8,Automated calculation,,0,Calculation on the basis of ingredients,,76.1,Automated calculation,,157,Automated calculation,,155,Automated calculation,,153,Calculation on the basis of ingredients,,23,Calculation on the basis of ingredients,,11,Calculation on the basis of ingredients,,0.08,Calculation on the basis of ingredients,,0.27,Calculation on the basis of ingredients,,0.08,Calculation on the basis of ingredients,,1.16,Calculation on the basis of ingredients,,0.07,Calculation on the basis of ingredients,,41.3,Calculation on the basis of ingredients,,1.65,Calculation on the basis of ingredients,,0.1,Calculation on the basis of ingredients,,2.4,Calculation on the basis of ingredients,,0.31,Calculation on the basis of ingredients,,140,Calculation on the basis of ingredients,,330,Calculation on the basis of ingredients,,470,Calculation on the basis of ingredients,,75,Calculation on the basis of ingredients,,9.8,Calculation on the basis of ingredients,,200,Calculation on the basis of ingredients,,1.6,Calculation on the basis of ingredients,,30,Calculation on the basis of ingredients,,1.4,Calculation on the basis of ingredients,,n.d.,,,Nein
1503,,,"French omelette with bacon, prepared",,Prepared dishes/Other savoury dishes,,per 100g edible portion,757,Automated calculation,,182,Automated calculation,,14.2,Calculation on the basis of ingredients,,4.9,Calculation on the basis of ingredients,,5.4,Calculation on the basis of ingredients,,1.8,Calculation on the basis of ingredients,,346,Calculation on the basis of ingredients,,1.3,Calculation on the basis of ingredients,,1.3,Calculation on the basis of ingredients,,0,Calculation on the basis of ingredients,,0.1,Calculation on the basis of ingredients,,12.3,Calculation on the basis of ingredients,,0.7,Automated calculation,,0,Calculation on the basis of ingredients,,72.1,Automated calculation,,146,Automated calculation,,138,Automated calculation,,130,Calculation on the basis of ingredients,,99,Calculation on the basis of ingredients,,89,Calculation on the basis of ingredients,,0.14,Calculation on the basis of ingredients,,0.25,Calculation on the basis of ingredients,,0.1,Calculation on the basis of ingredients,,0.98,Calculation on the basis of ingredients,,0.62,Calculation on the basis of ingredients,,37.1,Calculation on the basis of ingredients,,1.47,Calculation on the basis of ingredients,,5.4,Calculation on the basis of ingredients,,2.1,Calculation on the basis of ingredients,,0.34,Calculation on the basis of ingredients,,160,Calculation on the basis of ingredients,,270,Calculation on the basis of ingredients,,430,Calculation on the basis of ingredients,,68,Calculation on the basis of ingredients,,11,Calculation on the basis of ingredients,,190,Calculation on the basis of ingredients,,1.5,Calculation on the basis of ingredients,,26,Calculation on the basis of ingredients,,1.5,Calculation on the basis of ingredients,,n.d.,,,Nein
1502,,,"French omelette with cheese, prepared",,Prepared dishes/Other savoury dishes,,per 100g edible portion,803,Automated calculation,,193,Automated calculation,,14.9,Calculation on the basis of ingredients,,6.3,Calculation on the basis of ingredients,,4.5,Calculation on the basis of ingredients,,1.7,Calculation on the basis of ingredients,,353,Calculation on the basis of ingredients,,1.2,Calculation on the basis of ingredients,,1.2,Calculation on the basis of ingredients,,0,Calculation on the basis of ingredients,,0.1,Calculation on the basis of ingredients,,13.6,Calculation on the basis of ingredients,,0.9,Automated calculation,,0,Calculation on the basis of ingredients,,70.1,Automated calculation,,198,Automated calculation,,187,Automated calculation,,176,Calculation on the basis of ingredients,,131,Calculation on the basis of ingredients,,118,Calculation on the basis of ingredients,,0.07,Calculation on the basis of ingredients,,0.28,Calculation on the basis of ingredients,,0.09,Calculation on the basis of ingredients,,1.2,Calculation on the basis of ingredients,,0.11,Calculation on the basis of ingredients,,37.9,Calculation on the basis of ingredients,,1.46,Calculation on the basis of ingredients,,1.9,Calculation on the basis of ingredients,,2.1,Calculation on the basis of ingredients,,0.35,Calculation on the basis of ingredients,,140,Calculation on the basis of ingredients,,370,Calculation on the basis of ingredients,,540,Calculation on the basis of ingredients,,210,Calculation on the basis of ingredients,,15,Calculation on the basis of ingredients,,270,Calculation on the basis of ingredients,,1.5,Calculation on the basis of ingredients,,27,Calculation on the basis of ingredients,,1.9,Calculation on the basis of ingredients,,n.d.,,,Nein
1501,,,"French omelette with ham, prepared",,Prepared dishes/Other savoury dishes,,per 100g edible portion,607,Automated calculation,,146,Automated calculation,,10,Calculation on the basis of ingredients,,3.3,Calculation on the basis of ingredients,,3.5,Calculation on the basis of ingredients,,1.4,Calculation on the basis of ingredients,,344,Calculation on the basis of ingredients,,1.3,Calculation on the basis of ingredients,,1.3,Calculation on the basis of ingredients,,0,Calculation on the basis of ingredients,,0.1,Calculation on the basis of ingredients,,12.6,Calculation on the basis of ingredients,,1,Automated calculation,,0,Calculation on the basis of ingredients,,76,Automated calculation,,145,Automated calculation,,137,Automated calculation,,129,Calculation on the basis of ingredients,,98,Calculation on the basis of ingredients,,88,Calculation on the basis of ingredients,,0.13,Calculation on the basis of ingredients,,0.25,Calculation on the basis of ingredients,,0.12,Calculation on the basis of ingredients,,0.97,Calculation on the basis of ingredients,,0.89,Calculation on the basis of ingredients,,36.9,Calculation on the basis of ingredients,,1.48,Calculation on the basis of ingredients,,10.7,Calculation on the basis of ingredients,,2,Calculation on the basis of ingredients,,0.33,Calculation on the basis of ingredients,,190,Calculation on the basis of ingredients,,410,Calculation on the basis of ingredients,,600,Calculation on the basis of ingredients,,69,Calculation on the basis of ingredients,,12,Calculation on the basis of ingredients,,220,Calculation on the basis of ingredients,,1.5,Calculation on the basis of ingredients,,26,Calculation on the basis of ingredients,,1.5,Calculation on the basis of ingredients,,n.d.,,,Nein
1504,,,"French pizza from Alsace, baked",,"Prepared dishes/Cakes, pies and gratins",,per 100g edible portion,1120,Automated calculation,,267,Automated calculation,,15.1,Calculation on the basis of ingredients,,7.1,Calculation on the basis of ingredients,,5.5,Calculation on the basis of ingredients,,1.1,Calculation on the basis of ingredients,,33,Calculation on the basis of ingredients,,22.9,Calculation on the basis of ingredients,,2.4,Calculation on the basis of ingredients,,20.3,Calculation on the basis of ingredients,,1.4,Calculation on the basis of ingredients,,9.3,Calculation on the basis of ingredients,,1,Automated calculation,,0,Calculation on the basis of ingredients,,51.6,Automated calculation,,55,Automated calculation,,53,Automated calculation,,52,Calculation on the basis of ingredients,,21,Calculation on the basis of ingredients,,21,Calculation on the basis of ingredients,,0.13,Calculation on the basis of ingredients,,0.09,Calculation on the basis of ingredients,,0.08,Calculation on the basis of ingredients,,0.11,Calculation on the basis of ingredients,,1.03,Calculation on the basis of ingredients,,9.3,Calculation on the basis of ingredients,,0.28,Calculation on the basis of ingredients,,5.4,Calculation on the basis of ingredients,,0.2,Calculation on the basis of ingredients,,0.75,Calculation on the basis of ingredients,,140,Calculation on the basis of ingredients,,410,Calculation on the basis of ingredients,,710,Calculation on the basis of ingredients,,87,Calculation on the basis of ingredients,,13,Calculation on the basis of ingredients,,100,Calculation on the basis of ingredients,,0.4,Calculation on the basis of ingredients,,4.5,Calculation on the basis of ingredients,,0.9,Calculation on the basis of ingredients,,n.d.,,,Nein
1515,,,French toast unsweetened,,Prepared dishes/Other sweet dishes,,per 100g edible portion,940,Automated calculation,,224,Automated calculation,,10.1,Calculation on the basis of ingredients,,5.1,Calculation on the basis of ingredients,,2.6,Calculation on the basis of ingredients,,1,Calculation on the basis of ingredients,,129,Calculation on the basis of ingredients,,24.9,Calculation on the basis of ingredients,,1.7,Calculation on the basis of ingredients,,23,Calculation on the basis of ingredients,,1.2,Calculation on the basis of ingredients,,7.9,Calculation on the basis of ingredients,,0.9,Automated calculation,,0,Calculation on the basis of ingredients,,56.2,Automated calculation,,98,Automated calculation,,96,Automated calculation,,94,Calculation on the basis of ingredients,,21,Calculation on the basis of ingredients,,19,Calculation on the basis of ingredients,,0.06,Calculation on the basis of ingredients,,0.15,Calculation on the basis of ingredients,,0.05,Calculation on the basis of ingredients,,0.31,Calculation on the basis of ingredients,,0.33,Calculation on the basis of ingredients,,19.5,Calculation on the basis of ingredients,,0.63,Calculation on the basis of ingredients,,0.2,Calculation on the basis of ingredients,,0.8,Calculation on the basis of ingredients,,0.3,Calculation on the basis of ingredients,,140,Calculation on the basis of ingredients,,360,Calculation on the basis of ingredients,,620,Calculation on the basis of ingredients,,57,Calculation on the basis of ingredients,,12,Calculation on the basis of ingredients,,110,Calculation on the basis of ingredients,,0.7,Calculation on the basis of ingredients,,11,Calculation on the basis of ingredients,,0.7,Calculation on the basis of ingredients,,n.d.,,,Nein
1120,3645,,"Fruit (average), dried",,Fruit/Dried fruit,,per 100g edible portion,1160,Automated calculation,,273,Automated calculation,,0.9,Calculation on the basis of ingredients,,0.2,Calculation on the basis of ingredients,,0.2,Calculation on the basis of ingredients,,0.3,Calculation on the basis of ingredients,,0,Calculation on the basis of ingredients,,58.1,Calculation on the basis of ingredients,,53.6,Calculation on the basis of ingredients,,2.1,Calculation on the basis of ingredients,,10.6,Calculation on the basis of ingredients,,2.8,Calculation on the basis of ingredients,,0,Automated calculation,,0,Calculation on the basis of ingredients,,27.5,Automated calculation,,137,Automated calculation,,69,Automated calculation,,0,Calculation on the basis of ingredients,,824,Calculation on the basis of ingredients,,924,Calculation on the basis of ingredients,,0.08,Calculation on the basis of ingredients,,0.11,Calculation on the basis of ingredients,,0.23,Calculation on the basis of ingredients,,0,Calculation on the basis of ingredients,,1.29,Calculation on the basis of ingredients,,19.7,Calculation on the basis of ingredients,,0.39,Calculation on the basis of ingredients,,5.4,Calculation on the basis of ingredients,,0,Calculation on the basis of ingredients,,1.61,Calculation on the basis of ingredients,,830,Calculation on the basis of ingredients,,12,Calculation on the basis of ingredients,,72,Calculation on the basis of ingredients,,64,Calculation on the basis of ingredients,,51,Calculation on the basis of ingredients,,83,Calculation on the basis of ingredients,,2.6,Calculation on the basis of ingredients,,4.2,Calculation on the basis of ingredients,,0.6,Calculation on the basis of ingredients,,n.d.,,,Ja
1130,3608,,"Fruit juice (average), no sugar added",,Fruit/Fruit juices;Non-alcoholic beverages/Fruit and vegetable juices,1,per 100ml food volume,220,Automated calculation,,52,Automated calculation,,0.3,Calculation on the basis of ingredients,,0,Calculation on the basis of ingredients,,0,Calculation on the basis of ingredients,,0.1,Calculation on the basis of ingredients,,0,Calculation on the basis of ingredients,,12,Calculation on the basis of ingredients,,11.8,Calculation on the basis of ingredients,,0,Calculation on the basis of ingredients,,0,Calculation on the basis of ingredients,,0.3,Calculation on the basis of ingredients,,0,Automated calculation,,0,Calculation on the basis of ingredients,,87.4,Automated calculation,,2,Automated calculation,,1,Automated calculation,,0,Calculation on the basis of ingredients,,13,Calculation on the basis of ingredients,,4,Calculation on the basis of ingredients,,0.04,Calculation on the basis of ingredients,,0.02,Calculation on the basis of ingredients,,0.03,Calculation on the basis of ingredients,,0,Calculation on the basis of ingredients,,0.21,Calculation on the basis of ingredients,,8.3,Calculation on the basis of ingredients,,0.08,Calculation on the basis of ingredients,,10.8,Calculation on the basis of ingredients,,0,Calculation on the basis of ingredients,,0.28,Calculation on the basis of ingredients,,140,Calculation on the basis of ingredients,,1.8,Calculation on the basis of ingredients,,2.5,Calculation on the basis of ingredients,,11,Calculation on the basis of ingredients,,8.4,Calculation on the basis of ingredients,,14,Calculation on the basis of ingredients,,0.2,Calculation on the basis of ingredients,,1.5,Calculation on the basis of ingredients,,0.1,Calculation on the basis of ingredients,,n.d.,,,Ja
1131,4675,,"Fruit juice diluted (average, 60% juice - 40% water), no sugar added",,Non-alcoholic beverages/Fruit and vegetable juices,1,per 100ml food volume,132,Automated calculation,,31,Automated calculation,,0.2,Calculation on the basis of ingredients,,0,Calculation on the basis of ingredients,,0,Calculation on the basis of ingredients,,0,Calculation on the basis of ingredients,,0,Calculation on the basis of ingredients,,7.2,Calculation on the basis of ingredients,,7.1,Calculation on the basis of ingredients,,0,Calculation on the basis of ingredients,,0,Calculation on the basis of ingredients,,0.2,Calculation on the basis of ingredients,,0,Automated calculation,,0,Calculation on the basis of ingredients,,92.4,Automated calculation,,1,Automated calculation,,1,Automated calculation,,0,Calculation on the basis of ingredients,,8,Calculation on the basis of ingredients,,2,Calculation on the basis of ingredients,,0.02,Calculation on the basis of ingredients,,0.01,Calculation on the basis of ingredients,,0.02,Calculation on the basis of ingredients,,0,Calculation on the basis of ingredients,,0.12,Calculation on the basis of ingredients,,5,Calculation on the basis of ingredients,,0.05,Calculation on the basis of ingredients,,6.5,Calculation on the basis of ingredients,,0,Calculation on the basis of ingredients,,0.17,Calculation on the basis of ingredients,,82,Calculation on the basis of ingredients,,1.5,Calculation on the basis of ingredients,,1.9,Calculation on the basis of ingredients,,9.3,Calculation on the basis of ingredients,,5.4,Calculation on the basis of ingredients,,8.1,Calculation on the basis of ingredients,,0.1,Calculation on the basis of ingredients,,0.9,Calculation on the basis of ingredients,,0.1,Calculation on the basis of ingredients,,n.d.,,,Ja
10456,,,Fruit pie (average),,"Sweets/Cakes and tarts;Prepared dishes/Cakes, pies and gratins",,per 100g edible portion,662,Automated calculation,,158,Automated calculation,,8.1,Calculation on the basis of ingredients,,4.5,Calculation on the basis of ingredients,,2,Calculation on the basis of ingredients,,0.6,Calculation on the basis of ingredients,,41,Calculation on the basis of ingredients,,16.8,Calculation on the basis of ingredients,,7.8,Calculation on the basis of ingredients,,8.9,Calculation on the basis of ingredients,,3.2,Calculation on the basis of ingredients,,2.9,Calculation on the basis of ingredients,,0.2,Automated calculation,,0,Calculation on the basis of ingredients,,69.1,Automated calculation,,106,Automated calculation,,93,Automated calculation,,79,Calculation on the basis of ingredients,,164,Calculation on the basis of ingredients,,143,Calculation on the basis of ingredients,,0.04,Calculation on the basis of ingredients,,0.06,Calculation on the basis of ingredients,,0.05,Calculation on the basis of ingredients,,0.08,Calculation on the basis of ingredients,,0.29,Calculation on the basis of ingredients,,10.1,Calculation on the basis of ingredients,,0.25,Calculation on the basis of ingredients,,9.9,Calculation on the basis of ingredients,,0.3,Calculation on the basis of ingredients,,0.98,Calculation on the basis of ingredients,,180,Calculation on the basis of ingredients,,91,Calculation on the basis of ingredients,,150,Calculation on the basis of ingredients,,32,Calculation on the basis of ingredients,,14,Calculation on the basis of ingredients,,49,Calculation on the basis of ingredients,,0.7,Calculation on the basis of ingredients,,3,Calculation on the basis of ingredients,,0.3,Calculation on the basis of ingredients,,1,Calculation on the basis of ingredients,,Ja
10454,,,Fruit pie with cake dough (average),,"Sweets/Cakes and tarts;Prepared dishes/Cakes, pies and gratins",,per 100g edible portion,583,Automated calculation,,139,Automated calculation,,6.1,Calculation on the basis of ingredients,,3.3,Calculation on the basis of ingredients,,1.5,Calculation on the basis of ingredients,,0.5,Calculation on the basis of ingredients,,37,Calculation on the basis of ingredients,,16.9,Calculation on the basis of ingredients,,7.6,Calculation on the basis of ingredients,,9,Calculation on the basis of ingredients,,2.5,Calculation on the basis of ingredients,,3,Calculation on the basis of ingredients,,0.2,Automated calculation,,0,Calculation on the basis of ingredients,,71.7,Automated calculation,,91,Automated calculation,,75,Automated calculation,,58,Calculation on the basis of ingredients,,198,Calculation on the basis of ingredients,,174,Calculation on the basis of ingredients,,0.04,Calculation on the basis of ingredients,,0.06,Calculation on the basis of ingredients,,0.05,Calculation on the basis of ingredients,,0.08,Calculation on the basis of ingredients,,0.3,Calculation on the basis of ingredients,,7.7,Calculation on the basis of ingredients,,0.25,Calculation on the basis of ingredients,,6.1,Calculation on the basis of ingredients,,0.2,Calculation on the basis of ingredients,,0.73,Calculation on the basis of ingredients,,180,Calculation on the basis of ingredients,,90,Calculation on the basis of ingredients,,150,Calculation on the basis of ingredients,,32,Calculation on the basis of ingredients,,13,Calculation on the basis of ingredients,,49,Calculation on the basis of ingredients,,0.6,Calculation on the basis of ingredients,,3.2,Calculation on the basis of ingredients,,0.4,Calculation on the basis of ingredients,,n.d.,,,Nein
10453,,,Fruit pie with puff pastry (average),,"Sweets/Cakes and tarts;Prepared dishes/Cakes, pies and gratins",,per 100g edible portion,571,Automated calculation,,137,Automated calculation,,7,Calculation on the basis of ingredients,,3.9,Calculation on the basis of ingredients,,1.7,Calculation on the basis of ingredients,,0.5,Calculation on the basis of ingredients,,39,Calculation on the basis of ingredients,,14.7,Calculation on the basis of ingredients,,7.6,Calculation on the basis of ingredients,,6.9,Calculation on the basis of ingredients,,2.4,Calculation on the basis of ingredients,,2.6,Calculation on the basis of ingredients,,0.2,Automated calculation,,0,Calculation on the basis of ingredients,,73.4,Automated calculation,,100,Automated calculation,,84,Automated calculation,,67,Calculation on the basis of ingredients,,202,Calculation on the basis of ingredients,,178,Calculation on the basis of ingredients,,0.04,Calculation on the basis of ingredients,,0.06,Calculation on the basis of ingredients,,0.05,Calculation on the basis of ingredients,,0.08,Calculation on the basis of ingredients,,0.27,Calculation on the basis of ingredients,,7.4,Calculation on the basis of ingredients,,0.24,Calculation on the basis of ingredients,,6.1,Calculation on the basis of ingredients,,0.2,Calculation on the basis of ingredients,,0.74,Calculation on the basis of ingredients,,170,Calculation on the basis of ingredients,,93,Calculation on the basis of ingredients,,150,Calculation on the basis of ingredients,,32,Calculation on the basis of ingredients,,12,Calculation on the basis of ingredients,,45,Calculation on the basis of ingredients,,0.6,Calculation on the basis of ingredients,,3.2,Calculation on the basis of ingredients,,0.3,Calculation on the basis of ingredients,,n.d.,,,Nein
10455,,,Fruit pie with sweet short pastry base (average),,"Sweets/Cakes and tarts;Prepared dishes/Cakes, pies and gratins",,per 100g edible portion,831,Automated calculation,,199,Automated calculation,,11.3,Calculation on the basis of ingredients,,6.4,Calculation on the basis of ingredients,,2.7,Calculation on the basis of ingredients,,0.7,Calculation on the basis of ingredients,,47,Calculation on the basis of ingredients,,18.8,Calculation on the basis of ingredients,,8,Calculation on the basis of ingredients,,10.7,Calculation on the basis of ingredients,,4.6,Calculation on the basis of ingredients,,3.2,Calculation on the basis of ingredients,,0.2,Automated calculation,,0,Calculation on the basis of ingredients,,62.2,Automated calculation,,127,Automated calculation,,119,Automated calculation,,112,Calculation on the basis of ingredients,,92,Calculation on the basis of ingredients,,77,Calculation on the basis of ingredients,,0.05,Calculation on the basis of ingredients,,0.07,Calculation on the basis of ingredients,,0.06,Calculation on the basis of ingredients,,0.07,Calculation on the basis of ingredients,,0.3,Calculation on the basis of ingredients,,15.2,Calculation on the basis of ingredients,,0.25,Calculation on the basis of ingredients,,17.4,Calculation on the basis of ingredients,,0.3,Calculation on the basis of ingredients,,1.48,Calculation on the basis of ingredients,,190,Calculation on the basis of ingredients,,89,Calculation on the basis of ingredients,,150,Calculation on the basis of ingredients,,33,Calculation on the basis of ingredients,,17,Calculation on the basis of ingredients,,54,Calculation on the basis of ingredients,,1,Calculation on the basis of ingredients,,2.6,Calculation on the basis of ingredients,,0.4,Calculation on the basis of ingredients,,n.d.,,,Ja
775,3807,1001425,"Fruit salad, sweetened, canned",,Fruit/Cooked fruit (incl. cans),,per 100g edible portion,333,Automated calculation,,79,Automated calculation,,0.3,Calculation on the basis of ingredients,,0,Calculation on the basis of ingredients,,0.1,Calculation on the basis of ingredients,,0.1,Calculation on the basis of ingredients,,0,Calculation on the basis of ingredients,,17.7,Calculation on the basis of ingredients,,17.7,Calculation on the basis of ingredients,,tr.,Calculation on the basis of ingredients,,1.8,Calculation on the basis of ingredients,,0.5,Calculation on the basis of ingredients,,0,Automated calculation,,0,Calculation on the basis of ingredients,,79.8,Automated calculation,,12,Automated calculation,,6,Automated calculation,,0,Calculation on the basis of ingredients,,74,Calculation on the basis of ingredients,,50,Calculation on the basis of ingredients,,0.01,Calculation on the basis of ingredients,,0.02,Calculation on the basis of ingredients,,0.02,Calculation on the basis of ingredients,,0,Calculation on the basis of ingredients,,0.39,Calculation on the basis of ingredients,,4.1,Calculation on the basis of ingredients,,0.11,Calculation on the basis of ingredients,,3.3,Calculation on the basis of ingredients,,0,Calculation on the basis of ingredients,,0.44,Calculation on the basis of ingredients,,87,Calculation on the basis of ingredients,,0.8,Calculation on the basis of ingredients,,4.5,Calculation on the basis of ingredients,,9.5,Calculation on the basis of ingredients,,6.2,Calculation on the basis of ingredients,,13,Calculation on the basis of ingredients,,0.3,Calculation on the basis of ingredients,,1.9,Calculation on the basis of ingredients,,0.1,Calculation on the basis of ingredients,,n.d.,,,Ja
777,3808,1001427,"Fruit salad, unsweetened, canned",,Fruit/Cooked fruit (incl. cans),,per 100g edible portion,226,Automated calculation,,54,Automated calculation,,0.3,Calculation on the basis of ingredients,,0,Calculation on the basis of ingredients,,0.1,Calculation on the basis of ingredients,,0.1,Calculation on the basis of ingredients,,0,Calculation on the basis of ingredients,,11.3,Calculation on the basis of ingredients,,11.3,Calculation on the basis of ingredients,,tr.,Calculation on the basis of ingredients,,2,Calculation on the basis of ingredients,,0.5,Calculation on the basis of ingredients,,0,Automated calculation,,0,Calculation on the basis of ingredients,,86,Automated calculation,,13,Automated calculation,,7,Automated calculation,,0,Calculation on the basis of ingredients,,80,Calculation on the basis of ingredients,,54,Calculation on the basis of ingredients,,0.01,Calculation on the basis of ingredients,,0.02,Calculation on the basis of ingredients,,0.02,Calculation on the basis of ingredients,,0,Calculation on the basis of ingredients,,0.43,Calculation on the basis of ingredients,,4.4,Calculation on the basis of ingredients,,0.12,Calculation on the basis of ingredients,,3.5,Calculation on the basis of ingredients,,0,Calculation on the basis of ingredients,,0.48,Calculation on the basis of ingredients,,94,Calculation on the basis of ingredients,,0.9,Calculation on the basis of ingredients,,4.8,Calculation on the basis of ingredients,,10,Calculation on the basis of ingredients,,6.7,Calculation on the basis of ingredients,,13,Calculation on the basis of ingredients,,0.3,Calculation on the basis of ingredients,,2,Calculation on the basis of ingredients,,0.1,Calculation on the basis of ingredients,,n.d.,,,Ja
1124,4074,,"Fruits (average), cooked (without addition of sugar)",,Fruit/Cooked fruit (incl. cans),,per 100g edible portion,271,Automated calculation,,64,Automated calculation,,0.4,Calculation on the basis of ingredients,,0,Calculation on the basis of ingredients,,0,Calculation on the basis of ingredients,,0.1,Calculation on the basis of ingredients,,0,Calculation on the basis of ingredients,,13.1,Calculation on the basis of ingredients,,13,Calculation on the basis of ingredients,,0.1,Calculation on the basis of ingredients,,2.9,Calculation on the basis of ingredients,,0.6,Calculation on the basis of ingredients,,0,Automated calculation,,0,Calculation on the basis of ingredients,,83,Automated calculation,,30,Automated calculation,,15,Automated calculation,,0,Calculation on the basis of ingredients,,182,Calculation on the basis of ingredients,,136,Calculation on the basis of ingredients,,0.02,Calculation on the basis of ingredients,,0.02,Calculation on the basis of ingredients,,0.04,Calculation on the basis of ingredients,,0,Calculation on the basis of ingredients,,0.3,Calculation on the basis of ingredients,,12.1,Calculation on the basis of ingredients,,0.15,Calculation on the basis of ingredients,,12.4,Calculation on the basis of ingredients,,0,Calculation on the basis of ingredients,,0.61,Calculation on the basis of ingredients,,180,Calculation on the basis of ingredients,,3.7,Calculation on the basis of ingredients,,6.9,Calculation on the basis of ingredients,,14,Calculation on the basis of ingredients,,9,Calculation on the basis of ingredients,,18,Calculation on the basis of ingredients,,0.4,Calculation on the basis of ingredients,,1.4,Calculation on the basis of ingredients,,0.2,Calculation on the basis of ingredients,,n.d.,,,Ja
1123,,,"Fruits, raw (average)",,Fruit/Fresh fruit,,per 100g edible portion,239,Automated calculation,,57,Automated calculation,,0.3,Calculation on the basis of ingredients,,0,Calculation on the basis of ingredients,,0,Calculation on the basis of ingredients,,0.1,Calculation on the basis of ingredients,,0,Calculation on the basis of ingredients,,11.8,Calculation on the basis of ingredients,,11.3,Calculation on the basis of ingredients,,0.6,Calculation on the basis of ingredients,,2,Calculation on the basis of ingredients,,0.7,Calculation on the basis of ingredients,,0,Automated calculation,,0,Calculation on the basis of ingredients,,85.2,Automated calculation,,22,Automated calculation,,11,Automated calculation,,0,Calculation on the basis of ingredients,,130,Calculation on the basis of ingredients,,118,Calculation on the basis of ingredients,,0.04,Calculation on the basis of ingredients,,0.03,Calculation on the basis of ingredients,,0.09,Calculation on the basis of ingredients,,0,Calculation on the basis of ingredients,,0.32,Calculation on the basis of ingredients,,17.6,Calculation on the basis of ingredients,,0.16,Calculation on the basis of ingredients,,20.1,Calculation on the basis of ingredients,,0,Calculation on the basis of ingredients,,0.46,Calculation on the basis of ingredients,,190,Calculation on the basis of ingredients,,2.7,Calculation on the basis of ingredients,,19,Calculation on the basis of ingredients,,15,Calculation on the basis of ingredients,,11,Calculation on the basis of ingredients,,16,Calculation on the basis of ingredients,,0.3,Calculation on the basis of ingredients,,1.2,Calculation on the basis of ingredients,,0.1,Calculation on the basis of ingredients,,n.d.,,,Ja
13281,,,"Game meat (average), cuite (without addition of fat and Salt)",,Meat and offal/Game,,per 100g edible portion,663,Automated calculation,,157,Automated calculation,,4.6,Calculation on the basis of ingredients,,2,Calculation on the basis of ingredients,,1.8,Calculation on the basis of ingredients,,0.3,Calculation on the basis of ingredients,,81,Calculation on the basis of ingredients,,0,Calculation on the basis of ingredients,,0,Calculation on the basis of ingredients,,0,Calculation on the basis of ingredients,,0,Calculation on the basis of ingredients,,29,Calculation on the basis of ingredients,,0.2,Automated calculation,,0,Calculation on the basis of ingredients,,66.4,Automated calculation,,1,Automated calculation,,1,Automated calculation,,1,Calculation on the basis of ingredients,,0,Calculation on the basis of ingredients,,0,Calculation on the basis of ingredients,,0.24,Calculation on the basis of ingredients,,0.31,Calculation on the basis of ingredients,,0.43,Calculation on the basis of ingredients,,1.97,Calculation on the basis of ingredients,,4.44,Calculation on the basis of ingredients,,6.9,Calculation on the basis of ingredients,,1.08,Calculation on the basis of ingredients,,0,Calculation on the basis of ingredients,,0.2,Calculation on the basis of ingredients,,0.43,Calculation on the basis of ingredients,,440,Calculation on the basis of ingredients,,95,Calculation on the basis of ingredients,,58,Calculation on the basis of ingredients,,20,Calculation on the basis of ingredients,,29,Calculation on the basis of ingredients,,280,Calculation on the basis of ingredients,,3.4,Calculation on the basis of ingredients,,1.6,Calculation on the basis of ingredients,,4,Calculation on the basis of ingredients,,n.d.,,,Ja
1125,3627,,"Game meat (average), raw",,Meat and offal/Game,,per 100g edible portion,484,Automated calculation,,115,Automated calculation,,3.4,Calculation on the basis of ingredients,,1.5,Calculation on the basis of ingredients,,1.3,Calculation on the basis of ingredients,,0.2,Calculation on the basis of ingredients,,59,Calculation on the basis of ingredients,,0,Calculation on the basis of ingredients,,0,Calculation on the basis of ingredients,,0,Calculation on the basis of ingredients,,0,Calculation on the basis of ingredients,,21.1,Calculation on the basis of ingredients,,0.2,Automated calculation,,0,Calculation on the basis of ingredients,,75.5,Automated calculation,,1,Automated calculation,,1,Automated calculation,,1,Calculation on the basis of ingredients,,0,Calculation on the basis of ingredients,,0,Calculation on the basis of ingredients,,0.17,Calculation on the basis of ingredients,,0.22,Calculation on the basis of ingredients,,0.31,Calculation on the basis of ingredients,,1.44,Calculation on the basis of ingredients,,3.24,Calculation on the basis of ingredients,,5,Calculation on the basis of ingredients,,0.79,Calculation on the basis of ingredients,,0,Calculation on the basis of ingredients,,0.1,Calculation on the basis of ingredients,,0.31,Calculation on the basis of ingredients,,320,Calculation on the basis of ingredients,,70,Calculation on the basis of ingredients,,42,Calculation on the basis of ingredients,,15,Calculation on the basis of ingredients,,21,Calculation on the basis of ingredients,,200,Calculation on the basis of ingredients,,2.5,Calculation on the basis of ingredients,,1.2,Calculation on the basis of ingredients,,2.9,Calculation on the basis of ingredients,,n.d.,,,Ja
356,4364,1000819,"Garlic, raw",,Vegetables/Fresh vegetables,,per 100g edible portion,578,Automated calculation,,137,Automated calculation,,0.5,-,43,0.1,-,43,tr.,-,43,0.3,-,43,0,-,43,24.5,-,43,2.4,-,43,22.1,-,43,3,-,43,7,-,43,0,Automated calculation,,0,-,43,63.7,-,43,0,Automated calculation,,0,Automated calculation,,0,Estimation,51,0,Estimation,51,0,-,8,0.2,-,43,0.1,-,43,1.24,-,43,0,-,43,0.7,-,43,3,-,43,0.6,-,43,30,-,43,0,-,43,0,-,43,450,-,43,10,-,43,30,-,36,38,-,43,21,-,43,140,-,43,1.4,-,43,2.7,-,36,0.6,-,36,n.d.,,,Nein
768,3849,,Glucose,,Sweets/Sugar and sweeteners,,per 100g edible portion,1700,Automated calculation,,399,Automated calculation,,0,-,9,0,-,9,0,-,9,0,-,9,0,Estimation,51,99.8,-,9,99.8,-,9,0,-,9,0,-,9,0,-,9,0,Automated calculation,,0,-,9,0.1,-,9,0,Automated calculation,,0,Automated calculation,,0,Estimation,51,0,Estimation,51,0,Estimation,51,0,-,9,0,-,9,0,-,9,0,-,9,0,-,9,0,-,9,0,-,9,0,-,9,0,-,9,0,-,9,2,-,9,0,-,9,2,-,9,1,-,9,0,-,9,0,-,9,0.3,-,9,0,-,9,0,-,9,n.d.,,,Nein
687,4602,1001252,"Goat (average), raw",,Meat and offal/Other animal species,,per 100g edible portion,623,Automated calculation,,149,Automated calculation,,7.9,-,9,3.6,-,9,3.3,-,9,0.4,-,9,70,-,9,0,-,9,0,-,22,0,Estimation,51,0,-,22,19.5,-,9,0.1,Automated calculation,,0,-,22,71.6,-,9,36,Automated calculation,,36,Automated calculation,,36,-,8,0,Estimation,51,0,Estimation,51,0.15,-,9,0.28,-,9,0.3,-,9,3,-,9,4.9,-,9,5,-,9,0.5,-,9,0,-,9,tr.,-,22,1,-,9,300,-,9,50,-,9,9,-,9,10,-,9,20,-,9,190,-,9,2,-,9,1,-,9,3,-,9,n.d.,,,Nein
528,3943,1001042,Goat milk,,Milk and dairy products/Milk,1,per 100ml food volume,238,Automated calculation,,57,Automated calculation,,3.2,-,1637,2,-,1637,0.7,-,1637,0.1,-,1637,11,-,1528,4.2,Estimation,1632,4.2,Estimation,1632,0,-,1528,0,Estimation,1648,2.8,Estimation,1662,0.1,Automated calculation,,0,Estimation,1632,88.7,Estimation,1632,58,Automated calculation,,55,Automated calculation,,52,Estimation,1632,35,Estimation,1648,35,-,1528,0.02,-,1637,0.15,-,1528;1637;1653,0.03,-,1528;1637,0.04,-,1528;1637;1653,0.32,-,1528,1,-,1528,0.23,-,1528;1653,2,-,1528,0.1,Estimation,1653,0.08,-,1528;1637,200,-,1637,32,-,1637,140,-,1528,120,-,1637,10,-,1637,87,-,1637,0,-,1637,4.6,-,1399,0.3,-,1637,n.d.,,,Nein
400,4559,1000864,"Gooseberry, raw",,Fruit/Fresh fruit,,per 100g edible portion,145,Automated calculation,,35,Automated calculation,,0.1,-,43,tr.,-,43,tr.,-,43,tr.,-,43,0,-,43,6.2,-,43,6.2,-,43,tr.,-,43,3.2,-,43,0.6,-,43,0,Automated calculation,,0,-,43,88.8,-,43,14,Automated calculation,,7,Automated calculation,,0,Estimation,51,82,Estimation,51,70,-,121,0.04,-,43,0.03,-,43,0.02,-,43,0,-,43,0.3,-,43,19,-,36,0.2,-,43,40,-,43,0,-,43,0.4,-,43,210,-,43,1,-,43,0.9,-,36,20,-,43,9,-,43,34,-,43,0.6,-,43,0.9,-,36,0.2,-,36,n.d.,,,Nein
483,4346,1000969,Gorgonzola,,Milk and dairy products/Hard cheese,,per 100g edible portion,1480,Automated calculation,,357,Automated calculation,,31.2,-,5,18.7,-,3,7.4,-,3,1.4,-,3,94,-,3,0.1,-,5,0.1,-,5,0,-,22,0,-,22,19,-,1640,3.6,Automated calculation,,0,-,22,42.4,-,5,190,Automated calculation,,182,Automated calculation,,175,-,81,88,-,81,88,Estimation,1698,0.01,-,5,0.36,-,5;1659,0.07,-,5,0.9,-,9;1659,0.32,-,9,52,-,5,1.41,-,9;1659,tr.,-,5,0.6,-,5;1659,0.54,-,5,140,-,5,1450,-,5,1800,-,9,610,-,5,20,-,9,360,-,5,0.3,-,5,40,-,9,2.5,-,5,n.d.,,,Nein
684,4203,1001249,Goulash soup,,Prepared dishes/Stews and soups,1.1,per 100g edible portion,281,Automated calculation,,67,Automated calculation,,2.4,-,22,1,-,22,1,-,22,0.2,-,22,7,-,9,6.3,-,22,1.4,-,22,4.1,-,22,0.4,-,9,4.8,-,22,0.6,Automated calculation,,0,-,22,85.3,-,22,30,Automated calculation,,15,Automated calculation,,0,-,8,177,Estimation,51,177,-,8,0.02,-,9,0.06,-,9,0.08,-,9,0.2,-,9,1.13,-,9,3,-,9,0.14,-,9,1.9,-,9,tr.,-,22,0.13,-,22,220,-,9,230,-,9,350,-,9,10,-,9,13,-,9,35,-,9,0.5,-,9,0.5,-,9,0.6,-,9,n.d.,,,Nein
478,4738,1000963,"Grape, fresh",,Fruit/Fresh fruit,,per 100g edible portion,292,Automated calculation,,69,Automated calculation,,0.3,-,36,0.1,-,9,0,-,9,0.1,-,9,0,-,9,15.2,-,36,15,-,36,0,-,9,1.5,-,36,0.7,-,36,0,Automated calculation,,0,-,36,81.1,-,36,1,Automated calculation,,0,Automated calculation,,0,Estimation,51,4,Estimation,51,3,-,121,0.05,-,36,0.03,-,36,0.07,-,36,0,-,9,0.23,-,36,43,-,36,0.06,-,36,4.2,-,36,0,-,9,0.67,-,36,200,-,36,2,-,36,2,-,36,12,-,36,7.6,-,36,19,-,36,0.4,-,36,1,-,36,0.1,-,36,n.d.,,,Nein
388,4556,1000851,"Grapefruit (white or red), raw",,Fruit/Fresh fruit,,per 100g edible portion,126,Automated calculation,,30,Automated calculation,,0.1,-,43,tr.,-,43,tr.,-,43,tr.,-,43,0,-,43,5.9,-,43,5.9,-,43,0,-,43,1.3,-,43,0.7,-,43,0,Automated calculation,,0,-,43,90.4,-,43,39,Automated calculation,,20,Automated calculation,,0,Estimation,51,236,-,51;1662,236,-,95;1670,0.05,-,43;1670,0.02,-,43;1670,0.03,-,43;1670,0,-,43,0.22,-,43;1670,6.8,-,43;1670,0.22,-,43;1670,34.8,-,43;1670,0,-,43,0.25,-,43,140,-,43,1,-,43,2.3,-,36,19,-,43,9,-,43,12,-,43,0.2,-,43,1.3,-,36,0.1,-,36,n.d.,,,Nein
573,3915,1001102,Grape juice,,Fruit/Fruit juices;Non-alcoholic beverages/Fruit and vegetable juices,1,per 100ml food volume,262,Automated calculation,,62,Automated calculation,,0.1,-,12,tr.,-,22,tr.,-,22,tr.,-,22,0,Estimation,51,15,-,7,14.8,-,22,0,-,43,tr.,-,43,0.2,-,12,0,Automated calculation,,0,-,43,83.5,-,22,1,Automated calculation,,0,Automated calculation,,0,Estimation,51,3,Estimation,51,3,-,156,0.03,-,43,0.03,-,43,0.02,-,43,0,-,43,0.24,-,43,3,-,43,0.04,-,43,1.7,-,36,0,-,43,tr.,-,43,140,-,43,2,-,43,2,-,9,17,-,43,10,-,43,14,-,43,0.3,-,43,1,-,9,0.1,-,9,n.d.,,,Nein
592,4629,1001129,Grape seed oil,,Fats and oils/Oils,0.9,per 100ml food volume,3330,Automated calculation,,810,Automated calculation,,90,-,1660,10.1,-,1660,16.7,-,1660,58.8,-,1660,0,Estimation,1648,0,Estimation,1648,0,Estimation,1648,0,Estimation,1648,0,Estimation,1648,0,Estimation,1648,0,Automated calculation,,0,Estimation,1648,0,Estimation,1648,0,Automated calculation,,0,Automated calculation,,0,Estimation,1648,0,Estimation,1648,0,-,8,0,-,8,0,-,8,0,-,8,0,Estimation,1648,0,-,8,0,-,8,0,-,8,0,-,8,0,Estimation,1648,28.8,Estimation,1640,0.9,-,8,0,-,8,0,-,8,0,-,8,0,-,8,0,-,8,0,-,8,0,Estimation,1648,0,-,1528,n.d.,,,Nein
669,4200,1001228,Graubünden barley soup,,Prepared dishes/Stews and soups,1.1,per 100g edible portion,175,Automated calculation,,42,Automated calculation,,0.9,-,18,<0.5,-,18,0.3,-,22,0.2,-,22,<1,-,18,6.7,-,22,1.3,-,18,5,-,22,<0.5,-,18,1.4,-,18,0.9,Automated calculation,,0,-,22,91,-,22,133,Automated calculation,,74,Automated calculation,,15,-,8,705,Estimation,51,705,-,8,0.03,-,9,0.03,-,9,0.07,-,9,tr.,-,22,0.32,-,9,9,-,9,0.15,-,9,3.6,-,9,0.1,-,22,0.23,-,22,110,-,9,350,-,18,330,-,9,29,-,9,11,-,9,34,-,9,0.5,-,9,4.2,-,9,0.3,-,9,n.d.,,,Nein
651,4406,1001203,"Gravy, brown",,Various/Sauces,,per 100g edible portion,182,Automated calculation,,44,Automated calculation,,2.5,-,18,0.5,-,18,1.3,-,22,0.3,-,22,0,-,18,3.5,-,18,1.5,-,18,2,-,22,<0.5,-,18,1.5,-,18,2.3,Automated calculation,,0,-,22,90.6,-,22,1,Automated calculation,,1,Automated calculation,,1,-,156,0,Estimation,51,0,-,156,0.02,-,9,0.04,-,9,0.03,-,9,tr.,-,22,0.58,-,9,3,-,9,0.08,-,9,1.7,-,9,tr.,-,22,0.14,-,22,95,-,9,900,-,18,610,-,9,18,-,9,8,-,9,40,-,9,0.6,-,9,3,-,9,0.8,-,9,n.d.,,,Nein
650,4409,1001202,"Gravy, thickened",,Various/Sauces,,per 100g edible portion,221,Automated calculation,,53,Automated calculation,,3,-,18,0.7,-,18,1.3,-,22,0.3,-,22,0,-,18,4.6,-,18,0.8,-,18,3.7,-,9,0.5,-,18,1.6,-,18,1.4,Automated calculation,,0,-,22,88.8,-,22,48,Automated calculation,,25,Automated calculation,,2,-,8,273,Estimation,51,273,-,8,0.02,-,9,0.04,-,9,0.03,-,9,tr.,-,22,0.58,-,9,3,-,9,0.08,-,9,1.7,-,9,tr.,-,22,0.1,-,9,95,-,9,580,-,18,610,-,9,18,-,9,8,-,9,40,-,9,0.6,-,9,3,-,9,0.8,-,9,n.d.,,,Nein
1009,4703,,"Green bean, steamed (without addition of salt)",,Vegetables/Cooked vegetables (incl. cans),,per 100g edible portion,142,Automated calculation,,34,Automated calculation,,0.2,Calculation on the basis of ingredients,,0.1,Calculation on the basis of ingredients,,0,Calculation on the basis of ingredients,,0.1,Calculation on the basis of ingredients,,0,Calculation on the basis of ingredients,,4,Calculation on the basis of ingredients,,2.4,Calculation on the basis of ingredients,,1.5,Calculation on the basis of ingredients,,3.4,Calculation on the basis of ingredients,,2.3,Calculation on the basis of ingredients,,0,Automated calculation,,0,Calculation on the basis of ingredients,,90.1,Automated calculation,,70,Automated calculation,,35,Automated calculation,,0,Calculation on the basis of ingredients,,421,Calculation on the basis of ingredients,,313,Calculation on the basis of ingredients,,0.07,Calculation on the basis of ingredients,,0.1,Calculation on the basis of ingredients,,0.13,Calculation on the basis of ingredients,,0,Calculation on the basis of ingredients,,0.62,Calculation on the basis of ingredients,,46.2,Calculation on the basis of ingredients,,0.84,Calculation on the basis of ingredients,,12.5,Calculation on the basis of ingredients,,0,Calculation on the basis of ingredients,,0.26,Calculation on the basis of ingredients,,230,Calculation on the basis of ingredients,,3.7,Calculation on the basis of ingredients,,14,Calculation on the basis of ingredients,,58,Calculation on the basis of ingredients,,27,Calculation on the basis of ingredients,,40,Calculation on the basis of ingredients,,0.9,Calculation on the basis of ingredients,,3.1,Calculation on the basis of ingredients,,0.3,Calculation on the basis of ingredients,,n.d.,,,Ja
369,3823,1000832,"Green pea, raw",,Vegetables/Fresh vegetables,,per 100g edible portion,380,Automated calculation,,90,Automated calculation,,0.7,-,43,0.1,-,43,0.1,-,43,0.4,-,43,0,-,43,12,-,43,5.5,-,9,6.2,-,9,6,-,43,6,-,43,0,Automated calculation,,0,-,43,74.5,-,43,87,Automated calculation,,43,Automated calculation,,0,Estimation,51,520,Estimation,51,520,-,125,0.4,-,43,0.14,-,43,0.16,-,43,0,-,43,2.2,-,43,70,-,43,0.5,-,43,32,-,43,0,-,43,0.2,-,43,300,-,43,2,-,43,40,-,9,26,-,43,34,-,43,130,-,43,1.9,-,43,4.2,-,9,0.8,-,9,n.d.,,,Nein
815,4119,1001484,"Green peas and carrots, canned",,Vegetables/Cooked vegetables (incl. cans),,per 100g edible portion,281,Automated calculation,,67,Automated calculation,,0.5,Calculation on the basis of ingredients,,0.1,Calculation on the basis of ingredients,,0,Calculation on the basis of ingredients,,0.2,Calculation on the basis of ingredients,,0,Calculation on the basis of ingredients,,9.5,Calculation on the basis of ingredients,,5.8,Calculation on the basis of ingredients,,3.6,Calculation on the basis of ingredients,,4.5,Calculation on the basis of ingredients,,3.7,Calculation on the basis of ingredients,,1,Automated calculation,,0,Calculation on the basis of ingredients,,81.7,Automated calculation,,650,Automated calculation,,325,Automated calculation,,0,Calculation on the basis of ingredients,,3901,Calculation on the basis of ingredients,,3166,Calculation on the basis of ingredients,,0.25,Calculation on the basis of ingredients,,0.1,Calculation on the basis of ingredients,,0.13,Calculation on the basis of ingredients,,0,Calculation on the basis of ingredients,,1.5,Calculation on the basis of ingredients,,52.2,Calculation on the basis of ingredients,,0.42,Calculation on the basis of ingredients,,19.8,Calculation on the basis of ingredients,,0,Calculation on the basis of ingredients,,0.32,Calculation on the basis of ingredients,,240,Calculation on the basis of ingredients,,410,Calculation on the basis of ingredients,,650,Calculation on the basis of ingredients,,28,Calculation on the basis of ingredients,,23,Calculation on the basis of ingredients,,83,Calculation on the basis of ingredients,,1.2,Calculation on the basis of ingredients,,3.3,Calculation on the basis of ingredients,,0.5,Calculation on the basis of ingredients,,n.d.,,,Ja
1034,4286,,"Green peas and carrots (canned), heated (without addition of salt)",,Vegetables/Cooked vegetables (incl. cans),,per 100g edible portion,299,Automated calculation,,71,Automated calculation,,0.6,Calculation on the basis of ingredients,,0.1,Calculation on the basis of ingredients,,0.1,Calculation on the basis of ingredients,,0.3,Calculation on the basis of ingredients,,0,Calculation on the basis of ingredients,,10.2,Calculation on the basis of ingredients,,6.1,Calculation on the basis of ingredients,,3.8,Calculation on the basis of ingredients,,4.8,Calculation on the basis of ingredients,,4,Calculation on the basis of ingredients,,0.9,Automated calculation,,0,Calculation on the basis of ingredients,,80.5,Automated calculation,,692,Automated calculation,,346,Automated calculation,,0,Calculation on the basis of ingredients,,4150,Calculation on the basis of ingredients,,3132,Calculation on the basis of ingredients,,0.21,Calculation on the basis of ingredients,,0.1,Calculation on the basis of ingredients,,0.11,Calculation on the basis of ingredients,,0,Calculation on the basis of ingredients,,1.28,Calculation on the basis of ingredients,,33.3,Calculation on the basis of ingredients,,0.38,Calculation on the basis of ingredients,,14.9,Calculation on the basis of ingredients,,0,Calculation on the basis of ingredients,,0.33,Calculation on the basis of ingredients,,220,Calculation on the basis of ingredients,,370,Calculation on the basis of ingredients,,650,Calculation on the basis of ingredients,,28,Calculation on the basis of ingredients,,22,Calculation on the basis of ingredients,,84,Calculation on the basis of ingredients,,1,Calculation on the basis of ingredients,,3.3,Calculation on the basis of ingredients,,0.5,Calculation on the basis of ingredients,,n.d.,,,Ja
630,4731,1001178,"Green peas, canned",,Vegetables/Cooked vegetables (incl. cans),,per 100g edible portion,366,Automated calculation,,87,Automated calculation,,0.8,-,22,0.1,-,22,0.1,-,22,0.4,-,22,0,-,43,12.8,-,22,tr.,-,22,4.4,-,9,5,-,43,4.8,-,22,0.7,Automated calculation,,0,-,43,76,-,43,67,Automated calculation,,33,Automated calculation,,0,Estimation,51,400,-,145,n.d.,,,0.12,-,43;1642,0.08,-,43,0.05,-,43;1642,0,-,43,1,-,43,40,-,43,0.13,-,43;1642,9,-,43,0,-,43,0.2,-,43,120,-,43;1542,270,-,43;1542,420,-,9,32,-,43;1542,21,-,43;1542,83,-,43;1542,1.6,-,43;1542,5.2,-,9,0.6,-,9,n.d.,,,Nein
1011,4686,,"Green peas (canned), heated (without addition of salt)",,Vegetables/Cooked vegetables (incl. cans),,per 100g edible portion,389,Automated calculation,,93,Automated calculation,,0.8,Calculation on the basis of ingredients,,0.1,Calculation on the basis of ingredients,,0.1,Calculation on the basis of ingredients,,0.4,Calculation on the basis of ingredients,,0,Calculation on the basis of ingredients,,13.6,Calculation on the basis of ingredients,,0,Calculation on the basis of ingredients,,4.7,Calculation on the basis of ingredients,,5.3,Calculation on the basis of ingredients,,5.1,Calculation on the basis of ingredients,,0.6,Automated calculation,,0,Calculation on the basis of ingredients,,75.2,Automated calculation,,71,Automated calculation,,35,Automated calculation,,0,Calculation on the basis of ingredients,,426,Calculation on the basis of ingredients,,n.d.,,,0.1,Calculation on the basis of ingredients,,0.08,Calculation on the basis of ingredients,,0.04,Calculation on the basis of ingredients,,0,Calculation on the basis of ingredients,,0.85,Calculation on the basis of ingredients,,25.5,Calculation on the basis of ingredients,,0.12,Calculation on the basis of ingredients,,6.8,Calculation on the basis of ingredients,,0,Calculation on the basis of ingredients,,0.21,Calculation on the basis of ingredients,,110,Calculation on the basis of ingredients,,240,Calculation on the basis of ingredients,,430,Calculation on the basis of ingredients,,32,Calculation on the basis of ingredients,,20,Calculation on the basis of ingredients,,84,Calculation on the basis of ingredients,,1.4,Calculation on the basis of ingredients,,5.3,Calculation on the basis of ingredients,,0.5,Calculation on the basis of ingredients,,n.d.,,,Ja
1010,4256,,"Green pea, steamed (without addition of salt)",,Vegetables/Cooked vegetables (incl. cans),,per 100g edible portion,437,Automated calculation,,104,Automated calculation,,0.8,Calculation on the basis of ingredients,,0.1,Calculation on the basis of ingredients,,0.1,Calculation on the basis of ingredients,,0.4,Calculation on the basis of ingredients,,0,Calculation on the basis of ingredients,,13.8,Calculation on the basis of ingredients,,6.4,Calculation on the basis of ingredients,,7.1,Calculation on the basis of ingredients,,6.9,Calculation on the basis of ingredients,,6.9,Calculation on the basis of ingredients,,0,Automated calculation,,0,Calculation on the basis of ingredients,,71.6,Automated calculation,,100,Automated calculation,,50,Automated calculation,,0,Calculation on the basis of ingredients,,598,Calculation on the basis of ingredients,,556,Calculation on the basis of ingredients,,0.37,Calculation on the basis of ingredients,,0.14,Calculation on the basis of ingredients,,0.16,Calculation on the basis of ingredients,,0,Calculation on the basis of ingredients,,2.02,Calculation on the basis of ingredients,,48.3,Calculation on the basis of ingredients,,0.49,Calculation on the basis of ingredients,,26.1,Calculation on the basis of ingredients,,0,Calculation on the basis of ingredients,,0.23,Calculation on the basis of ingredients,,290,Calculation on the basis of ingredients,,1.9,Calculation on the basis of ingredients,,44,Calculation on the basis of ingredients,,28,Calculation on the basis of ingredients,,35,Calculation on the basis of ingredients,,140,Calculation on the basis of ingredients,,1.8,Calculation on the basis of ingredients,,4.6,Calculation on the basis of ingredients,,0.8,Calculation on the basis of ingredients,,n.d.,,,Ja
530,4615,1001044,"Greyerzer, at least 45% fidm",,Milk and dairy products/Hard cheese,,per 100g edible portion,1640,Automated calculation,,396,Automated calculation,,32,-,177,19.2,-,177,7.5,-,177,1.5,-,177,96,-,177,0,Estimation,1408,0,Estimation,1408,0,-,22,0,-,22,26.4,Estimation,1662,1.5,Automated calculation,,0,-,22,36,-,177,323,Automated calculation,,307,Automated calculation,,290,Estimation,51,200,Estimation,51,200,-,8,0.02,-,177,0.37,-,177;1659,0.13,-,177,1.45,-,177;1659,0.2,-,177,10,-,177,0.47,-,177;1659,tr.,-,22,0.7,-,177;1659,0.35,-,177,90,-,177,590,-,1075,900,-,177,900,-,177,35,-,177,600,-,177,0.4,-,177,11,-,1333;1399,4.2,-,177,n.d.,,,Nein
1272,,,Grittibänz (Swiss bread man),,Sweets/Other sweet pastries,,per 100g edible portion,1380,Automated calculation,,329,Automated calculation,,11.2,Calculation on the basis of ingredients,,6.4,Calculation on the basis of ingredients,,2.6,Calculation on the basis of ingredients,,0.9,Calculation on the basis of ingredients,,45,Calculation on the basis of ingredients,,46.9,Calculation on the basis of ingredients,,2.8,Calculation on the basis of ingredients,,43.7,Calculation on the basis of ingredients,,2.2,Calculation on the basis of ingredients,,9.2,Calculation on the basis of ingredients,,1.4,Automated calculation,,0,Calculation on the basis of ingredients,,31.1,Automated calculation,,112,Automated calculation,,109,Automated calculation,,105,Calculation on the basis of ingredients,,46,Calculation on the basis of ingredients,,40,Calculation on the basis of ingredients,,0.11,Calculation on the basis of ingredients,,0.13,Calculation on the basis of ingredients,,0.06,Calculation on the basis of ingredients,,0.11,Calculation on the basis of ingredients,,0.73,Calculation on the basis of ingredients,,23.2,Calculation on the basis of ingredients,,0.37,Calculation on the basis of ingredients,,0.2,Calculation on the basis of ingredients,,0.3,Calculation on the basis of ingredients,,0.31,Calculation on the basis of ingredients,,180,Calculation on the basis of ingredients,,570,Calculation on the basis of ingredients,,900,Calculation on the basis of ingredients,,49,Calculation on the basis of ingredients,,14,Calculation on the basis of ingredients,,91,Calculation on the basis of ingredients,,0.5,Calculation on the basis of ingredients,,5.2,Calculation on the basis of ingredients,,0.6,Calculation on the basis of ingredients,,n.d.,,,Ja
653,4722,1001205,Ground meat sauce,,Various/Sauces,,per 100g edible portion,402,Automated calculation,,96,Automated calculation,,4,-,7,1.4,-,22,2.1,-,22,0.4,-,22,9,-,9,8.3,-,7,2.6,-,22,3.4,-,22,0.6,-,9,6.3,-,7,0.6,Automated calculation,,0,-,43,80.9,-,22,35,Automated calculation,,34,Automated calculation,,32,-,8,20,Estimation,51,20,-,8,0.06,-,9,0.08,-,9,0.1,-,9,0.3,-,9,1.29,-,9,6,-,9,0.24,-,9,3.9,-,9,0.1,-,9,0.44,-,9,240,-,9,220,-,9,390,-,9,14,-,9,14,-,9,47,-,9,0.5,-,9,1.5,-,9,0.6,-,9,n.d.,,,Nein
753,4401,1001396,"Halibut, raw",,Fish/Sea fish,,per 100g edible portion,495,Automated calculation,,118,Automated calculation,,3.9,-,13,0.5,-,13,0.9,-,13,1.2,-,13,60,-,13,0,-,13,0,-,13,0,Estimation,51,0,-,13,20.6,-,13,0.2,Automated calculation,,0,-,13,74.5,-,13,42,Automated calculation,,42,Automated calculation,,42,-,145,0,-,145,0,Estimation,51,0.04,-,13,0.05,-,13,0.42,-,13,0.96,-,13,4,-,13,12,-,13,0.28,-,13,0,-,13,9,-,13,0.7,-,13,400,-,13,64,-,13,210,-,9,15,-,13,23,-,13,220,-,13,0.5,-,13,1,-,13,0.5,-,13,n.d.,,,Nein
691,4135,1001259,"Ham, cooked",,Sausages and cold meats/Cooked sausage products,,per 100g edible portion,440,Automated calculation,,104,Automated calculation,,2.3,-,1032,0.9,-,1032,1.1,-,1032,0.2,-,1032,42,-,1032,0.7,-,1032,0.7,-,1032,0,Estimation,22,0,-,22,20.2,-,1032,2.4,Automated calculation,,0,-,22,73.6,-,1032,4,Automated calculation,,4,Automated calculation,,4,-,8,0,Estimation,51,0,Estimation,51,0.6,-,1032,0.17,-,1032,0.39,-,1032,tr.,-,1032,6.1,-,1032,2,-,9,0.7,-,1032,60.8,-,1032,tr.,-,1032,0.19,-,9,450,-,1032,940,-,1032,1230,-,1032,17,-,1032,24,-,1032,330,-,1032,0.6,-,1032,3.6,-,9,1.9,-,1032,8,-,1032,Nein
693,4136,1001261,"Ham, raw",,Sausages and cold meats/Raw sausage products,,per 100g edible portion,958,Automated calculation,,229,Automated calculation,,11.5,-,1032,4.3,-,1032,5.3,-,1032,0.7,-,1032,78,-,1032,0.3,-,1032,0.3,-,1010,0,-,22,0,-,22,31,-,1032,4.4,Automated calculation,,0,-,22,51.9,-,1032,4,Automated calculation,,4,Automated calculation,,4,-,8,0,Estimation,51,0,Estimation,51,0.97,-,1032,0.22,-,1032,0.44,-,1032,0.4,-,1032,8.7,-,1032,2,-,43,1.5,-,1032,4.4,-,1032,0.6,-,43,0.2,-,43,560,-,1032,1760,-,1032,2850,-,1032,9,-,43,30,-,1032,290,-,1032,2.8,-,1032,tr.,-,22,2.9,-,1032,15,-,1032,Nein
1193,,,"Hard and semi hard cheese, full fat (average)",,Milk and dairy products/Hard cheese,,per 100g edible portion,1650,Automated calculation,,397,Automated calculation,,32.1,Calculation on the basis of ingredients,,19.5,Calculation on the basis of ingredients,,7.6,Calculation on the basis of ingredients,,1.5,Calculation on the basis of ingredients,,92,Calculation on the basis of ingredients,,0,Calculation on the basis of ingredients,,0,Calculation on the basis of ingredients,,0,Calculation on the basis of ingredients,,0,Calculation on the basis of ingredients,,26.6,Calculation on the basis of ingredients,,1.2,Automated calculation,,0,Calculation on the basis of ingredients,,40.7,Automated calculation,,335,Automated calculation,,320,Automated calculation,,305,Calculation on the basis of ingredients,,177,Calculation on the basis of ingredients,,176,Calculation on the basis of ingredients,,0.02,Calculation on the basis of ingredients,,0.34,Calculation on the basis of ingredients,,0.12,Calculation on the basis of ingredients,,1.5,Calculation on the basis of ingredients,,0.18,Calculation on the basis of ingredients,,12.6,Calculation on the basis of ingredients,,0.39,Calculation on the basis of ingredients,,0,Calculation on the basis of ingredients,,0.6,Calculation on the basis of ingredients,,0.47,Calculation on the basis of ingredients,,86,Calculation on the basis of ingredients,,460,Calculation on the basis of ingredients,,710,Calculation on the basis of ingredients,,910,Calculation on the basis of ingredients,,32,Calculation on the basis of ingredients,,590,Calculation on the basis of ingredients,,0.3,Calculation on the basis of ingredients,,16,Calculation on the basis of ingredients,,4.3,Calculation on the basis of ingredients,,n.d.,,,Ja
952,4166,1001630,Hard caramels,,"Sweets/Candies, fruits gums and chewing gum",,per 100g edible portion,1630,Automated calculation,,385,Automated calculation,,0.3,-,9,0.2,-,9,0.1,-,9,0,-,9,0,-,9,95,-,9,95,-,9,0,-,9,0,-,9,0.5,-,9,0.1,Automated calculation,,0,-,9,4.1,-,9,0,Automated calculation,,0,Automated calculation,,0,-,8,0,Estimation,51,0,-,8,tr.,-,9,tr.,-,9,tr.,-,9,tr.,-,9,tr.,-,9,tr.,-,9,tr.,-,9,tr.,-,9,tr.,-,9,tr.,-,9,9,-,9,25,-,9,73,-,9,4,-,9,3,-,9,12,-,9,0.1,-,9,tr.,-,9,0,-,9,n.d.,,,Nein
13329,,,"Hare (Durchschnitt), cooked (without addition of fat and salt)",,Meat and offal/Other animal species,,per 100g edible portion,858,Automated calculation,,205,Automated calculation,,10.3,Calculation on the basis of ingredients,,3.5,Calculation on the basis of ingredients,,1.7,Calculation on the basis of ingredients,,2.7,Calculation on the basis of ingredients,,96,Calculation on the basis of ingredients,,0,Calculation on the basis of ingredients,,0,Calculation on the basis of ingredients,,0,Calculation on the basis of ingredients,,0,Calculation on the basis of ingredients,,28,Calculation on the basis of ingredients,,0.2,Automated calculation,,0,Calculation on the basis of ingredients,,61.7,Automated calculation,,0,Automated calculation,,0,Automated calculation,,0,Calculation on the basis of ingredients,,0,Calculation on the basis of ingredients,,0,Calculation on the basis of ingredients,,0.15,Calculation on the basis of ingredients,,0.09,Calculation on the basis of ingredients,,0.41,Calculation on the basis of ingredients,,13.7,Calculation on the basis of ingredients,,9.96,Calculation on the basis of ingredients,,11,Calculation on the basis of ingredients,,1.1,Calculation on the basis of ingredients,,0,Calculation on the basis of ingredients,,0,Calculation on the basis of ingredients,,0.55,Calculation on the basis of ingredients,,450,Calculation on the basis of ingredients,,62,Calculation on the basis of ingredients,,70,Calculation on the basis of ingredients,,19,Calculation on the basis of ingredients,,34,Calculation on the basis of ingredients,,290,Calculation on the basis of ingredients,,2.2,Calculation on the basis of ingredients,,0.8,Calculation on the basis of ingredients,,1.9,Calculation on the basis of ingredients,,n.d.,,,Ja
16,3877,812055,"Hare, filet, raw",,Meat and offal/Other animal species,,per 100g edible portion,469,Automated calculation,,111,Automated calculation,,1.5,-,146,0.5,-,146,0.5,-,146,0.4,-,146,51,-,146,0,Estimation,51,0,Estimation,51,n.d.,,,0,Estimation,51,24.3,-,146,0.1,Automated calculation,,0,Estimation,51,72.7,-,146,0,Automated calculation,,0,Automated calculation,,0,Estimation,51,0,Estimation,51,0,Estimation,51,0.05,-,112,0.11,-,112,0.74,-,146,8.7,-,81,4,-,81,4,-,81,0.69,-,81,0,Estimation,51,n.d.,,,0.35,-,111,380,-,146,33,-,146,70,-,8,4.5,-,146,28,-,146,210,-,146,0.3,-,146,4.1,-,88,0.6,-,146,n.d.,,,Nein
486,4538,1000972,"Hare, fresh",,Meat and offal/Other animal species,,per 100g edible portion,485,Automated calculation,,115,Automated calculation,,3,-,9,1,-,9,0.5,-,9,0.8,-,9,65,-,9,0,-,5,0,-,5,0,Estimation,51,0,-,5,22,-,9,0.1,Automated calculation,,0,-,5,74,-,9,0,Automated calculation,,0,Automated calculation,,0,Estimation,51,0,Estimation,51,0,Estimation,51,0.09,-,9,0.06,-,9,0.3,-,9,1,-,9,8.07,-,9,5,-,9,0.8,-,9,0,-,5,0,-,5,0.1,-,9,280,-,9,44,-,9,40,-,9,14,-,9,24,-,9,210,-,9,2.8,-,9,0.6,-,9,2.2,-,9,n.d.,,,Nein
686,4601,1001251,"Hare, meat, raw",,Meat and offal/Other animal species,,per 100g edible portion,626,Automated calculation,,150,Automated calculation,,7.5,-,50,2.5,-,9,1.2,-,9,2,-,9,70,-,9,0,-,50,0,-,22,0,Estimation,51,0,-,22,20.5,-,22,0.1,Automated calculation,,0,-,22,71.1,-,50,0,Automated calculation,,0,Automated calculation,,0,Estimation,51,0,Estimation,51,0,Estimation,51,0.11,-,9,0.07,-,9,0.3,-,9,10,-,9,7.27,-,9,8,-,9,0.8,-,9,0,-,9,tr.,-,22,0.4,-,9,330,-,9,45,-,9,51,-,9,14,-,9,25,-,9,210,-,9,1.6,-,9,0.6,-,9,1.4,-,9,n.d.,,,Nein
270,3700,841001,Hazelnut,,"Nuts, seeds and oleaginous fruit",,per 100g edible portion,2680,Automated calculation,,648,Automated calculation,,59.5,-,132,4.2,-,132,46.6,-,132,6.5,-,43,0,Estimation,1003,6.9,Estimation,1003,4.3,-,43,1.4,-,43,9.7,-,1002,16.4,-,1660,0,Automated calculation,,0,-,43,4,-,132,0,Automated calculation,,0,Automated calculation,,0,Estimation,51,0,Estimation,51,0,-,103,0.27,-,102,0.05,-,102,0.5,-,102,0,-,156,1.32,-,102,41,-,102,1.19,-,43,2,-,102,0,-,145,27.2,-,102,720,-,102;1542,0.9,-,102;1542,11,-,8,160,-,102;1542,160,-,102;1542,320,-,102;1542,3.6,-,102;1542,6.5,-,43,2.9,-,102,n.d.,,,Nein
703,4041,,Hazelnut-chocolate spread,,Sweets/Jams and sweet sandwich spreads,1.3,per 100g edible portion,2280,Automated calculation,,546,Automated calculation,,32.7,Calculation on the basis of ingredients,,12,Calculation on the basis of ingredients,,15.6,Calculation on the basis of ingredients,,3.6,Calculation on the basis of ingredients,,0,Calculation on the basis of ingredients,,55.5,Calculation on the basis of ingredients,,54.7,Calculation on the basis of ingredients,,0.6,Calculation on the basis of ingredients,,2.9,Calculation on the basis of ingredients,,6,Calculation on the basis of ingredients,,0.1,Automated calculation,,0,Calculation on the basis of ingredients,,3.4,Automated calculation,,1,Automated calculation,,1,Automated calculation,,0,Calculation on the basis of ingredients,,4,Calculation on the basis of ingredients,,4,Calculation on the basis of ingredients,,0.07,Calculation on the basis of ingredients,,0.2,Calculation on the basis of ingredients,,0.09,Calculation on the basis of ingredients,,0.18,Calculation on the basis of ingredients,,0.39,Calculation on the basis of ingredients,,8.9,Calculation on the basis of ingredients,,0.49,Calculation on the basis of ingredients,,0.4,Calculation on the basis of ingredients,,0,Calculation on the basis of ingredients,,5.75,Calculation on the basis of ingredients,,320,Calculation on the basis of ingredients,,46,Calculation on the basis of ingredients,,84,Calculation on the basis of ingredients,,130,Calculation on the basis of ingredients,,50,Calculation on the basis of ingredients,,160,Calculation on the basis of ingredients,,1.2,Calculation on the basis of ingredients,,3.8,Calculation on the basis of ingredients,,1,Calculation on the basis of ingredients,,n.d.,,,Ja
903,4715,1001576,Hazelnut cookie,,Sweets/Cookies/Biscuits,,per 100g edible portion,1970,Automated calculation,,473,Automated calculation,,27.7,-,9,8,-,9,16,-,9,2.3,-,9,32,-,9,47.4,-,9,23.3,-,9,24,-,9,3.5,-,9,6.7,-,9,0.1,Automated calculation,,0,-,9,13.5,-,9,100,Automated calculation,,94,Automated calculation,,89,-,8,64,Estimation,51,64,-,8,0.09,-,9,0.07,-,9,0.11,-,9,tr.,-,9,0.57,-,9,11,-,9,0.3,-,9,0.6,-,9,0,-,9,7.27,-,9,220,-,9,52,-,9,30,-,9,80,-,9,49,-,9,160,-,9,1.6,-,9,2,-,9,0.9,-,9,n.d.,,,Nein
869,4155,1001541,Hazelnut macaroon,,Sweets/Cookies/Biscuits,,per 100g edible portion,2230,Automated calculation,,536,Automated calculation,,37,Calculation on the basis of ingredients,,2.6,Calculation on the basis of ingredients,,29,Calculation on the basis of ingredients,,4,Calculation on the basis of ingredients,,0,Calculation on the basis of ingredients,,35.5,Calculation on the basis of ingredients,,33.8,Calculation on the basis of ingredients,,0.9,Calculation on the basis of ingredients,,6,Calculation on the basis of ingredients,,12.2,Calculation on the basis of ingredients,,0.2,Automated calculation,,0,Calculation on the basis of ingredients,,10.9,Automated calculation,,0,Automated calculation,,0,Automated calculation,,0,Calculation on the basis of ingredients,,0,Calculation on the basis of ingredients,,0,Calculation on the basis of ingredients,,0.17,Calculation on the basis of ingredients,,0.1,Calculation on the basis of ingredients,,0.31,Calculation on the basis of ingredients,,0.02,Calculation on the basis of ingredients,,0.84,Calculation on the basis of ingredients,,26.6,Calculation on the basis of ingredients,,0.77,Calculation on the basis of ingredients,,1.2,Calculation on the basis of ingredients,,0,Calculation on the basis of ingredients,,16.92,Calculation on the basis of ingredients,,480,Calculation on the basis of ingredients,,80,Calculation on the basis of ingredients,,110,Calculation on the basis of ingredients,,100,Calculation on the basis of ingredients,,100,Calculation on the basis of ingredients,,200,Calculation on the basis of ingredients,,2.3,Calculation on the basis of ingredients,,5.3,Calculation on the basis of ingredients,,1.8,Calculation on the basis of ingredients,,n.d.,,,Nein
666,3839,1001225,Hollandaise sauce,,Various/Sauces,,per 100g edible portion,876,Automated calculation,,212,Automated calculation,,18,-,22,9,-,22,5.3,-,22,0.7,-,22,60,-,18,9.3,-,22,6.2,-,18,3.1,-,22,0.1,-,9,3,-,22,1,Automated calculation,,0,-,43,66.2,-,22,230,Automated calculation,,184,Automated calculation,,138,-,61,550,Estimation,51,550,-,61,0.03,-,43,0.06,-,43,0,-,43,0.3,-,9,0,-,43,18,-,9,0.5,-,9,6,-,43,0.5,-,22,8.08,-,22,45,-,43,400,-,18,400,-,9,41,-,43,6,-,43,30,-,61,0.7,-,43,4.5,-,9,0.7,-,9,n.d.,,,Nein
399,4560,1000863,"Honeydew melon, raw",,Fruit/Fresh fruit,,per 100g edible portion,159,Automated calculation,,38,Automated calculation,,0.1,-,43,tr.,-,43,tr.,-,43,tr.,-,43,0,-,43,8,-,43,8,-,43,0,-,43,0.9,-,43,0.7,-,43,0,Automated calculation,,0,-,43,90,-,43,241,Automated calculation,,120,Automated calculation,,0,Estimation,51,1445,-,51;1662,1445,-,96;1670,0.03,-,43;1670,0.02,-,43;1670,0.06,-,43;1670,0,-,43,0.7,-,43;1670,20.8,-,1660;1670,0.14,-,43;1670,37.7,-,43;1670,0,-,43,0.1,-,43,300,-,43,18,-,43,8,-,9,14,-,43,14,-,43,17,-,43,0.2,-,1531,1,-,9,0.1,-,9,n.d.,,,Nein
472,4048,1000957,"Honey, from flowers",,Sweets/Jams and sweet sandwich spreads,1.4,per 100g edible portion,1300,Automated calculation,,306,Automated calculation,,0,-,43,0,-,43,0,-,43,0,-,43,0,Estimation,51,76,-,43,76,-,43,0,-,43,0,-,43,0.4,-,43,0,Automated calculation,,0,-,43,20,-,43,0,Automated calculation,,0,Automated calculation,,0,Estimation,51,0,Estimation,51,0,Estimation,51,0,-,43,0.05,-,43,0.3,-,43,0,-,43,0.2,-,43,5.3,-,43,0.1,-,43,1.7,-,43,0,-,43,0,-,43,47,-,43,7,-,43,18,-,9,5,-,43,3,-,43,17,-,43,0.5,-,43,0.5,-,1009,0.4,-,36,n.d.,,,Nein
13328,,,"Horse, filet, pan fried (without addition of fat and salt)",,Meat and offal/Other animal species,,per 100g edible portion,593,Automated calculation,,140,Automated calculation,,2.6,Calculation on the basis of ingredients,,1.2,Calculation on the basis of ingredients,,1.1,Calculation on the basis of ingredients,,0.1,Calculation on the basis of ingredients,,71,Calculation on the basis of ingredients,,0,Calculation on the basis of ingredients,,0,Calculation on the basis of ingredients,,0,Calculation on the basis of ingredients,,0,Calculation on the basis of ingredients,,29.3,Calculation on the basis of ingredients,,0.1,Automated calculation,,0,Calculation on the basis of ingredients,,68.1,Automated calculation,,27,Automated calculation,,27,Automated calculation,,27,Calculation on the basis of ingredients,,0,Calculation on the basis of ingredients,,0,Calculation on the basis of ingredients,,0.09,Calculation on the basis of ingredients,,0.11,Calculation on the basis of ingredients,,0.29,Calculation on the basis of ingredients,,3,Calculation on the basis of ingredients,,4.73,Calculation on the basis of ingredients,,9.1,Calculation on the basis of ingredients,,0.66,Calculation on the basis of ingredients,,0,Calculation on the basis of ingredients,,0.2,Calculation on the basis of ingredients,,0.14,Calculation on the basis of ingredients,,300,Calculation on the basis of ingredients,,51,Calculation on the basis of ingredients,,12,Calculation on the basis of ingredients,,16,Calculation on the basis of ingredients,,27,Calculation on the basis of ingredients,,220,Calculation on the basis of ingredients,,6.2,Calculation on the basis of ingredients,,1.4,Calculation on the basis of ingredients,,4,Calculation on the basis of ingredients,,n.d.,,,Ja
685,4600,1001250,"Horse, filet, raw",,Meat and offal/Other animal species,,per 100g edible portion,433,Automated calculation,,102,Automated calculation,,1.9,-,50,0.9,-,9,0.8,-,9,0.1,-,9,52,-,9,0,-,50,0,-,22,0,Estimation,51,0,-,22,21.4,-,22,0.1,Automated calculation,,0,-,22,74.8,-,50,20,Automated calculation,,20,Automated calculation,,20,-,8,0,Estimation,51,0,Estimation,51,0.13,-,9,0.1,-,9,0.38,-,9,3,-,9,4.6,-,9,8,-,9,0.6,-,9,0,-,9,0.2,-,9,0.14,-,9,330,-,9,44,-,9,9,-,9,13,-,9,23,-,9,190,-,9,4.7,-,9,1,-,9,2.9,-,9,n.d.,,,Nein
1670,,,"Horse ragout with sauce, prepared",,Prepared dishes/Other savoury dishes,,per 100g edible portion,396,Automated calculation,,94,Automated calculation,,3.3,Calculation on the basis of ingredients,,0.7,Calculation on the basis of ingredients,,2.1,Calculation on the basis of ingredients,,0.4,Calculation on the basis of ingredients,,30,Calculation on the basis of ingredients,,3.1,Calculation on the basis of ingredients,,1.6,Calculation on the basis of ingredients,,1.5,Calculation on the basis of ingredients,,0.6,Calculation on the basis of ingredients,,12.7,Calculation on the basis of ingredients,,0.8,Automated calculation,,0,Calculation on the basis of ingredients,,80.3,Automated calculation,,179,Automated calculation,,95,Automated calculation,,11,Calculation on the basis of ingredients,,1007,Calculation on the basis of ingredients,,724,Calculation on the basis of ingredients,,0.04,Calculation on the basis of ingredients,,0.05,Calculation on the basis of ingredients,,0.12,Calculation on the basis of ingredients,,1.03,Calculation on the basis of ingredients,,1.54,Calculation on the basis of ingredients,,5.8,Calculation on the basis of ingredients,,0.24,Calculation on the basis of ingredients,,0.9,Calculation on the basis of ingredients,,0.1,Calculation on the basis of ingredients,,0.82,Calculation on the basis of ingredients,,130,Calculation on the basis of ingredients,,300,Calculation on the basis of ingredients,,440,Calculation on the basis of ingredients,,14,Calculation on the basis of ingredients,,11,Calculation on the basis of ingredients,,87,Calculation on the basis of ingredients,,2.8,Calculation on the basis of ingredients,,1.1,Calculation on the basis of ingredients,,1.6,Calculation on the basis of ingredients,,n.d.,,,Ja
1590,,,Hot Dog in white bread with ketchup and mustard,,Prepared dishes/Other savoury dishes,,per 100g edible portion,920,Automated calculation,,219,Automated calculation,,6.7,Calculation on the basis of ingredients,,2.3,Calculation on the basis of ingredients,,3,Calculation on the basis of ingredients,,0.9,Calculation on the basis of ingredients,,14,Calculation on the basis of ingredients,,29.6,Calculation on the basis of ingredients,,2.5,Calculation on the basis of ingredients,,26.7,Calculation on the basis of ingredients,,1.8,Calculation on the basis of ingredients,,9.1,Calculation on the basis of ingredients,,2,Automated calculation,,0,Calculation on the basis of ingredients,,53.2,Automated calculation,,5,Automated calculation,,4,Automated calculation,,2,Calculation on the basis of ingredients,,20,Calculation on the basis of ingredients,,20,Calculation on the basis of ingredients,,0.12,Calculation on the basis of ingredients,,0.06,Calculation on the basis of ingredients,,0.07,Calculation on the basis of ingredients,,0.15,Calculation on the basis of ingredients,,1.25,Calculation on the basis of ingredients,,8.7,Calculation on the basis of ingredients,,0.25,Calculation on the basis of ingredients,,4.7,Calculation on the basis of ingredients,,0.3,Calculation on the basis of ingredients,,0.3,Calculation on the basis of ingredients,,170,Calculation on the basis of ingredients,,800,Calculation on the basis of ingredients,,1250,Calculation on the basis of ingredients,,17,Calculation on the basis of ingredients,,21,Calculation on the basis of ingredients,,110,Calculation on the basis of ingredients,,0.8,Calculation on the basis of ingredients,,2.3,Calculation on the basis of ingredients,,0.9,Calculation on the basis of ingredients,,n.d.,,,Ja
652,4407,1001204,Huntsman sauce,,Various/Sauces,,per 100g edible portion,245,Automated calculation,,58,Automated calculation,,1.8,-,18,0.5,-,18,0.7,-,22,0.2,-,22,0,-,18,8,-,18,2.5,-,18,5.5,-,22,0.5,-,18,2.2,-,18,1.5,Automated calculation,,0,-,22,85.8,-,22,43,Automated calculation,,23,Automated calculation,,2,-,8,247,Estimation,51,247,-,8,0.01,-,9,0.06,-,9,0.01,-,9,tr.,-,22,0.5,-,9,4,-,9,0.16,-,9,1.4,-,9,0.4,-,22,0.08,-,22,120,-,9,620,-,18,560,-,9,17,-,9,8,-,9,47,-,9,0.7,-,9,4,-,9,0.7,-,9,n.d.,,,Nein
459,4420,1000940,"Iceberg lettuce, raw",,Vegetables/Fresh vegetables,,per 100g edible portion,65,Automated calculation,,16,Automated calculation,,0.2,-,9,0,-,9,0,-,9,0.1,-,9,0,-,22,1.6,-,9,1.6,-,22,0,-,9,1.8,-,9,1,-,9,0,Automated calculation,,0,-,22,94.6,-,9,8,Automated calculation,,4,Automated calculation,,0,Estimation,51,48,Estimation,51,48,-,87,0.05,-,9,0.03,-,9,0.03,-,9,0,-,22,0.2,-,9,53,-,9,0.05,-,9,3.9,-,9,0,-,22,0.57,-,9,180,-,318,3.6,-,318,42,-,9,34,-,318,7,-,318,22,-,318,0.5,-,318,2,-,9,0.2,-,318,n.d.,,,Nein
694,3931,1001266,"Ice cream, dairy, fruit",,Sweets/Milk based ice cream,0.6,per 100g edible portion,775,Automated calculation,,185,Automated calculation,,8,-,5,5,-,5,2.6,-,5,0.3,-,5,26,-,5,24.7,-,5,23.7,-,5,tr.,-,5,0,-,5,3.5,-,5,0.2,Automated calculation,,0,-,5,59.8,-,5,121,Automated calculation,,107,Automated calculation,,94,-,81,160,-,81,n.d.,,,0.04,-,5,0.26,-,5,0.07,-,5,0,-,22,tr.,-,5,9,-,5,tr.,-,5,1,-,5,0.1,-,5,0.17,-,5,180,-,5,61,-,5,tr.,-,22,110,-,5,tr.,-,22,99,-,5,0.5,-,5,tr.,-,5,0.4,-,5,n.d.,,,Nein
804,4033,1001470,"Ice Tea, sweetened",,Non-alcoholic beverages/Soft drinks;Non-alcoholic beverages/Tea,1,per 100g edible portion,128,Automated calculation,,30,Automated calculation,,0,Calculation on the basis of ingredients,,0,Calculation on the basis of ingredients,,0,Calculation on the basis of ingredients,,0,Calculation on the basis of ingredients,,0,Calculation on the basis of ingredients,,7.5,Calculation on the basis of ingredients,,7.5,Calculation on the basis of ingredients,,tr.,Calculation on the basis of ingredients,,0,Calculation on the basis of ingredients,,0,Calculation on the basis of ingredients,,0,Automated calculation,,0,Calculation on the basis of ingredients,,92.5,Automated calculation,,0,Automated calculation,,0,Automated calculation,,0,Calculation on the basis of ingredients,,0,Calculation on the basis of ingredients,,0,Calculation on the basis of ingredients,,0,Calculation on the basis of ingredients,,0,Calculation on the basis of ingredients,,0,Calculation on the basis of ingredients,,0,Calculation on the basis of ingredients,,0.09,Calculation on the basis of ingredients,,4.6,Calculation on the basis of ingredients,,0,Calculation on the basis of ingredients,,0,Calculation on the basis of ingredients,,0,Calculation on the basis of ingredients,,0,Calculation on the basis of ingredients,,18,Calculation on the basis of ingredients,,0,Calculation on the basis of ingredients,,1,Calculation on the basis of ingredients,,0.1,Calculation on the basis of ingredients,,0.9,Calculation on the basis of ingredients,,0.9,Calculation on the basis of ingredients,,0,Calculation on the basis of ingredients,,0.9,Calculation on the basis of ingredients,,0,Calculation on the basis of ingredients,,n.d.,,,Ja
696,4132,1001272,Jam,,Sweets/Jams and sweet sandwich spreads,1.4,per 100g edible portion,1040,Automated calculation,,246,Automated calculation,,0.5,-,7,tr.,-,5,tr.,-,5,tr.,-,5,0,-,5,58.7,-,1030,58.7,-,1030,0,-,1030,2.2,-,5,0.5,-,7,0,Automated calculation,,0,-,5,36,-,5,9,Automated calculation,,5,Automated calculation,,0,Estimation,51,56,Estimation,51,56,-,61,0.02,-,5,0.02,-,5,tr.,-,5,0,-,22,0.9,-,5,tr.,-,5,0.03,-,9,4,-,5,0,-,5,0,-,5,100,-,5,12,-,5,2,-,9,18,-,5,2,-,9,7,-,5,1.4,-,5,1,-,9,0.2,-,5,n.d.,,,Nein
697,3930,1001273,"Jam, low calorie, with sweetener",,Sweets/Jams and sweet sandwich spreads,1.4,per 100g edible portion,576,Automated calculation,,136,Automated calculation,,0.5,-,7,tr.,-,5,tr.,-,5,tr.,-,5,0,-,5,31.9,-,5,31.9,-,5,tr.,-,22,0.8,-,5,0.5,-,7,0.1,Automated calculation,,0,-,5,65.3,-,5,4,Automated calculation,,2,Automated calculation,,0,Estimation,51,26,-,81,n.d.,,,tr.,-,5,tr.,-,5,tr.,-,5,0,-,22,tr.,-,5,tr.,-,5,0.05,-,9,26,-,5,0,-,5,0,-,5,120,-,5,20,-,5,3,-,9,19,-,5,1,-,9,15,-,5,0.4,-,5,2,-,9,tr.,-,5,n.d.,,,Nein
951,4165,1001629,Jelly babies with fruit essence,,"Sweets/Candies, fruits gums and chewing gum",,per 100g edible portion,1450,Automated calculation,,341,Automated calculation,,0,-,9,0,-,9,0,-,9,0,-,9,0,Estimation,51,78.6,-,1528,74.7,-,1528,3.9,-,1528,0,-,9,6.6,-,1528,0.2,Automated calculation,,0,-,9,12.1,-,1528,0,Automated calculation,,0,Automated calculation,,0,-,8,0,Estimation,51,0,-,8,tr.,-,9,tr.,-,9,tr.,-,9,tr.,-,9,tr.,-,9,tr.,-,9,tr.,-,9,tr.,-,9,tr.,-,9,tr.,-,9,12,-,1528,62,-,1528,160,-,9,9,-,1528,2,-,1528,4,-,9,0.2,-,1528,tr.,-,9,1.4,-,9,n.d.,,,Nein
583,3751,,Kakaobutter,,Fats and oils/Fats,0.9,per 100g edible portion,3700,Automated calculation,,900,Automated calculation,,100,-,1528,61.1,-,1528,31.4,-,1528,2.3,-,1528,3,-,9,0,-,9,0,-,9,0,-,9,0,-,9,0,-,9,0,Automated calculation,,0,-,9,0.2,-,9;1528,0,Automated calculation,,0,Automated calculation,,0,Estimation,51,0,Estimation,1662,0,Estimation,51,0,-,9,0,-,9,0,-,9,0,-,9,0,-,9,0,-,9,0,-,9,0,-,9,0,-,9,0.5,-,1528,1,-,9,0,-,9,0,-,9,0,-,9,0,-,9,0,-,9,0,-,9,0,-,9,0,-,9,n.d.,,,Ja
393,4554,1000856,"Kaki, raw",,Fruit/Fresh fruit,,per 100g edible portion,299,Automated calculation,,71,Automated calculation,,0.2,-,43,tr.,-,43,tr.,-,43,tr.,-,43,0,-,43,15.3,-,43,15.3,-,43,0,-,43,2.5,-,43,0.7,-,43,0,Automated calculation,,0,-,43,80.7,-,43,69,Automated calculation,,34,Automated calculation,,0,Estimation,51,413,Estimation,51,129,-,164,0.03,-,43,0.06,-,43,0.1,-,9,0,-,43,0.3,-,43,11,-,43,0.2,-,9,7,-,43,0,-,43,0.8,-,9,170,-,43,2,-,43,18,-,9,21,-,43,9,-,43,20,-,43,0.4,-,43,1,-,9,0.1,-,9,n.d.,,,Nein
13400,,,"Kale, raw",,Vegetables/Fresh vegetables,,per 100g edible portion,183,Automated calculation,,44,Automated calculation,,0.9,-,1640,0.1,-,1640,0,-,1640,0.5,-,1640,0,Estimation,1648,2.5,-,1640,2.5,-,1640,0,Estimation,1648,4.2,-,1640,4.3,-,1640,n.d.,,,0,Estimation,1648,85.9,-,1640,514,Automated calculation,,257,Automated calculation,,0,Estimation,1648,3085,-,1648;1662,3085,-,1666;1669,0.1,-,1640;1669,0.25,-,1640,0.22,-,1640;1669,0,Estimation,1648,2.1,-,1640,111,-,1666,0.7,-,1660;1669,74,-,1666,0,Estimation,1648,1.7,-,1640,490,-,1640;1665,n.d.,,,60,-,1640,270,-,1640;1665,27,-,1640;1665,79,-,1640;1665,1.3,-,1640;1665,4.5,-,1640,0.3,-,1640,n.d.,,,Nein
13401,,,"Kale, stewed (without addition of salt and fat)",,Vegetables/Cooked vegetables (incl. cans),,per 100g edible portion,195,Automated calculation,,47,Automated calculation,,1,Calculation on the basis of ingredients,,0.1,Calculation on the basis of ingredients,,0,Calculation on the basis of ingredients,,0.5,Calculation on the basis of ingredients,,0,Calculation on the basis of ingredients,,2.7,Calculation on the basis of ingredients,,2.7,Calculation on the basis of ingredients,,0,Calculation on the basis of ingredients,,4.5,Calculation on the basis of ingredients,,4.6,Calculation on the basis of ingredients,,n.d.,,,0,Calculation on the basis of ingredients,,87.3,Automated calculation,,547,Automated calculation,,273,Automated calculation,,0,Calculation on the basis of ingredients,,3281,Calculation on the basis of ingredients,,2953,Calculation on the basis of ingredients,,0.1,Calculation on the basis of ingredients,,0.25,Calculation on the basis of ingredients,,0.21,Calculation on the basis of ingredients,,0,Calculation on the basis of ingredients,,2.12,Calculation on the basis of ingredients,,82.7,Calculation on the basis of ingredients,,0.67,Calculation on the basis of ingredients,,47.2,Calculation on the basis of ingredients,,0,Calculation on the basis of ingredients,,1.81,Calculation on the basis of ingredients,,520,Calculation on the basis of ingredients,,n.d.,,,64,Calculation on the basis of ingredients,,290,Calculation on the basis of ingredients,,29,Calculation on the basis of ingredients,,84,Calculation on the basis of ingredients,,1.4,Calculation on the basis of ingredients,,4.8,Calculation on the basis of ingredients,,0.4,Calculation on the basis of ingredients,,n.d.,,,Ja
1572,,,Kebab in pita bread,,Prepared dishes/Sandwiches,,per 100g edible portion,523,Automated calculation,,124,Automated calculation,,3.7,Calculation on the basis of ingredients,,0.8,Calculation on the basis of ingredients,,1.3,Calculation on the basis of ingredients,,1.3,Calculation on the basis of ingredients,,18,Calculation on the basis of ingredients,,14.5,Calculation on the basis of ingredients,,2.2,Calculation on the basis of ingredients,,12.2,Calculation on the basis of ingredients,,1.2,Calculation on the basis of ingredients,,7.7,Calculation on the basis of ingredients,,0.6,Automated calculation,,0,Calculation on the basis of ingredients,,73.1,Automated calculation,,24,Automated calculation,,14,Automated calculation,,5,Calculation on the basis of ingredients,,114,Calculation on the basis of ingredients,,95,Calculation on the basis of ingredients,,0.06,Calculation on the basis of ingredients,,0.07,Calculation on the basis of ingredients,,0.1,Calculation on the basis of ingredients,,0.48,Calculation on the basis of ingredients,,1.65,Calculation on the basis of ingredients,,18.6,Calculation on the basis of ingredients,,0.3,Calculation on the basis of ingredients,,4.6,Calculation on the basis of ingredients,,0.1,Calculation on the basis of ingredients,,1.59,Calculation on the basis of ingredients,,190,Calculation on the basis of ingredients,,240,Calculation on the basis of ingredients,,390,Calculation on the basis of ingredients,,26,Calculation on the basis of ingredients,,13,Calculation on the basis of ingredients,,74,Calculation on the basis of ingredients,,0.5,Calculation on the basis of ingredients,,3.1,Calculation on the basis of ingredients,,0.9,Calculation on the basis of ingredients,,n.d.,,,Nein
635,4137,1001186,Ketchup,,Various/Sauces,1.14,per 100g edible portion,498,Automated calculation,,117,Automated calculation,,0.4,-,43,0.1,-,43,0.1,-,43,0.2,-,43,0,-,43,26,-,43,24.8,-,43,1.2,-,43,0.9,-,43,2,-,43,2.8,Automated calculation,,0,-,43,66.7,-,43,34,Automated calculation,,17,Automated calculation,,0,Estimation,51,203,Estimation,51,203,-,109,0.06,-,43,0.06,-,43,0.16,-,43,0,-,43,1,-,43,10,-,43,0.2,-,43,15,-,43,0,-,43,1.5,-,43,480,-,43,1120,-,43,1810,-,9,19,-,43,19,-,43,40,-,43,0.9,-,43,0.9,-,9,0.1,-,9,n.d.,,,Nein
395,4563,1000858,"Kiwi fruit, raw",,Fruit/Fresh fruit,,per 100g edible portion,229,Automated calculation,,54,Automated calculation,,0.6,-,43,tr.,-,43,tr.,-,43,tr.,-,43,0,-,43,9.9,-,43,9.8,-,43,0.1,-,43,2.5,-,43,1.1,-,43,0,Automated calculation,,0,-,43,83,-,43,8,Automated calculation,,4,Automated calculation,,0,Estimation,51,47,-,1662;1698,47,-,1640;1670,0.01,-,43;1670,0.03,-,43;1670,0.06,-,43;1670,0,-,43,0.31,-,43;1670,37,-,43,0.2,-,9;1670,78.3,-,43;1670,0,-,43,0.5,-,9,290,-,43,4,-,43,66,-,9,27,-,43,17,-,43,37,-,43,0.4,-,43,1,-,9,0.4,-,9,n.d.,,,Nein
449,4007,1000928,"Kohlrabi, raw",,Vegetables/Fresh vegetables,,per 100g edible portion,113,Automated calculation,,27,Automated calculation,,0.2,-,36,0,-,1009,0,-,1009,0.1,-,1009,0,-,22,3.7,-,36,3.6,-,9,0.1,-,9,1.4,-,36,1.9,-,36,0.1,Automated calculation,,0,-,22,91.6,-,36,2,Automated calculation,,1,Automated calculation,,0,Estimation,51,13,Estimation,51,9,-,121,0.04,-,36;1669,0.05,-,36,0.08,-,36;1669,0,-,22,1.8,-,36,70,-,36,0.13,-,22;1669,68.4,-,36;1669,0,-,22,0.4,-,9,320,-,36,20,-,36,40,-,36,64,-,36,43,-,36,50,-,36,0.5,-,36,0.7,-,36,0.2,-,36,n.d.,,,Nein
1014,4241,,"Kohlrabi, steamed (without addition of salt)",,Vegetables/Cooked vegetables (incl. cans),,per 100g edible portion,126,Automated calculation,,30,Automated calculation,,0.2,Calculation on the basis of ingredients,,0,Calculation on the basis of ingredients,,0,Calculation on the basis of ingredients,,0.1,Calculation on the basis of ingredients,,0,Calculation on the basis of ingredients,,4.1,Calculation on the basis of ingredients,,3.9,Calculation on the basis of ingredients,,0.2,Calculation on the basis of ingredients,,1.6,Calculation on the basis of ingredients,,2.2,Calculation on the basis of ingredients,,0,Automated calculation,,0,Calculation on the basis of ingredients,,92,Automated calculation,,2,Automated calculation,,1,Automated calculation,,0,Calculation on the basis of ingredients,,14,Calculation on the basis of ingredients,,9,Calculation on the basis of ingredients,,0.03,Calculation on the basis of ingredients,,0.05,Calculation on the basis of ingredients,,0.07,Calculation on the basis of ingredients,,0,Calculation on the basis of ingredients,,1.6,Calculation on the basis of ingredients,,46.7,Calculation on the basis of ingredients,,0.12,Calculation on the basis of ingredients,,57,Calculation on the basis of ingredients,,0,Calculation on the basis of ingredients,,0.44,Calculation on the basis of ingredients,,300,Calculation on the basis of ingredients,,19,Calculation on the basis of ingredients,,42,Calculation on the basis of ingredients,,68,Calculation on the basis of ingredients,,43,Calculation on the basis of ingredients,,53,Calculation on the basis of ingredients,,0.4,Calculation on the basis of ingredients,,0.7,Calculation on the basis of ingredients,,0.2,Calculation on the basis of ingredients,,n.d.,,,Ja
852,4577,1001522,Ladyfinger cookie,,Sweets/Cookies/Biscuits,,per 100g edible portion,1740,Automated calculation,,413,Automated calculation,,8.3,-,9,2.4,-,9,3.2,-,9,1.2,-,9,281,-,9,71.8,-,9,34.9,-,9,36.8,-,9,1.4,-,9,12.2,-,9,0.8,Automated calculation,,0,-,9,5,-,9,168,Automated calculation,,167,Automated calculation,,166,-,8,9,Estimation,51,9,-,8,0.07,-,9,0.2,-,9,0.1,-,9,1,-,9,0.26,-,9,25,-,9,0.9,-,9,0,-,9,1,-,9,1.53,-,9,140,-,9,310,-,9,150,-,9,65,-,9,15,-,9,330,-,9,2.1,-,9,8,-,9,1.4,-,9,n.d.,,,Nein
1110,4026,,"Lamb (average excluding offal, chop), raw",,"Meat and offal/Lamb, mutton",,per 100g edible portion,564,Automated calculation,,134,Automated calculation,,5.8,Calculation on the basis of ingredients,,3,Calculation on the basis of ingredients,,2.7,Calculation on the basis of ingredients,,0.6,Calculation on the basis of ingredients,,67,Calculation on the basis of ingredients,,0,Calculation on the basis of ingredients,,0,Calculation on the basis of ingredients,,0,Calculation on the basis of ingredients,,0,Calculation on the basis of ingredients,,20.5,Calculation on the basis of ingredients,,0.1,Automated calculation,,0,Calculation on the basis of ingredients,,73.7,Automated calculation,,7,Automated calculation,,7,Automated calculation,,6,Calculation on the basis of ingredients,,4,Calculation on the basis of ingredients,,4,Calculation on the basis of ingredients,,0.17,Calculation on the basis of ingredients,,0.1,Calculation on the basis of ingredients,,0.38,Calculation on the basis of ingredients,,3.26,Calculation on the basis of ingredients,,3.86,Calculation on the basis of ingredients,,10.5,Calculation on the basis of ingredients,,0.77,Calculation on the basis of ingredients,,0,Calculation on the basis of ingredients,,3.8,Calculation on the basis of ingredients,,0.4,Calculation on the basis of ingredients,,310,Calculation on the basis of ingredients,,58,Calculation on the basis of ingredients,,77,Calculation on the basis of ingredients,,6.3,Calculation on the basis of ingredients,,22,Calculation on the basis of ingredients,,190,Calculation on the basis of ingredients,,1.7,Calculation on the basis of ingredients,,0.7,Calculation on the basis of ingredients,,3.3,Calculation on the basis of ingredients,,n.d.,,,Ja
13304,,,"Lamb, leg, roast (without addition of fat and salt)",,"Meat and offal/Lamb, mutton",,per 100g edible portion,965,Automated calculation,,231,Automated calculation,,12.2,Calculation on the basis of ingredients,,6.5,Calculation on the basis of ingredients,,5.6,Calculation on the basis of ingredients,,1.3,Calculation on the basis of ingredients,,97,Calculation on the basis of ingredients,,0,Calculation on the basis of ingredients,,0,Calculation on the basis of ingredients,,n.d.,,,0,Calculation on the basis of ingredients,,30.1,Calculation on the basis of ingredients,,0.2,Automated calculation,,0,Calculation on the basis of ingredients,,57.6,Automated calculation,,14,Automated calculation,,13,Automated calculation,,13,Calculation on the basis of ingredients,,7,Calculation on the basis of ingredients,,6,Calculation on the basis of ingredients,,0.16,Calculation on the basis of ingredients,,0.07,Calculation on the basis of ingredients,,0.41,Calculation on the basis of ingredients,,3.77,Calculation on the basis of ingredients,,n.d.,,,7.2,Calculation on the basis of ingredients,,1.1,Calculation on the basis of ingredients,,0,Calculation on the basis of ingredients,,7.2,Calculation on the basis of ingredients,,0.48,Calculation on the basis of ingredients,,390,Calculation on the basis of ingredients,,77,Calculation on the basis of ingredients,,110,Calculation on the basis of ingredients,,6.3,Calculation on the basis of ingredients,,25,Calculation on the basis of ingredients,,240,Calculation on the basis of ingredients,,2.3,Calculation on the basis of ingredients,,1.2,Calculation on the basis of ingredients,,5.4,Calculation on the basis of ingredients,,7,Calculation on the basis of ingredients,,Ja
19,4752,812060,"Lamb, ragout, raw (Switzerland)",,"Meat and offal/Lamb, mutton",,per 100g edible portion,644,Automated calculation,,154,Automated calculation,,8.4,-,146,4.3,-,146,3.7,-,146,1,-,146,66,-,146,0,Estimation,51,0,Estimation,51,n.d.,,,0,Estimation,51,19.6,-,146,0.2,Automated calculation,,0,Estimation,51,69.9,-,146,0,Automated calculation,,0,Automated calculation,,0,-,104,0,Estimation,51,0,-,104,0.18,-,104,0.06,-,104,0.36,-,146,3.61,-,160,1.2,Estimation,,6,-,81,0.57,-,163,0,Estimation,51,6.1,-,143,0.5,-,163,310,-,146,60,-,146,75,-,8,4.6,-,146,18,-,146,170,-,146,1.3,-,146,0.7,-,88,4.3,-,146,n.d.,,,Nein
1673,,,"Lamb ragout with sauce, prepared",,Prepared dishes/Other savoury dishes,,per 100g edible portion,516,Automated calculation,,124,Automated calculation,,7,Calculation on the basis of ingredients,,2.6,Calculation on the basis of ingredients,,3.7,Calculation on the basis of ingredients,,0.9,Calculation on the basis of ingredients,,38,Calculation on the basis of ingredients,,3.1,Calculation on the basis of ingredients,,1.6,Calculation on the basis of ingredients,,1.5,Calculation on the basis of ingredients,,0.6,Calculation on the basis of ingredients,,11.7,Calculation on the basis of ingredients,,0.8,Automated calculation,,0,Calculation on the basis of ingredients,,77.6,Automated calculation,,168,Automated calculation,,84,Automated calculation,,0,Calculation on the basis of ingredients,,1007,Calculation on the basis of ingredients,,724,Calculation on the basis of ingredients,,0.05,Calculation on the basis of ingredients,,0.03,Calculation on the basis of ingredients,,0.11,Calculation on the basis of ingredients,,1.24,Calculation on the basis of ingredients,,n.d.,,,5,Calculation on the basis of ingredients,,0.21,Calculation on the basis of ingredients,,0.9,Calculation on the basis of ingredients,,2.8,Calculation on the basis of ingredients,,0.98,Calculation on the basis of ingredients,,120,Calculation on the basis of ingredients,,310,Calculation on the basis of ingredients,,480,Calculation on the basis of ingredients,,10,Calculation on the basis of ingredients,,8.9,Calculation on the basis of ingredients,,85,Calculation on the basis of ingredients,,0.8,Calculation on the basis of ingredients,,0.9,Calculation on the basis of ingredients,,2.5,Calculation on the basis of ingredients,,n.d.,,,Ja
5,4747,811057,"Lamb (sheep), cutlet, raw (Switzerland)",,"Meat and offal/Lamb, mutton",,per 100g edible portion,747,Automated calculation,,179,Automated calculation,,10.9,-,146,5.2,-,146,4,-,146,0.9,-,146,72,-,146,0,Estimation,51,0,Estimation,51,n.d.,,,0,Estimation,51,20.2,-,146,0.2,Automated calculation,,0,Estimation,51,65.4,-,146,9,Automated calculation,,9,Automated calculation,,9,-,163,<5,-,51,<5,-,163,0.18,-,104,0.06,-,104,0.32,-,160,3.61,-,160,n.d.,,,6,-,81,0.57,-,163,0,Estimation,51,5.2,-,143,0.5,-,163,310,-,146,69,-,146,79,-,8,8.4,-,146,20,-,146,180,-,146,1.5,-,146,0.9,-,88,2.1,-,146,7,-,1406;1544,Nein
13273,,,"lamb (sheep), filet, pan fried medium"" (without addition of fat and salt)""",,"Meat and offal/Lamb, mutton",,per 100g edible portion,630,Automated calculation,,150,Automated calculation,,4.5,Calculation on the basis of ingredients,,1.8,Calculation on the basis of ingredients,,1.9,Calculation on the basis of ingredients,,0.2,Calculation on the basis of ingredients,,88,Calculation on the basis of ingredients,,0,Calculation on the basis of ingredients,,0,Calculation on the basis of ingredients,,0,Calculation on the basis of ingredients,,0,Calculation on the basis of ingredients,,27.2,Calculation on the basis of ingredients,,0.2,Automated calculation,,0,Calculation on the basis of ingredients,,68.3,Automated calculation,,13,Automated calculation,,12,Automated calculation,,11,Calculation on the basis of ingredients,,7,Calculation on the basis of ingredients,,5,Calculation on the basis of ingredients,,0.1,Calculation on the basis of ingredients,,0.25,Calculation on the basis of ingredients,,0.14,Calculation on the basis of ingredients,,2.05,Calculation on the basis of ingredients,,6.08,Calculation on the basis of ingredients,,25.6,Calculation on the basis of ingredients,,0.7,Calculation on the basis of ingredients,,0,Calculation on the basis of ingredients,,0,Calculation on the basis of ingredients,,0.2,Calculation on the basis of ingredients,,290,Calculation on the basis of ingredients,,77,Calculation on the basis of ingredients,,110,Calculation on the basis of ingredients,,14,Calculation on the basis of ingredients,,31,Calculation on the basis of ingredients,,220,Calculation on the basis of ingredients,,2.4,Calculation on the basis of ingredients,,0.9,Calculation on the basis of ingredients,,4.3,Calculation on the basis of ingredients,,5.5,Calculation on the basis of ingredients,,Ja
675,3901,1001237,"Lamb (sheep), filet, raw",,"Meat and offal/Lamb, mutton",,per 100g edible portion,473,Automated calculation,,112,Automated calculation,,3.4,-,9,1.3,-,9,1.5,-,9,0.2,-,9,66,-,9,0,-,9,0,-,9,0,Estimation,51,0,-,22,20.4,-,9,0.2,Automated calculation,,0,-,22,75.1,-,9,9,Automated calculation,,9,Automated calculation,,9,-,163,<5,-,51,<5,-,163,0.13,-,9,0.23,-,9,0.17,-,9,2.2,-,9,6.51,-,9,24,-,9,0.66,-,9,0,-,9,tr.,-,22,0.19,-,9,280,-,9,68,-,9,79,-,9,12,-,9,27,-,9,190,-,9,1.9,-,9,0.7,-,9,3.2,-,9,4.1,-,1544,Nein
17,4753,812058,"Lamb (sheep), filet, raw (Australia, New Zealand)",,"Meat and offal/Lamb, mutton",,per 100g edible portion,493,Automated calculation,,117,Automated calculation,,3.3,-,146,1.9,-,146,1.9,-,146,0.4,-,146,72,-,146,0,Estimation,51,0,Estimation,51,n.d.,,,0,Estimation,51,21.8,-,146,0.1,Automated calculation,,0,Estimation,51,73,-,146,9,Automated calculation,,9,Automated calculation,,9,-,163,<5,-,51,<5,-,163,0.18,-,104,0.06,-,104,0.51,-,146,3.61,-,160,n.d.,,,6,-,81,0.92,-,163,0,Estimation,51,2.9,-,143,0.5,-,163,330,-,1406,44,-,146,79,-,8,3.8,-,146,23,-,146,200,-,146,1.9,-,146,0.8,-,88,2.3,-,146,8.7,-,1406;1544,Nein
4,4743,811056,"Lamb (sheep), leg, raw (Switzerland, New Zealand)",,"Meat and offal/Lamb, mutton",,per 100g edible portion,647,Automated calculation,,155,Automated calculation,,8.2,-,146,4.4,-,146,3.7,-,146,0.9,-,146,65,-,146,0,Estimation,51,0,Estimation,51,n.d.,,,0,Estimation,51,20.2,-,146,0.2,Automated calculation,,0,Estimation,51,69.1,-,146,9,Automated calculation,,9,Automated calculation,,9,-,163,<5,-,51,<5,-,163,0.18,-,104,0.06,-,104,0.46,-,146,3.61,-,160,n.d.,,,6,-,81,0.92,-,163,0,Estimation,51,6.1,-,143,0.4,-,163,330,-,146,61,-,146,76,-,8,4.7,-,146,20,-,146,190,-,146,1.6,-,146,0.8,-,88,3.6,-,146,4.7,-,1544,Nein
18,4754,812059,"Lamb (sheep), racks, raw (Australia, New Zealand)",,"Meat and offal/Lamb, mutton",,per 100g edible portion,652,Automated calculation,,156,Automated calculation,,8.3,-,146,4.3,-,146,3.5,-,146,0.9,-,146,68,-,146,0,Estimation,51,0,Estimation,51,n.d.,,,0,Estimation,51,20.3,-,146,0.2,Automated calculation,,0,Estimation,51,67.6,-,146,9,Automated calculation,,9,Automated calculation,,9,-,163,<5,-,51,<5,-,163,0.18,-,104,0.06,-,104,0.61,-,146,3.61,-,160,1.2,-,160,6,-,81,0.57,-,163,0,Estimation,51,2.9,-,143,0.5,-,163,300,-,146,63,-,146,79,-,8,7.5,-,146,24,-,146,180,-,146,1.8,-,146,0.9,-,88,2.2,-,146,n.d.,,,Nein
372,3832,1000835,"Lamb's lettuce, raw",,Vegetables/Fresh vegetables,,per 100g edible portion,96,Automated calculation,,23,Automated calculation,,0.4,-,43,0.1,-,9,0,-,22,0.2,-,9,0,-,43,2,-,43,2,-,43,0,-,43,1.7,-,43,2,-,43,0,Automated calculation,,0,-,43,92.8,-,43,660,Automated calculation,,330,Automated calculation,,0,Estimation,51,3958,-,51;1662,3958,-,8;1669,0.09,-,43;1669,0.09,-,43,0.15,-,43;1669,0,-,43,0.4,-,43,81.4,-,43;1669,0.12,-,43;1669,24.3,-,43;1669,0,-,43,0.3,-,43,460,-,43,4,-,43,70,-,9,38,-,43,13,-,43,53,-,43,2.1,-,43,35,-,9,0.5,-,9,n.d.,,,Nein
1090,3693,,Landjäger sausage,,Sausages and cold meats/Raw sausage products,,per 100g edible portion,2030,Automated calculation,,491,Automated calculation,,42.7,-,1032,16.9,-,1032,19.1,-,1032,3.5,-,1032,86,-,1032,tr.,-,1032,tr.,-,1032,0,Estimation,1003,0,Estimation,1003,26.6,-,1032,3.5,Automated calculation,,0,Estimation,1003,26.6,-,1032,0,Automated calculation,,0,Automated calculation,,tr.,-,1003,n.d.,,,n.d.,,,0.23,-,1032,0.13,-,1032,0.22,-,1032,2,-,1032,5.5,-,1032,n.d.,,,0.7,-,1032,tr.,-,1032,1.6,-,1032,tr.,-,1032,320,-,1032,1410,-,1032,2260,-,1032,21,-,1032,21,-,1032,180,-,1032,1.9,-,1032,n.d.,,,3.9,-,1032,11,-,1032,Nein
1184,4679,,"Latte macchiato, no sugar added",,Milk and dairy products/Milk and yoghurt beverages;Non-alcoholic beverages/Coffee,0.88,per 100ml food volume,198,Automated calculation,,47,Automated calculation,,2.8,Calculation on the basis of ingredients,,1.7,Calculation on the basis of ingredients,,0.7,Calculation on the basis of ingredients,,0.1,Calculation on the basis of ingredients,,11,Calculation on the basis of ingredients,,3.2,Calculation on the basis of ingredients,,3.2,Calculation on the basis of ingredients,,0,Calculation on the basis of ingredients,,0,Calculation on the basis of ingredients,,2.2,Calculation on the basis of ingredients,,0.1,Automated calculation,,0,Calculation on the basis of ingredients,,91.6,Automated calculation,,32,Automated calculation,,31,Automated calculation,,30,Calculation on the basis of ingredients,,12,Calculation on the basis of ingredients,,13,Calculation on the basis of ingredients,,0.01,Calculation on the basis of ingredients,,0.15,Calculation on the basis of ingredients,,0.02,Calculation on the basis of ingredients,,0.11,Calculation on the basis of ingredients,,0.1,Calculation on the basis of ingredients,,3,Calculation on the basis of ingredients,,0.25,Calculation on the basis of ingredients,,0.7,Calculation on the basis of ingredients,,0,Calculation on the basis of ingredients,,0.09,Calculation on the basis of ingredients,,110,Calculation on the basis of ingredients,,27,Calculation on the basis of ingredients,,66,Calculation on the basis of ingredients,,84,Calculation on the basis of ingredients,,7.6,Calculation on the basis of ingredients,,63,Calculation on the basis of ingredients,,0,Calculation on the basis of ingredients,,6.6,Calculation on the basis of ingredients,,0.3,Calculation on the basis of ingredients,,n.d.,,,Ja
1127,4080,,"Leafy salad (average), raw ",,Vegetables/Fresh vegetables,,per 100g edible portion,76,Automated calculation,,18,Automated calculation,,0.3,Calculation on the basis of ingredients,,0.1,Calculation on the basis of ingredients,,0,Calculation on the basis of ingredients,,0.1,Calculation on the basis of ingredients,,0,Calculation on the basis of ingredients,,1.4,Calculation on the basis of ingredients,,1.4,Calculation on the basis of ingredients,,0,Calculation on the basis of ingredients,,1.9,Calculation on the basis of ingredients,,1.6,Calculation on the basis of ingredients,,0,Automated calculation,,0,Calculation on the basis of ingredients,,94.9,Automated calculation,,239,Automated calculation,,120,Automated calculation,,0,Calculation on the basis of ingredients,,1434,Calculation on the basis of ingredients,,1421,Calculation on the basis of ingredients,,0.06,Calculation on the basis of ingredients,,0.08,Calculation on the basis of ingredients,,0.08,Calculation on the basis of ingredients,,0,Calculation on the basis of ingredients,,0.37,Calculation on the basis of ingredients,,68.1,Calculation on the basis of ingredients,,0.17,Calculation on the basis of ingredients,,14.5,Calculation on the basis of ingredients,,0,Calculation on the basis of ingredients,,0.6,Calculation on the basis of ingredients,,270,Calculation on the basis of ingredients,,18,Calculation on the basis of ingredients,,36,Calculation on the basis of ingredients,,53,Calculation on the basis of ingredients,,13,Calculation on the basis of ingredients,,35,Calculation on the basis of ingredients,,1,Calculation on the basis of ingredients,,5.7,Calculation on the basis of ingredients,,0.3,Calculation on the basis of ingredients,,n.d.,,,Ja
1164,3652,,"Leafy vegetables (average excluding salads), boiled (without addition of salt and fat)",,Vegetables/Cooked vegetables (incl. cans),,per 100g edible portion,97,Automated calculation,,23,Automated calculation,,0.3,Calculation on the basis of ingredients,,0,Calculation on the basis of ingredients,,0,Calculation on the basis of ingredients,,0.1,Calculation on the basis of ingredients,,0,Calculation on the basis of ingredients,,2.4,Calculation on the basis of ingredients,,2.2,Calculation on the basis of ingredients,,0.2,Calculation on the basis of ingredients,,2.5,Calculation on the basis of ingredients,,1.6,Calculation on the basis of ingredients,,0,Automated calculation,,0,Calculation on the basis of ingredients,,93.3,Automated calculation,,92,Automated calculation,,46,Automated calculation,,0,Calculation on the basis of ingredients,,552,Calculation on the basis of ingredients,,492,Calculation on the basis of ingredients,,0.04,Calculation on the basis of ingredients,,0.04,Calculation on the basis of ingredients,,0.08,Calculation on the basis of ingredients,,0,Calculation on the basis of ingredients,,0.25,Calculation on the basis of ingredients,,30.3,Calculation on the basis of ingredients,,0.16,Calculation on the basis of ingredients,,13.3,Calculation on the basis of ingredients,,0,Calculation on the basis of ingredients,,1.03,Calculation on the basis of ingredients,,130,Calculation on the basis of ingredients,,16,Calculation on the basis of ingredients,,36,Calculation on the basis of ingredients,,48,Calculation on the basis of ingredients,,11,Calculation on the basis of ingredients,,33,Calculation on the basis of ingredients,,0.5,Calculation on the basis of ingredients,,2.3,Calculation on the basis of ingredients,,0.2,Calculation on the basis of ingredients,,n.d.,,,Ja
1165,3653,,"Leafy vegetables (average excluding salads), steamed (without addition of salt)",,Vegetables/Cooked vegetables (incl. cans),,per 100g edible portion,96,Automated calculation,,23,Automated calculation,,0.3,Calculation on the basis of ingredients,,0,Calculation on the basis of ingredients,,0,Calculation on the basis of ingredients,,0.1,Calculation on the basis of ingredients,,0,Calculation on the basis of ingredients,,2.4,Calculation on the basis of ingredients,,2.2,Calculation on the basis of ingredients,,0.2,Calculation on the basis of ingredients,,2.4,Calculation on the basis of ingredients,,1.6,Calculation on the basis of ingredients,,0,Automated calculation,,0,Calculation on the basis of ingredients,,93.4,Automated calculation,,91,Automated calculation,,46,Automated calculation,,0,Calculation on the basis of ingredients,,547,Calculation on the basis of ingredients,,487,Calculation on the basis of ingredients,,0.04,Calculation on the basis of ingredients,,0.06,Calculation on the basis of ingredients,,0.11,Calculation on the basis of ingredients,,0,Calculation on the basis of ingredients,,0.3,Calculation on the basis of ingredients,,36,Calculation on the basis of ingredients,,0.19,Calculation on the basis of ingredients,,18.1,Calculation on the basis of ingredients,,0,Calculation on the basis of ingredients,,1.02,Calculation on the basis of ingredients,,210,Calculation on the basis of ingredients,,18,Calculation on the basis of ingredients,,38,Calculation on the basis of ingredients,,48,Calculation on the basis of ingredients,,16,Calculation on the basis of ingredients,,34,Calculation on the basis of ingredients,,0.5,Calculation on the basis of ingredients,,2.4,Calculation on the basis of ingredients,,0.2,Calculation on the basis of ingredients,,n.d.,,,Ja
1166,3648,,"Leafy vegetables (average excluding salads), stewed (without addition of salt and fat)",,Vegetables/Cooked vegetables (incl. cans),,per 100g edible portion,101,Automated calculation,,24,Automated calculation,,0.3,Calculation on the basis of ingredients,,0.1,Calculation on the basis of ingredients,,0,Calculation on the basis of ingredients,,0.1,Calculation on the basis of ingredients,,0,Calculation on the basis of ingredients,,2.5,Calculation on the basis of ingredients,,2.3,Calculation on the basis of ingredients,,0.2,Calculation on the basis of ingredients,,2.6,Calculation on the basis of ingredients,,1.7,Calculation on the basis of ingredients,,0.1,Automated calculation,,0,Calculation on the basis of ingredients,,93,Automated calculation,,96,Automated calculation,,48,Automated calculation,,0,Calculation on the basis of ingredients,,576,Calculation on the basis of ingredients,,513,Calculation on the basis of ingredients,,0.05,Calculation on the basis of ingredients,,0.06,Calculation on the basis of ingredients,,0.12,Calculation on the basis of ingredients,,0,Calculation on the basis of ingredients,,0.37,Calculation on the basis of ingredients,,44.3,Calculation on the basis of ingredients,,0.21,Calculation on the basis of ingredients,,20.8,Calculation on the basis of ingredients,,0,Calculation on the basis of ingredients,,1.08,Calculation on the basis of ingredients,,260,Calculation on the basis of ingredients,,22,Calculation on the basis of ingredients,,42,Calculation on the basis of ingredients,,53,Calculation on the basis of ingredients,,19,Calculation on the basis of ingredients,,38,Calculation on the basis of ingredients,,0.7,Calculation on the basis of ingredients,,2.7,Calculation on the basis of ingredients,,0.3,Calculation on the basis of ingredients,,n.d.,,,Ja
880,3660,1001552,Lebkuchen,,Sweets/Other sweet pastries,,per 100g edible portion,1700,Automated calculation,,404,Automated calculation,,13.8,-,9,1.4,-,9,7.9,-,9,3.6,-,9,27,-,9,61.6,-,9,41.2,-,9,19.6,-,9,4.2,-,9,6.5,-,9,0.3,Automated calculation,,0,-,9,12.1,-,9,142,Automated calculation,,94,Automated calculation,,46,-,8,578,Estimation,51,578,-,8,0.07,-,9,0.11,-,9,0.12,-,9,0,-,9,0.91,-,9,11,-,9,0.31,-,9,2.7,-,9,0,-,9,6.68,-,9,310,-,9,120,-,9,31,-,9,69,-,9,45,-,9,200,-,9,1.9,-,9,2.2,-,9,0.9,-,9,n.d.,,,Nein
993,3622,,"Lebkuchen, chocolate covered",,Sweets/Other sweet pastries,,per 100g edible portion,1860,Automated calculation,,444,Automated calculation,,18.9,Calculation on the basis of ingredients,,6.8,Calculation on the basis of ingredients,,8.7,Calculation on the basis of ingredients,,2.9,Calculation on the basis of ingredients,,22,Calculation on the basis of ingredients,,60.2,Calculation on the basis of ingredients,,45.4,Calculation on the basis of ingredients,,13.9,Calculation on the basis of ingredients,,3.5,Calculation on the basis of ingredients,,6.5,Calculation on the basis of ingredients,,0.4,Automated calculation,,0,Calculation on the basis of ingredients,,10.9,Automated calculation,,119,Automated calculation,,85,Automated calculation,,50,Calculation on the basis of ingredients,,415,Calculation on the basis of ingredients,,415,Calculation on the basis of ingredients,,0.07,Calculation on the basis of ingredients,,0.19,Calculation on the basis of ingredients,,0.09,Calculation on the basis of ingredients,,0,Calculation on the basis of ingredients,,0.75,Calculation on the basis of ingredients,,9.8,Calculation on the basis of ingredients,,0.28,Calculation on the basis of ingredients,,2.7,Calculation on the basis of ingredients,,0,Calculation on the basis of ingredients,,4.75,Calculation on the basis of ingredients,,410,Calculation on the basis of ingredients,,140,Calculation on the basis of ingredients,,61,Calculation on the basis of ingredients,,120,Calculation on the basis of ingredients,,48,Calculation on the basis of ingredients,,210,Calculation on the basis of ingredients,,2,Calculation on the basis of ingredients,,6.6,Calculation on the basis of ingredients,,1.1,Calculation on the basis of ingredients,,n.d.,,,Nein
358,3827,1000821,"Leek, raw",,Vegetables/Fresh vegetables,,per 100g edible portion,124,Automated calculation,,30,Automated calculation,,0.3,-,43,tr.,-,43,tr.,-,43,0.2,-,43,0,-,43,3.7,-,43,3.5,-,43,0.2,-,43,2.8,-,43,1.6,-,43,0,Automated calculation,,0,-,43,90.5,-,43,15,Automated calculation,,7,Automated calculation,,0,Estimation,51,87,Estimation,51,136,-,89;1669,0.12,-,43;1669,0.04,-,43,0.3,-,43;1669,0,-,43,0.4,-,43,96,-,43,0.14,-,43;1669,19.2,-,43;1669,0,-,43,0.73,-,43,260,-,43,12,-,43,24,-,36,31,-,43,11,-,43,35,-,43,0.9,-,43,8.6,-,36,0.3,-,36,n.d.,,,Nein
1015,4247,,"Leek, stewed (without addition of fat and salt)",,Vegetables/Cooked vegetables (incl. cans),,per 100g edible portion,139,Automated calculation,,33,Automated calculation,,0.3,Calculation on the basis of ingredients,,0,Calculation on the basis of ingredients,,0,Calculation on the basis of ingredients,,0.2,Calculation on the basis of ingredients,,0,Calculation on the basis of ingredients,,4.2,Calculation on the basis of ingredients,,3.9,Calculation on the basis of ingredients,,0.2,Calculation on the basis of ingredients,,3.1,Calculation on the basis of ingredients,,1.8,Calculation on the basis of ingredients,,0,Automated calculation,,0,Calculation on the basis of ingredients,,90.6,Automated calculation,,16,Automated calculation,,8,Automated calculation,,0,Calculation on the basis of ingredients,,98,Calculation on the basis of ingredients,,138,Calculation on the basis of ingredients,,0.11,Calculation on the basis of ingredients,,0.04,Calculation on the basis of ingredients,,0.3,Calculation on the basis of ingredients,,0,Calculation on the basis of ingredients,,0.43,Calculation on the basis of ingredients,,53.9,Calculation on the basis of ingredients,,0.14,Calculation on the basis of ingredients,,18.3,Calculation on the basis of ingredients,,0,Calculation on the basis of ingredients,,0.82,Calculation on the basis of ingredients,,290,Calculation on the basis of ingredients,,13,Calculation on the basis of ingredients,,27,Calculation on the basis of ingredients,,35,Calculation on the basis of ingredients,,12,Calculation on the basis of ingredients,,39,Calculation on the basis of ingredients,,1,Calculation on the basis of ingredients,,9.7,Calculation on the basis of ingredients,,0.4,Calculation on the basis of ingredients,,n.d.,,,Ja
1134,3666,,"Legumes/Pulses (average), cooked (without addition of fat and salt)",,"Cereal products, pulses and potatoes/Pulses",,per 100g edible portion,550,Automated calculation,,131,Automated calculation,,1.9,Calculation on the basis of ingredients,,0.3,Calculation on the basis of ingredients,,0.4,Calculation on the basis of ingredients,,1,Calculation on the basis of ingredients,,0,Calculation on the basis of ingredients,,15.4,Calculation on the basis of ingredients,,1.7,Calculation on the basis of ingredients,,13.3,Calculation on the basis of ingredients,,6.5,Calculation on the basis of ingredients,,9.8,Calculation on the basis of ingredients,,0,Automated calculation,,0,Calculation on the basis of ingredients,,66.7,Automated calculation,,8,Automated calculation,,4,Automated calculation,,0,Calculation on the basis of ingredients,,47,Calculation on the basis of ingredients,,47,Calculation on the basis of ingredients,,0.16,Calculation on the basis of ingredients,,0.06,Calculation on the basis of ingredients,,0.1,Calculation on the basis of ingredients,,0,Calculation on the basis of ingredients,,0.66,Calculation on the basis of ingredients,,46.8,Calculation on the basis of ingredients,,0.24,Calculation on the basis of ingredients,,2.2,Calculation on the basis of ingredients,,0,Calculation on the basis of ingredients,,0.25,Calculation on the basis of ingredients,,350,Calculation on the basis of ingredients,,1.8,Calculation on the basis of ingredients,,24,Calculation on the basis of ingredients,,36,Calculation on the basis of ingredients,,44,Calculation on the basis of ingredients,,150,Calculation on the basis of ingredients,,2,Calculation on the basis of ingredients,,0.7,Calculation on the basis of ingredients,,1.1,Calculation on the basis of ingredients,,n.d.,,,Ja
1133,4097,,"Legumes/Pulses, (average) dried",,"Cereal products, pulses and potatoes/Pulses",,per 100g edible portion,1410,Automated calculation,,335,Automated calculation,,4.9,Calculation on the basis of ingredients,,0.7,Calculation on the basis of ingredients,,1,Calculation on the basis of ingredients,,2.7,Calculation on the basis of ingredients,,0,Calculation on the basis of ingredients,,39.3,Calculation on the basis of ingredients,,4.4,Calculation on the basis of ingredients,,34.1,Calculation on the basis of ingredients,,16.5,Calculation on the basis of ingredients,,25.1,Calculation on the basis of ingredients,,0,Automated calculation,,0,Calculation on the basis of ingredients,,14.7,Automated calculation,,20,Automated calculation,,10,Automated calculation,,0,Calculation on the basis of ingredients,,120,Calculation on the basis of ingredients,,119,Calculation on the basis of ingredients,,0.65,Calculation on the basis of ingredients,,0.2,Calculation on the basis of ingredients,,0.37,Calculation on the basis of ingredients,,0,Calculation on the basis of ingredients,,2.58,Calculation on the basis of ingredients,,239.7,Calculation on the basis of ingredients,,1.14,Calculation on the basis of ingredients,,9.5,Calculation on the basis of ingredients,,0,Calculation on the basis of ingredients,,0.71,Calculation on the basis of ingredients,,1200,Calculation on the basis of ingredients,,4,Calculation on the basis of ingredients,,60,Calculation on the basis of ingredients,,96,Calculation on the basis of ingredients,,130,Calculation on the basis of ingredients,,420,Calculation on the basis of ingredients,,6,Calculation on the basis of ingredients,,1.8,Calculation on the basis of ingredients,,3.2,Calculation on the basis of ingredients,,n.d.,,,Ja
10534,,,Lemon Curd,,Sweets/Creams and puddings,,per 100g edible portion,1340,Automated calculation,,321,Automated calculation,,16.2,Calculation on the basis of ingredients,,7.9,Calculation on the basis of ingredients,,4.5,Calculation on the basis of ingredients,,1.4,Calculation on the basis of ingredients,,256,Calculation on the basis of ingredients,,37.5,Calculation on the basis of ingredients,,37.5,Calculation on the basis of ingredients,,0,Calculation on the basis of ingredients,,0.1,Calculation on the basis of ingredients,,6,Calculation on the basis of ingredients,,0.2,Automated calculation,,0,Calculation on the basis of ingredients,,40.1,Automated calculation,,190,Automated calculation,,185,Automated calculation,,180,Calculation on the basis of ingredients,,59,Calculation on the basis of ingredients,,52,Calculation on the basis of ingredients,,0.05,Calculation on the basis of ingredients,,0.13,Calculation on the basis of ingredients,,0.05,Calculation on the basis of ingredients,,0.54,Calculation on the basis of ingredients,,0.05,Calculation on the basis of ingredients,,28.7,Calculation on the basis of ingredients,,0.94,Calculation on the basis of ingredients,,5.4,Calculation on the basis of ingredients,,1.5,Calculation on the basis of ingredients,,0.42,Calculation on the basis of ingredients,,82,Calculation on the basis of ingredients,,72,Calculation on the basis of ingredients,,88,Calculation on the basis of ingredients,,30,Calculation on the basis of ingredients,,9.4,Calculation on the basis of ingredients,,100,Calculation on the basis of ingredients,,0.9,Calculation on the basis of ingredients,,15,Calculation on the basis of ingredients,,0.7,Calculation on the basis of ingredients,,n.d.,,,Ja
398,4153,1000862,"Lemon, fresh",,Fruit/Fresh fruit,,per 100g edible portion,96,Automated calculation,,23,Automated calculation,,0.5,-,1008,0.1,-,1008,0,-,1008,0.1,-,1008,0,-,43,2.9,-,1008,2.5,-,43,0,-,43,2,-,1008,0.8,-,1008,0,Automated calculation,,0,-,43,90,-,1008,1,Automated calculation,,1,Automated calculation,,0,Estimation,51,8,Estimation,51,0,-,134,0.05,-,43,0.02,-,43,0.07,-,43,0,-,43,0.2,-,43,9,-,43,0.2,-,43,52,-,43,0,-,43,0.8,-,43,150,-,43,4,-,43,4.5,-,36,25,-,43,16,-,43,18,-,43,0.5,-,43,1.5,-,36,0.1,-,36,n.d.,,,Nein
605,3634,1001144,Lemon juice,,Fruit/Fruit juices;Non-alcoholic beverages/Fruit and vegetable juices,1,per 100ml food volume,125,Automated calculation,,30,Automated calculation,,0.3,-,5,0,-,5,0,-,5,0.1,-,5,0,Estimation,51,6.1,-,5,6.1,-,22,0,-,5,0.4,-,5,0.4,-,5,0.1,Automated calculation,,0,-,5,92.5,-,5,1,Automated calculation,,1,Automated calculation,,0,Estimation,51,9,Estimation,51,2,-,156,0.04,-,5,0.01,-,5,0.04,-,5,0,-,9,0.12,-,9,10,-,5,0.19,-,9,25,-,5,0,-,5,0.09,-,5,100,-,5,21,-,5,4,-,9,11,-,5,24,-,9,9,-,5,0.1,-,5,0.6,-,1007,0.1,-,5,n.d.,,,Nein
13386,,,"Lentil, split, cooked (without addition of fat and salt)",,"Cereal products, pulses and potatoes/Pulses",,per 100g edible portion,589,Automated calculation,,139,Automated calculation,,0.6,Calculation on the basis of ingredients,,0.1,Calculation on the basis of ingredients,,0.1,Calculation on the basis of ingredients,,0.2,Calculation on the basis of ingredients,,0,Calculation on the basis of ingredients,,20,Calculation on the basis of ingredients,,0.9,Calculation on the basis of ingredients,,18,Calculation on the basis of ingredients,,4.3,Calculation on the basis of ingredients,,11.3,Calculation on the basis of ingredients,,0,Automated calculation,,0,Calculation on the basis of ingredients,,63.8,Automated calculation,,3,Automated calculation,,1,Automated calculation,,0,Calculation on the basis of ingredients,,17,Calculation on the basis of ingredients,,17,Calculation on the basis of ingredients,,0.18,Calculation on the basis of ingredients,,0.06,Calculation on the basis of ingredients,,0.09,Calculation on the basis of ingredients,,0,Calculation on the basis of ingredients,,0.6,Calculation on the basis of ingredients,,18.3,Calculation on the basis of ingredients,,0.17,Calculation on the basis of ingredients,,1.2,Calculation on the basis of ingredients,,0,Calculation on the basis of ingredients,,0.11,Calculation on the basis of ingredients,,280,Calculation on the basis of ingredients,,1,Calculation on the basis of ingredients,,36,Calculation on the basis of ingredients,,16,Calculation on the basis of ingredients,,30,Calculation on the basis of ingredients,,150,Calculation on the basis of ingredients,,2,Calculation on the basis of ingredients,,0.3,Calculation on the basis of ingredients,,1.1,Calculation on the basis of ingredients,,n.d.,,,Ja
13385,,,"Lentil, split, dried",,"Cereal products, pulses and potatoes/Pulses",,per 100g edible portion,1410,Automated calculation,,334,Automated calculation,,1.5,-,1649,0.3,-,1649,0.3,-,1649,0.5,-,1649,0,Estimation,1648,48,-,1649,2.2,Estimation,1648,43.3,Estimation,1648,10.4,-,1649,27,-,1649,0,Automated calculation,,0,Estimation,1648,10.9,-,1649,7,Automated calculation,,3,Automated calculation,,0,Estimation,1648,40,-,1649,40,-,1649,0.68,-,1642;1649,0.18,-,1649,0.32,-,1642;1649,0,Estimation,1648,2.2,-,1649,88,-,1649,0.74,-,1642;1650,4.7,-,1649,0,-,1650,0.29,-,1649,900,-,1542;1649,1.4,-,1542;1649,84,Estimation,,33,-,1542;1649,83,-,1542;1649,390,-,1542;1649,5.6,-,1542;1649,0.7,-,1007,3,-,1649,n.d.,,,Nein
1060,4285,,"Lentil, whole, cooked (without addition of fat and salt)",,"Cereal products, pulses and potatoes/Pulses",,per 100g edible portion,501,Automated calculation,,119,Automated calculation,,0.5,Calculation on the basis of ingredients,,0.1,Calculation on the basis of ingredients,,0.1,Calculation on the basis of ingredients,,0.2,Calculation on the basis of ingredients,,0,Calculation on the basis of ingredients,,16.4,Calculation on the basis of ingredients,,0.4,Calculation on the basis of ingredients,,16,Calculation on the basis of ingredients,,6.2,Calculation on the basis of ingredients,,8.9,Calculation on the basis of ingredients,,0,Automated calculation,,0,Calculation on the basis of ingredients,,67.9,Automated calculation,,1,Automated calculation,,1,Automated calculation,,0,Calculation on the basis of ingredients,,8,Calculation on the basis of ingredients,,8,Calculation on the basis of ingredients,,0.13,Calculation on the basis of ingredients,,0.04,Calculation on the basis of ingredients,,0.06,Calculation on the basis of ingredients,,0,Calculation on the basis of ingredients,,0.6,Calculation on the basis of ingredients,,27.5,Calculation on the basis of ingredients,,0.28,Calculation on the basis of ingredients,,1.5,Calculation on the basis of ingredients,,0,Calculation on the basis of ingredients,,0.1,Calculation on the basis of ingredients,,240,Calculation on the basis of ingredients,,1.1,Calculation on the basis of ingredients,,31,Calculation on the basis of ingredients,,22,Calculation on the basis of ingredients,,31,Calculation on the basis of ingredients,,130,Calculation on the basis of ingredients,,2.5,Calculation on the basis of ingredients,,0.3,Calculation on the basis of ingredients,,1.2,Calculation on the basis of ingredients,,n.d.,,,Ja
370,4016,1000833,"Lentil, whole, dried",,"Cereal products, pulses and potatoes/Pulses",,per 100g edible portion,1370,Automated calculation,,324,Automated calculation,,1.5,-,1649,0.2,-,1649,0.3,-,1649,0.6,-,1649,0,Estimation,1648,44.8,-,1649,1.1,Estimation,1648,43.7,Estimation,1648,17,-,1649,24.4,-,1649,0,Automated calculation,,0,Estimation,1648,9.7,-,1649,4,Automated calculation,,2,Automated calculation,,0,Estimation,1648,21,-,1649,21,-,1649,0.53,-,1642;1649,0.13,-,1649,0.23,-,1642;1649,0,Estimation,1648,2.5,-,1649,150,-,1649,1.39,-,1642;1643,6.8,-,1649,0,-,1643,0.29,-,1649,860,-,1542;1649,1.7,-,1542;1649,84,-,9,57,-,1542;1649,96,-,1542;1649,400,-,1542;1649,8,-,1542;1649,0.7,-,1007,3.6,-,1649,n.d.,,,Nein
531,3897,1001045,Limburger (Münster) cheese,,Milk and dairy products/Hard cheese,,per 100g edible portion,1140,Automated calculation,,273,Automated calculation,,21.4,-,184,12.8,-,184,5,-,184,0.9,-,184,64,-,184,0,Estimation,1408,0,Estimation,1408,0,-,22,0,-,22,20,Estimation,1662,1.9,Automated calculation,,0,-,22,55.9,-,184,245,Automated calculation,,235,Automated calculation,,225,Estimation,51,120,Estimation,51,120,-,8,0.01,-,184,0.46,-,184,0.25,-,184,2.18,-,9,0.21,-,9,53.4,-,9,0.42,-,9,tr.,-,22,0.4,-,35,0.38,-,184,90,-,184,760,-,184,1390,-,184,230,-,184,15,-,184,220,-,184,0.1,-,184,20,-,9,1.9,-,184,n.d.,,,Nein
277,4128,841011,Linseed,,"Nuts, seeds and oleaginous fruit",,per 100g edible portion,1950,Automated calculation,,472,Automated calculation,,33.6,-,68,2.9,Estimation,1002;1003,6.1,Estimation,1002;1003,23.1,Estimation,1002;1003,0,-,156,10.8,Estimation,1003,1.6,-,156,0,-,8,27.3,-,156,17.9,-,68,0.1,Automated calculation,,0,Estimation,51,6.4,-,68,0,Automated calculation,,0,Automated calculation,,0,Estimation,51,0,Estimation,51,0,-,156,1.64,-,156,0.16,-,156,0.47,-,156,0,-,156,3.1,-,156,87,-,156,0.99,-,156,1,-,156,0,-,8,14.38,-,68,680,-,156;1542,40,-,156;1542,60,-,8,240,-,156;1542,320,-,156;1542,530,-,156;1542,6.3,-,156;1542,10,-,8,4.3,-,156,n.d.,,,Nein
900,3568,1001573,Linzertorte (Pastry base covered with raspberry sweetmeat),,Sweets/Cakes and tarts,,per 100g edible portion,1770,Automated calculation,,424,Automated calculation,,23.6,-,9,9.2,-,9,10.4,-,9,2.5,-,9,97,-,9,43.7,-,9,25.9,-,9,17.7,-,9,3.7,-,9,7.5,-,9,0.2,Automated calculation,,0,-,9,20.3,-,9,153,Automated calculation,,145,Automated calculation,,138,-,8,89,Estimation,51,89,-,8,0.05,-,9,0.13,-,9,0.07,-,9,tr.,-,9,0.82,-,9,14,-,9,0.3,-,9,0.3,-,9,1,-,9,4.8,-,9,200,-,9,70,-,9,52,-,9,63,-,9,45,-,9,160,-,9,1.5,-,9,3.1,-,9,1,-,9,n.d.,,,Nein
13320,,,"Liver (average of beef, veal, pork), pan fried (without addition of fat and salt)",,Meat and offal,,per 100g edible portion,690,Automated calculation,,164,Automated calculation,,5.3,Calculation on the basis of ingredients,,1.8,Calculation on the basis of ingredients,,0.8,Calculation on the basis of ingredients,,1.4,Calculation on the basis of ingredients,,430,Calculation on the basis of ingredients,,4.4,Calculation on the basis of ingredients,,0,Calculation on the basis of ingredients,,0.4,Calculation on the basis of ingredients,,0,Calculation on the basis of ingredients,,24.7,Calculation on the basis of ingredients,,0.2,Automated calculation,,0,Calculation on the basis of ingredients,,65.6,Automated calculation,,11064,Automated calculation,,11026,Automated calculation,,10988,Calculation on the basis of ingredients,,456,Calculation on the basis of ingredients,,4,Calculation on the basis of ingredients,,0.29,Calculation on the basis of ingredients,,3.33,Calculation on the basis of ingredients,,0.75,Calculation on the basis of ingredients,,50,Calculation on the basis of ingredients,,15.6,Calculation on the basis of ingredients,,205.9,Calculation on the basis of ingredients,,7.6,Calculation on the basis of ingredients,,21,Calculation on the basis of ingredients,,0.8,Calculation on the basis of ingredients,,0.64,Calculation on the basis of ingredients,,290,Calculation on the basis of ingredients,,90,Calculation on the basis of ingredients,,100,Calculation on the basis of ingredients,,9.6,Calculation on the basis of ingredients,,20,Calculation on the basis of ingredients,,360,Calculation on the basis of ingredients,,13,Calculation on the basis of ingredients,,13,Calculation on the basis of ingredients,,5.3,Calculation on the basis of ingredients,,n.d.,,,Ja
10377,,,"Liver (average of beef, veal, pork), raw",,Meat and offal/Poultry;Meat and offal/Veal;Meat and offal/Beef;Meat and offal/Pork,,per 100g edible portion,566,Automated calculation,,134,Automated calculation,,4.3,Calculation on the basis of ingredients,,1.5,Calculation on the basis of ingredients,,0.7,Calculation on the basis of ingredients,,1.1,Calculation on the basis of ingredients,,353,Calculation on the basis of ingredients,,3.6,Calculation on the basis of ingredients,,0,Calculation on the basis of ingredients,,0.3,Calculation on the basis of ingredients,,0,Calculation on the basis of ingredients,,20.3,Calculation on the basis of ingredients,,0.2,Automated calculation,,0,Calculation on the basis of ingredients,,71.8,Automated calculation,,9072,Automated calculation,,9041,Automated calculation,,9010,Calculation on the basis of ingredients,,374,Calculation on the basis of ingredients,,4,Calculation on the basis of ingredients,,0.28,Calculation on the basis of ingredients,,2.87,Calculation on the basis of ingredients,,0.77,Calculation on the basis of ingredients,,54.67,Calculation on the basis of ingredients,,15.05,Calculation on the basis of ingredients,,198.7,Calculation on the basis of ingredients,,7.33,Calculation on the basis of ingredients,,23,Calculation on the basis of ingredients,,0.7,Calculation on the basis of ingredients,,0.53,Calculation on the basis of ingredients,,320,Calculation on the basis of ingredients,,87,Calculation on the basis of ingredients,,83,Calculation on the basis of ingredients,,7.9,Calculation on the basis of ingredients,,20,Calculation on the basis of ingredients,,360,Calculation on the basis of ingredients,,11,Calculation on the basis of ingredients,,10,Calculation on the basis of ingredients,,5.1,Calculation on the basis of ingredients,,n.d.,,,Ja
776,4102,1001426,Liver sausage,,Sausages and cold meats/Cooked sausage products,,per 100g edible portion,1210,Automated calculation,,291,Automated calculation,,22.8,Calculation on the basis of ingredients,,8.6,Calculation on the basis of ingredients,,10.4,Calculation on the basis of ingredients,,2.6,Calculation on the basis of ingredients,,111,Calculation on the basis of ingredients,,0.6,Calculation on the basis of ingredients,,0.4,Calculation on the basis of ingredients,,0.2,Calculation on the basis of ingredients,,0.2,Calculation on the basis of ingredients,,20.8,Calculation on the basis of ingredients,,2.2,Automated calculation,,0,Calculation on the basis of ingredients,,55.6,Automated calculation,,1907,Automated calculation,,1907,Automated calculation,,1907,Calculation on the basis of ingredients,,3,Calculation on the basis of ingredients,,3,Calculation on the basis of ingredients,,0.23,Calculation on the basis of ingredients,,0.64,Calculation on the basis of ingredients,,0.24,Calculation on the basis of ingredients,,5.14,Calculation on the basis of ingredients,,4.16,Calculation on the basis of ingredients,,19,Calculation on the basis of ingredients,,1.21,Calculation on the basis of ingredients,,4,Calculation on the basis of ingredients,,0,Calculation on the basis of ingredients,,0.52,Calculation on the basis of ingredients,,170,Calculation on the basis of ingredients,,860,Calculation on the basis of ingredients,,1280,Calculation on the basis of ingredients,,5.1,Calculation on the basis of ingredients,,16,Calculation on the basis of ingredients,,130,Calculation on the basis of ingredients,,3.6,Calculation on the basis of ingredients,,4.3,Calculation on the basis of ingredients,,2,Calculation on the basis of ingredients,,n.d.,,,Ja
786,4094,1001439,Luganighe,,Sausages and cold meats/Raw sausage products,,per 100g edible portion,1940,Automated calculation,,468,Automated calculation,,43.9,Calculation on the basis of ingredients,,16.3,Calculation on the basis of ingredients,,20.7,Calculation on the basis of ingredients,,4.5,Calculation on the basis of ingredients,,67,Calculation on the basis of ingredients,,0.5,Calculation on the basis of ingredients,,0.5,Calculation on the basis of ingredients,,0,Calculation on the basis of ingredients,,0,Calculation on the basis of ingredients,,17.4,Calculation on the basis of ingredients,,2.5,Automated calculation,,0.2,Calculation on the basis of ingredients,,38,Automated calculation,,6,Automated calculation,,6,Automated calculation,,6,Calculation on the basis of ingredients,,2,Calculation on the basis of ingredients,,2,Calculation on the basis of ingredients,,0.51,Calculation on the basis of ingredients,,0.19,Calculation on the basis of ingredients,,0.28,Calculation on the basis of ingredients,,2.12,Calculation on the basis of ingredients,,4.33,Calculation on the basis of ingredients,,1.9,Calculation on the basis of ingredients,,0.47,Calculation on the basis of ingredients,,59.5,Calculation on the basis of ingredients,,0,Calculation on the basis of ingredients,,0.58,Calculation on the basis of ingredients,,200,Calculation on the basis of ingredients,,980,Calculation on the basis of ingredients,,1440,Calculation on the basis of ingredients,,3.8,Calculation on the basis of ingredients,,19,Calculation on the basis of ingredients,,99,Calculation on the basis of ingredients,,1.1,Calculation on the basis of ingredients,,1.1,Calculation on the basis of ingredients,,2,Calculation on the basis of ingredients,,n.d.,,,Ja
1084,4303,,Luncheon meat,,Sausages and cold meats/Boiled sausage products,,per 100g edible portion,1060,Automated calculation,,256,Automated calculation,,22.3,-,1032,8.8,-,1032,10.8,-,1032,2,-,1032,51,-,1032,1.4,-,1032,1.4,-,1011,0,Estimation,1003,0,Estimation,1003,12.5,-,1032,2.3,Automated calculation,,0,Estimation,1003,60.1,-,1032,1,Automated calculation,,1,Automated calculation,,tr.,-,1003,8,Estimation,,8,Estimation,,0.24,-,1032,0.11,-,1032,0.13,-,1032,0.5,-,1032,3.1,-,1032,2.4,Estimation,,0.4,-,1032,41.9,-,1032,0.9,-,1032,tr.,-,1032,100,-,22,900,-,1032,1170,-,1032,19,-,1032,12,-,1032,190,-,1032,0.5,-,1032,1.5,Estimation,,1.4,-,1032,6,-,1032,Nein
832,4324,1001501,Lye roll,,"Bread, flakes and breakfast cereals/Bread and bread products",,per 100g edible portion,1190,Automated calculation,,282,Automated calculation,,4.9,Calculation on the basis of ingredients,,0.9,Calculation on the basis of ingredients,,1.8,Calculation on the basis of ingredients,,1.9,Calculation on the basis of ingredients,,1,Calculation on the basis of ingredients,,48.9,Calculation on the basis of ingredients,,2.2,Calculation on the basis of ingredients,,46.2,Calculation on the basis of ingredients,,2.3,Calculation on the basis of ingredients,,9.3,Calculation on the basis of ingredients,,1.5,Automated calculation,,0,Calculation on the basis of ingredients,,35.3,Automated calculation,,0,Automated calculation,,0,Automated calculation,,0,Calculation on the basis of ingredients,,1,Calculation on the basis of ingredients,,1,Calculation on the basis of ingredients,,0.14,Calculation on the basis of ingredients,,0.12,Calculation on the basis of ingredients,,0.06,Calculation on the basis of ingredients,,0.09,Calculation on the basis of ingredients,,0.71,Calculation on the basis of ingredients,,20.3,Calculation on the basis of ingredients,,0.4,Calculation on the basis of ingredients,,0.1,Calculation on the basis of ingredients,,0,Calculation on the basis of ingredients,,1.05,Calculation on the basis of ingredients,,190,Calculation on the basis of ingredients,,610,Calculation on the basis of ingredients,,970,Calculation on the basis of ingredients,,57,Calculation on the basis of ingredients,,15,Calculation on the basis of ingredients,,89,Calculation on the basis of ingredients,,0.5,Calculation on the basis of ingredients,,39,Calculation on the basis of ingredients,,0.6,Calculation on the basis of ingredients,,n.d.,,,Ja
1083,4304,,Lyoner sausage,Bologna sausage,Sausages and cold meats/Boiled sausage products,,per 100g edible portion,1010,Automated calculation,,244,Automated calculation,,21.8,-,1032,8.2,-,1032,10.2,-,1032,1.6,-,1032,46,-,1032,0.5,-,1032,0.5,-,1011,0,Estimation,1003,0,Estimation,1003,11.5,-,1032,2.1,Automated calculation,,0,Estimation,1003,62.9,-,1032,0,Automated calculation,,0,Automated calculation,,tr.,-,1003,n.d.,,,n.d.,,,0.24,-,1032,0.12,-,1032,0.16,-,1032,0.7,-,1032,2.6,-,1032,n.d.,,,0.5,-,1032,39.7,-,1032,1,-,1032,tr.,-,1032,170,-,1032,850,-,1032,1160,-,1032,6.5,-,1032,11,-,1032,180,-,1032,0.5,-,1032,n.d.,,,1.3,-,1032,6.1,-,1032,Nein
1092,3800,,Lyoner sausage (poultry),Bologna sausage (poultry),Sausages and cold meats/Boiled sausage products,,per 100g edible portion,852,Automated calculation,,205,Automated calculation,,16.4,-,1032,5.1,-,1032,7.5,-,1032,2.3,-,1032,65,-,1032,0.9,-,1032,0.9,-,1011,0,Estimation,1003,0,Estimation,1003,13.5,-,1032,2.3,Automated calculation,,0,Estimation,1003,65.3,-,1032,0,Automated calculation,,0,Automated calculation,,tr.,-,1003,n.d.,,,n.d.,,,0.05,-,1032,0.11,-,1032,0.18,-,1032,0.9,-,1032,4.6,-,1032,n.d.,,,0.9,-,1032,36.3,-,1032,tr.,-,1032,tr.,-,1032,210,-,1032,920,-,1032,1190,-,1032,13,-,1032,17,-,1032,210,-,1032,0.5,-,1032,n.d.,,,1.1,-,1032,8.6,-,1032,Nein
1478,,,"Macaroni from the alps, prepared",,Prepared dishes/Other savoury dishes,,per 100g edible portion,766,Automated calculation,,183,Automated calculation,,9,Calculation on the basis of ingredients,,5.3,Calculation on the basis of ingredients,,2.1,Calculation on the basis of ingredients,,0.5,Calculation on the basis of ingredients,,26,Calculation on the basis of ingredients,,18.6,Calculation on the basis of ingredients,,1.4,Calculation on the basis of ingredients,,17.1,Calculation on the basis of ingredients,,1.7,Calculation on the basis of ingredients,,6,Calculation on the basis of ingredients,,1.1,Automated calculation,,0,Calculation on the basis of ingredients,,64.8,Automated calculation,,88,Automated calculation,,85,Automated calculation,,82,Calculation on the basis of ingredients,,33,Calculation on the basis of ingredients,,31,Calculation on the basis of ingredients,,0.04,Calculation on the basis of ingredients,,0.09,Calculation on the basis of ingredients,,0.09,Calculation on the basis of ingredients,,0.22,Calculation on the basis of ingredients,,0.7,Calculation on the basis of ingredients,,9.1,Calculation on the basis of ingredients,,0.25,Calculation on the basis of ingredients,,3.1,Calculation on the basis of ingredients,,0.2,Calculation on the basis of ingredients,,0.2,Calculation on the basis of ingredients,,160,Calculation on the basis of ingredients,,440,Calculation on the basis of ingredients,,690,Calculation on the basis of ingredients,,120,Calculation on the basis of ingredients,,20,Calculation on the basis of ingredients,,120,Calculation on the basis of ingredients,,0.4,Calculation on the basis of ingredients,,6.6,Calculation on the basis of ingredients,,0.8,Calculation on the basis of ingredients,,n.d.,,,Nein
878,3711,,Madeleine biscuit,,Sweets/Other sweet pastries,,per 100g edible portion,1460,Automated calculation,,346,Automated calculation,,11.6,Calculation on the basis of ingredients,,6.3,Calculation on the basis of ingredients,,2.9,Calculation on the basis of ingredients,,1,Calculation on the basis of ingredients,,99,Calculation on the basis of ingredients,,52.2,Calculation on the basis of ingredients,,22.3,Calculation on the basis of ingredients,,29.6,Calculation on the basis of ingredients,,1.4,Calculation on the basis of ingredients,,7.5,Calculation on the basis of ingredients,,0.3,Automated calculation,,0,Calculation on the basis of ingredients,,27.7,Automated calculation,,124,Automated calculation,,120,Automated calculation,,116,Calculation on the basis of ingredients,,45,Calculation on the basis of ingredients,,38,Calculation on the basis of ingredients,,0.07,Calculation on the basis of ingredients,,0.09,Calculation on the basis of ingredients,,0.04,Calculation on the basis of ingredients,,0.25,Calculation on the basis of ingredients,,0.31,Calculation on the basis of ingredients,,7.9,Calculation on the basis of ingredients,,0.43,Calculation on the basis of ingredients,,0.1,Calculation on the basis of ingredients,,0.6,Calculation on the basis of ingredients,,0.29,Calculation on the basis of ingredients,,130,Calculation on the basis of ingredients,,130,Calculation on the basis of ingredients,,220,Calculation on the basis of ingredients,,38,Calculation on the basis of ingredients,,9.6,Calculation on the basis of ingredients,,81,Calculation on the basis of ingredients,,0.6,Calculation on the basis of ingredients,,7.5,Calculation on the basis of ingredients,,0.6,Calculation on the basis of ingredients,,n.d.,,,Nein
426,4546,1000899,Maize starch,,"Cereal products, pulses and potatoes/Flour and starch;Various/Gelling and binding agents",,per 100g edible portion,1510,Automated calculation,,354,Automated calculation,,tr.,-,43,tr.,-,43,tr.,-,43,tr.,-,43,0,-,43,88,-,43,tr.,-,43,88,-,43,0.6,-,43,0.3,-,43,0,Automated calculation,,0,-,43,11,-,43,32,Automated calculation,,16,Automated calculation,,0,Estimation,51,190,Estimation,51,104,-,74,0,-,43,0,-,43,tr.,-,43,0,-,43,tr.,-,43,1,-,43,tr.,-,43,0,-,43,0,-,43,0,-,43,5,-,43,6,-,43,6,-,36,1,-,43,2,-,43,22,-,43,0.5,-,43,2.5,-,36,0.6,-,9,n.d.,,,Nein
397,4564,1000860,"Mandarin, fresh",,Fruit/Fresh fruit,,per 100g edible portion,201,Automated calculation,,47,Automated calculation,,0.2,-,43,tr.,-,43,tr.,-,43,tr.,-,43,0,-,43,10,-,43,10,-,43,0,-,43,1.4,-,43,0.7,-,43,0,Automated calculation,,0,-,43,86.9,-,43,26,Automated calculation,,13,Automated calculation,,0,Estimation,51,158,-,51;1662,148,-,149;1670,0.1,-,43;1670,0.03,-,43;1670,0.05,-,43;1670,0,-,43,0.34,-,43;1670,17.6,-,43;1670,0.19,-,43;1670,36.7,-,43;1670,0,-,43,0.55,-,43,150,-,43,3,-,43,4,-,36,33,-,43,11,-,43,15,-,43,0.4,-,43,0.8,-,36,0.1,-,36,n.d.,,,Nein
396,4562,1000859,"Mango, fresh",,Fruit/Fresh fruit,,per 100g edible portion,264,Automated calculation,,62,Automated calculation,,0.2,-,43,0.1,-,43,0.1,-,43,0,-,43,0,-,43,13.4,-,43,13.1,-,43,0.3,-,43,2.3,-,43,0.6,-,43,0,Automated calculation,,0,-,43,83,-,43,160,Automated calculation,,80,Automated calculation,,0,Estimation,51,959,-,51;1662,943,-,164;1670,0.02,-,43;1670,0.05,-,43,0.07,-,43;1670,0,-,43,0.35,-,43;1670,31,-,43;1670,0.16,-,43;1670,44,-,43,0,-,43,1.8,-,43,150,-,43,2,-,43,5,-,9,20,-,43,9,-,43,22,-,43,1.2,-,43,1,-,9,0.1,-,36,n.d.,,,Nein
898,4750,1001570,Marble cake,,Sweets/Cakes and tarts,,per 100g edible portion,1490,Automated calculation,,357,Automated calculation,,17.2,Calculation on the basis of ingredients,,9.4,Calculation on the basis of ingredients,,4.3,Calculation on the basis of ingredients,,1.3,Calculation on the basis of ingredients,,131,Calculation on the basis of ingredients,,42.6,Calculation on the basis of ingredients,,19.7,Calculation on the basis of ingredients,,22.7,Calculation on the basis of ingredients,,1.3,Calculation on the basis of ingredients,,7.3,Calculation on the basis of ingredients,,0.2,Automated calculation,,0,Calculation on the basis of ingredients,,32,Automated calculation,,182,Automated calculation,,176,Automated calculation,,170,Calculation on the basis of ingredients,,69,Calculation on the basis of ingredients,,57,Calculation on the basis of ingredients,,0.07,Calculation on the basis of ingredients,,0.12,Calculation on the basis of ingredients,,0.07,Calculation on the basis of ingredients,,0.31,Calculation on the basis of ingredients,,0.31,Calculation on the basis of ingredients,,10.1,Calculation on the basis of ingredients,,0.53,Calculation on the basis of ingredients,,tr.,Calculation on the basis of ingredients,,0.8,Calculation on the basis of ingredients,,0.41,Calculation on the basis of ingredients,,140,Calculation on the basis of ingredients,,60,Calculation on the basis of ingredients,,110,Calculation on the basis of ingredients,,45,Calculation on the basis of ingredients,,19,Calculation on the basis of ingredients,,110,Calculation on the basis of ingredients,,1,Calculation on the basis of ingredients,,8.9,Calculation on the basis of ingredients,,0.8,Calculation on the basis of ingredients,,n.d.,,,Ja
208,3889,831076,Margarine,,Fats and oils/Fats,0.9,per 100g edible portion,2980,Automated calculation,,724,Automated calculation,,80,Estimation,51,22.3,Estimation,51,37.3,Estimation,51,14,Estimation,51,0,-,145,<0.5,-,51,0,-,145,<0.5,-,51,0,Estimation,51,<0.5,-,51,0.2,Automated calculation,,0,Estimation,51,20,Estimation,51,860,Automated calculation,,830,Automated calculation,,800,Estimation,51,360,-,145,360,Estimation,1698,0.01,-,145,0.03,-,145,0,-,145,0.1,-,145,0.21,-,145,2,-,145,0.08,-,145,0,-,145,5,Estimation,51,20,Estimation,51,42,-,145,67,Estimation,51,100,Estimation,51,10,-,145,1.8,-,145,23,-,145,0.1,-,145,1.5,-,145,0,-,145,n.d.,,,Nein
496,4540,1000983,Marzipan,,Sweets/Other sweets,,per 100g edible portion,1990,Automated calculation,,474,Automated calculation,,17.6,-,9,1.5,-,9,12,-,9,3.3,-,9,tr.,-,22,68.6,-,9,68.6,-,22,0,-,22,4.9,-,9,8,-,1640,0,Automated calculation,,0,-,22,1.9,-,9,13,Automated calculation,,13,Automated calculation,,12,-,145,6,-,145,n.d.,,,0.07,-,9,0.2,-,9,0.05,-,9,tr.,-,22,1.36,-,9,31,-,9,0.19,-,9,0.3,-,9,tr.,-,22,8.49,-,9,270,-,9,2,-,9,14,-,9,82,-,9,72,-,9,150,-,9,1.5,-,9,0.7,-,9,0.9,-,9,n.d.,,,Nein
866,4039,1001538,"Mashed potatoes, instant, prepared (with water and butter)",,"Cereal products, pulses and potatoes/Potatoes",,per 100g edible portion,337,Automated calculation,,80,Automated calculation,,2.8,Calculation on the basis of ingredients,,1.6,Calculation on the basis of ingredients,,0.6,Calculation on the basis of ingredients,,0.2,Calculation on the basis of ingredients,,8,Calculation on the basis of ingredients,,11.5,Calculation on the basis of ingredients,,1.8,Calculation on the basis of ingredients,,9.7,Calculation on the basis of ingredients,,0.8,Calculation on the basis of ingredients,,2,Calculation on the basis of ingredients,,0.6,Automated calculation,,0,Calculation on the basis of ingredients,,83,Automated calculation,,19,Automated calculation,,19,Automated calculation,,18,Calculation on the basis of ingredients,,8,Calculation on the basis of ingredients,,8,Calculation on the basis of ingredients,,0.02,Calculation on the basis of ingredients,,0.07,Calculation on the basis of ingredients,,0.12,Calculation on the basis of ingredients,,0.05,Calculation on the basis of ingredients,,0.79,Calculation on the basis of ingredients,,4.6,Calculation on the basis of ingredients,,0.21,Calculation on the basis of ingredients,,3.1,Calculation on the basis of ingredients,,0.1,Calculation on the basis of ingredients,,0.09,Calculation on the basis of ingredients,,220,Calculation on the basis of ingredients,,220,Calculation on the basis of ingredients,,410,Calculation on the basis of ingredients,,46,Calculation on the basis of ingredients,,13,Calculation on the basis of ingredients,,67,Calculation on the basis of ingredients,,0.4,Calculation on the basis of ingredients,,1.2,Calculation on the basis of ingredients,,0.2,Calculation on the basis of ingredients,,n.d.,,,Ja
1519,,,"Mashed potatoes, prepared (with cream and butter)",,"Cereal products, pulses and potatoes/Potatoes",,per 100g edible portion,584,Automated calculation,,140,Automated calculation,,8.4,Calculation on the basis of ingredients,,5,Calculation on the basis of ingredients,,2,Calculation on the basis of ingredients,,0.5,Calculation on the basis of ingredients,,24,Calculation on the basis of ingredients,,13.2,Calculation on the basis of ingredients,,1.1,Calculation on the basis of ingredients,,11.9,Calculation on the basis of ingredients,,1.7,Calculation on the basis of ingredients,,2,Calculation on the basis of ingredients,,0.1,Automated calculation,,0,Calculation on the basis of ingredients,,74.7,Automated calculation,,95,Automated calculation,,91,Automated calculation,,88,Calculation on the basis of ingredients,,40,Calculation on the basis of ingredients,,39,Calculation on the basis of ingredients,,0.06,Calculation on the basis of ingredients,,0.06,Calculation on the basis of ingredients,,0.12,Calculation on the basis of ingredients,,0.03,Calculation on the basis of ingredients,,0.88,Calculation on the basis of ingredients,,10.3,Calculation on the basis of ingredients,,0.32,Calculation on the basis of ingredients,,7.3,Calculation on the basis of ingredients,,0.1,Calculation on the basis of ingredients,,0.23,Calculation on the basis of ingredients,,290,Calculation on the basis of ingredients,,55,Calculation on the basis of ingredients,,120,Calculation on the basis of ingredients,,18,Calculation on the basis of ingredients,,16,Calculation on the basis of ingredients,,50,Calculation on the basis of ingredients,,0.3,Calculation on the basis of ingredients,,4.2,Calculation on the basis of ingredients,,0.3,Calculation on the basis of ingredients,,n.d.,,,Ja
863,3577,,"Mashed potatoes, prepared (with full fat milk and butter)",,"Cereal products, pulses and potatoes/Potatoes",,per 100g edible portion,385,Automated calculation,,92,Automated calculation,,2.8,Calculation on the basis of ingredients,,1.7,Calculation on the basis of ingredients,,0.6,Calculation on the basis of ingredients,,0.2,Calculation on the basis of ingredients,,8,Calculation on the basis of ingredients,,13.5,Calculation on the basis of ingredients,,1.4,Calculation on the basis of ingredients,,11.9,Calculation on the basis of ingredients,,1.7,Calculation on the basis of ingredients,,2.2,Calculation on the basis of ingredients,,0.1,Automated calculation,,0,Calculation on the basis of ingredients,,79.8,Automated calculation,,30,Automated calculation,,29,Automated calculation,,27,Calculation on the basis of ingredients,,18,Calculation on the basis of ingredients,,16,Calculation on the basis of ingredients,,0.06,Calculation on the basis of ingredients,,0.08,Calculation on the basis of ingredients,,0.12,Calculation on the basis of ingredients,,0.03,Calculation on the basis of ingredients,,0.89,Calculation on the basis of ingredients,,10.8,Calculation on the basis of ingredients,,0.33,Calculation on the basis of ingredients,,7.5,Calculation on the basis of ingredients,,0,Calculation on the basis of ingredients,,0.11,Calculation on the basis of ingredients,,300,Calculation on the basis of ingredients,,58,Calculation on the basis of ingredients,,130,Calculation on the basis of ingredients,,27,Calculation on the basis of ingredients,,16,Calculation on the basis of ingredients,,54,Calculation on the basis of ingredients,,0.3,Calculation on the basis of ingredients,,4.8,Calculation on the basis of ingredients,,0.3,Calculation on the basis of ingredients,,n.d.,,,Ja
1518,,,"Mashed potatoes, prepared (with partially skimmed milk and butter)",,"Cereal products, pulses and potatoes/Potatoes",,per 100g edible portion,376,Automated calculation,,89,Automated calculation,,2.6,Calculation on the basis of ingredients,,1.5,Calculation on the basis of ingredients,,0.6,Calculation on the basis of ingredients,,0.2,Calculation on the basis of ingredients,,7,Calculation on the basis of ingredients,,13.5,Calculation on the basis of ingredients,,1.4,Calculation on the basis of ingredients,,11.9,Calculation on the basis of ingredients,,1.7,Calculation on the basis of ingredients,,2.2,Calculation on the basis of ingredients,,0.1,Automated calculation,,0,Calculation on the basis of ingredients,,80,Automated calculation,,28,Automated calculation,,26,Automated calculation,,25,Calculation on the basis of ingredients,,17,Calculation on the basis of ingredients,,15,Calculation on the basis of ingredients,,0.06,Calculation on the basis of ingredients,,0.07,Calculation on the basis of ingredients,,0.12,Calculation on the basis of ingredients,,0.03,Calculation on the basis of ingredients,,0.89,Calculation on the basis of ingredients,,10.8,Calculation on the basis of ingredients,,0.33,Calculation on the basis of ingredients,,7.4,Calculation on the basis of ingredients,,0,Calculation on the basis of ingredients,,0.11,Calculation on the basis of ingredients,,300,Calculation on the basis of ingredients,,58,Calculation on the basis of ingredients,,130,Calculation on the basis of ingredients,,27,Calculation on the basis of ingredients,,17,Calculation on the basis of ingredients,,55,Calculation on the basis of ingredients,,0.3,Calculation on the basis of ingredients,,4.9,Calculation on the basis of ingredients,,0.3,Calculation on the basis of ingredients,,n.d.,,,Ja
771,3731,1001421,Mayonnaise,,Fats and oils/Mayonnaise,0.9,per 100g edible portion,3050,Automated calculation,,742,Automated calculation,,81.7,-,38,12.1,-,43,23.3,-,43,42.5,-,43,150,-,43,0.5,-,38,0.5,-,43,tr.,-,22,0,-,43,1.1,-,38,1,Automated calculation,,0,-,43,14.7,-,22,9,Automated calculation,,9,Automated calculation,,9,-,61,0,-,145;1662,0,-,51;1667,0.02,-,43,0.05,-,43,0.1,-,43,0.5,-,43,0.03,-,43,10,-,43,0.5,-,43,0,-,43,0.5,-,43,43.7,Automated calculation,,25,-,43,410,-,43,500,-,9,15,-,43,7,-,43,46,-,43,0.6,-,43,6,-,9,0.2,-,9,n.d.,,,Nein
1682,,,"Mayonnaise, home made with rapeseed oil",,Fats and oils/Mayonnaise,,per 100g edible portion,3260,Automated calculation,,792,Automated calculation,,86.9,Calculation on the basis of ingredients,,7.3,Calculation on the basis of ingredients,,50.9,Calculation on the basis of ingredients,,22.7,Calculation on the basis of ingredients,,161,Calculation on the basis of ingredients,,0.2,Calculation on the basis of ingredients,,0.2,Calculation on the basis of ingredients,,0,Calculation on the basis of ingredients,,0,Calculation on the basis of ingredients,,2.4,Calculation on the basis of ingredients,,0.4,Automated calculation,,0,Calculation on the basis of ingredients,,10.5,Automated calculation,,94,Automated calculation,,91,Automated calculation,,88,Calculation on the basis of ingredients,,40,Calculation on the basis of ingredients,,33,Calculation on the basis of ingredients,,0.03,Calculation on the basis of ingredients,,0.07,Calculation on the basis of ingredients,,0.05,Calculation on the basis of ingredients,,0.69,Calculation on the basis of ingredients,,0.01,Calculation on the basis of ingredients,,20.8,Calculation on the basis of ingredients,,0.65,Calculation on the basis of ingredients,,0.7,Calculation on the basis of ingredients,,0.7,Calculation on the basis of ingredients,,28.11,Calculation on the basis of ingredients,,17,Calculation on the basis of ingredients,,150,Calculation on the basis of ingredients,,250,Calculation on the basis of ingredients,,20,Calculation on the basis of ingredients,,2.9,Calculation on the basis of ingredients,,76,Calculation on the basis of ingredients,,0.8,Calculation on the basis of ingredients,,1.8,Calculation on the basis of ingredients,,0.6,Calculation on the basis of ingredients,,n.d.,,,Ja
772,3732,1001422,"Mayonnaise, low calorie",,Fats and oils/Mayonnaise,1,per 100g edible portion,1350,Automated calculation,,327,Automated calculation,,34.5,-,38,4.6,-,22,6.7,-,22,19.6,-,22,131,-,9,3.3,-,38,tr.,-,22,tr.,-,22,0,-,9,0.9,-,38,0.7,Automated calculation,,0,-,43,59.4,-,22,0,Automated calculation,,0,Automated calculation,,0,-,145,0,-,145;1662,0,-,51;1667,0.05,-,9,0.16,-,9,0.06,-,9,0.6,-,9,0.12,-,9,26,-,9,0.71,-,9,4.6,-,9,0.6,-,9,16.57,Automated calculation,,88,-,9,280,-,9,470,-,9,66,-,9,12,-,9,140,-,9,1,-,9,5.3,-,9,0.6,-,9,n.d.,,,Nein
1111,4029,,"Meat (average excluding offal), raw ",,"Meat and offal/Veal;Meat and offal/Poultry;Meat and offal/Lamb, mutton;Meat and offal/Beef;Meat and offal/Pork;Meat and offal/Game",,per 100g edible portion,608,Automated calculation,,145,Automated calculation,,6.6,Calculation on the basis of ingredients,,2.4,Calculation on the basis of ingredients,,2.9,Calculation on the basis of ingredients,,0.7,Calculation on the basis of ingredients,,63,Calculation on the basis of ingredients,,0,Calculation on the basis of ingredients,,0,Calculation on the basis of ingredients,,0,Calculation on the basis of ingredients,,0,Calculation on the basis of ingredients,,21.4,Calculation on the basis of ingredients,,0.1,Automated calculation,,0,Calculation on the basis of ingredients,,72,Automated calculation,,6,Automated calculation,,5,Automated calculation,,5,Calculation on the basis of ingredients,,2,Calculation on the basis of ingredients,,2,Calculation on the basis of ingredients,,0.44,Calculation on the basis of ingredients,,0.18,Calculation on the basis of ingredients,,0.46,Calculation on the basis of ingredients,,1.31,Calculation on the basis of ingredients,,5.54,Calculation on the basis of ingredients,,6,Calculation on the basis of ingredients,,0.82,Calculation on the basis of ingredients,,0,Calculation on the basis of ingredients,,0.7,Calculation on the basis of ingredients,,0.38,Calculation on the basis of ingredients,,330,Calculation on the basis of ingredients,,58,Calculation on the basis of ingredients,,68,Calculation on the basis of ingredients,,6.3,Calculation on the basis of ingredients,,21,Calculation on the basis of ingredients,,190,Calculation on the basis of ingredients,,1.2,Calculation on the basis of ingredients,,2.1,Calculation on the basis of ingredients,,2.7,Calculation on the basis of ingredients,,n.d.,,,Ja
13318,,,"Meat, chopped (average of beef, veal, pork, poultry), pan fried (without addition of fat and salt)",,Meat and offal,,per 100g edible portion,683,Automated calculation,,162,Automated calculation,,4.6,Calculation on the basis of ingredients,,1.4,Calculation on the basis of ingredients,,1.9,Calculation on the basis of ingredients,,0.6,Calculation on the basis of ingredients,,81,Calculation on the basis of ingredients,,0.1,Calculation on the basis of ingredients,,0,Calculation on the basis of ingredients,,0,Calculation on the basis of ingredients,,0,Calculation on the basis of ingredients,,30.1,Calculation on the basis of ingredients,,0.2,Automated calculation,,0,Calculation on the basis of ingredients,,65.2,Automated calculation,,6,Automated calculation,,6,Automated calculation,,5,Calculation on the basis of ingredients,,3,Calculation on the basis of ingredients,,3,Calculation on the basis of ingredients,,0.33,Calculation on the basis of ingredients,,0.18,Calculation on the basis of ingredients,,0.49,Calculation on the basis of ingredients,,0.89,Calculation on the basis of ingredients,,6.75,Calculation on the basis of ingredients,,4.9,Calculation on the basis of ingredients,,0.94,Calculation on the basis of ingredients,,0,Calculation on the basis of ingredients,,0.7,Calculation on the basis of ingredients,,0.36,Calculation on the basis of ingredients,,370,Calculation on the basis of ingredients,,62,Calculation on the basis of ingredients,,83,Calculation on the basis of ingredients,,8.6,Calculation on the basis of ingredients,,26,Calculation on the basis of ingredients,,230,Calculation on the basis of ingredients,,1,Calculation on the basis of ingredients,,1.9,Calculation on the basis of ingredients,,3,Calculation on the basis of ingredients,,13,Calculation on the basis of ingredients,,Ja
1104,4028,,"Meat, chopped (average of beef, veal, pork, poultry), raw",,Meat and offal/Veal;Meat and offal/Pork;Meat and offal/Beef;Meat and offal/Poultry,,per 100g edible portion,498,Automated calculation,,118,Automated calculation,,3.3,Calculation on the basis of ingredients,,1,Calculation on the basis of ingredients,,1.4,Calculation on the basis of ingredients,,0.4,Calculation on the basis of ingredients,,59,Calculation on the basis of ingredients,,0.1,Calculation on the basis of ingredients,,0,Calculation on the basis of ingredients,,0,Calculation on the basis of ingredients,,0,Calculation on the basis of ingredients,,22,Calculation on the basis of ingredients,,0.1,Automated calculation,,0,Calculation on the basis of ingredients,,74.6,Automated calculation,,4,Automated calculation,,4,Automated calculation,,4,Calculation on the basis of ingredients,,3,Calculation on the basis of ingredients,,3,Calculation on the basis of ingredients,,0.35,Calculation on the basis of ingredients,,0.14,Calculation on the basis of ingredients,,0.54,Calculation on the basis of ingredients,,0.85,Calculation on the basis of ingredients,,6.01,Calculation on the basis of ingredients,,4.7,Calculation on the basis of ingredients,,0.83,Calculation on the basis of ingredients,,0,Calculation on the basis of ingredients,,0.6,Calculation on the basis of ingredients,,0.31,Calculation on the basis of ingredients,,340,Calculation on the basis of ingredients,,53,Calculation on the basis of ingredients,,60,Calculation on the basis of ingredients,,6.4,Calculation on the basis of ingredients,,22,Calculation on the basis of ingredients,,200,Calculation on the basis of ingredients,,0.8,Calculation on the basis of ingredients,,1.4,Calculation on the basis of ingredients,,2.3,Calculation on the basis of ingredients,,n.d.,,,Ja
1664,,,"Meat lasagne, prepared",,Prepared dishes/Italian dishes,,per 100g edible portion,653,Automated calculation,,156,Automated calculation,,6.9,Calculation on the basis of ingredients,,3.2,Calculation on the basis of ingredients,,2.5,Calculation on the basis of ingredients,,0.5,Calculation on the basis of ingredients,,25,Calculation on the basis of ingredients,,12.9,Calculation on the basis of ingredients,,2.7,Calculation on the basis of ingredients,,10.2,Calculation on the basis of ingredients,,1.6,Calculation on the basis of ingredients,,9.7,Calculation on the basis of ingredients,,0.9,Automated calculation,,0,Calculation on the basis of ingredients,,68.9,Automated calculation,,173,Automated calculation,,106,Automated calculation,,40,Calculation on the basis of ingredients,,799,Calculation on the basis of ingredients,,475,Calculation on the basis of ingredients,,0.03,Calculation on the basis of ingredients,,0.09,Calculation on the basis of ingredients,,0.08,Calculation on the basis of ingredients,,0.28,Calculation on the basis of ingredients,,0.97,Calculation on the basis of ingredients,,8.4,Calculation on the basis of ingredients,,0.22,Calculation on the basis of ingredients,,3,Calculation on the basis of ingredients,,0.2,Calculation on the basis of ingredients,,0.86,Calculation on the basis of ingredients,,200,Calculation on the basis of ingredients,,370,Calculation on the basis of ingredients,,640,Calculation on the basis of ingredients,,89,Calculation on the basis of ingredients,,18,Calculation on the basis of ingredients,,110,Calculation on the basis of ingredients,,1,Calculation on the basis of ingredients,,4.8,Calculation on the basis of ingredients,,1.6,Calculation on the basis of ingredients,,n.d.,,,Ja
1582,,,"Meat loaf, baked in the oven",,Prepared dishes/Other savoury dishes,,per 100g edible portion,824,Automated calculation,,197,Automated calculation,,10.5,Calculation on the basis of ingredients,,3.1,Calculation on the basis of ingredients,,5.5,Calculation on the basis of ingredients,,1.1,Calculation on the basis of ingredients,,76,Calculation on the basis of ingredients,,8.2,Calculation on the basis of ingredients,,0.9,Calculation on the basis of ingredients,,7.2,Calculation on the basis of ingredients,,0.6,Calculation on the basis of ingredients,,17.1,Calculation on the basis of ingredients,,2.2,Automated calculation,,0,Calculation on the basis of ingredients,,63.7,Automated calculation,,21,Automated calculation,,17,Automated calculation,,14,Calculation on the basis of ingredients,,41,Calculation on the basis of ingredients,,35,Calculation on the basis of ingredients,,0.13,Calculation on the basis of ingredients,,0.11,Calculation on the basis of ingredients,,0.13,Calculation on the basis of ingredients,,0.81,Calculation on the basis of ingredients,,2.23,Calculation on the basis of ingredients,,9.6,Calculation on the basis of ingredients,,0.39,Calculation on the basis of ingredients,,1.6,Calculation on the basis of ingredients,,0.3,Calculation on the basis of ingredients,,0.65,Calculation on the basis of ingredients,,170,Calculation on the basis of ingredients,,890,Calculation on the basis of ingredients,,1620,Calculation on the basis of ingredients,,14,Calculation on the basis of ingredients,,15,Calculation on the basis of ingredients,,120,Calculation on the basis of ingredients,,1.3,Calculation on the basis of ingredients,,4.8,Calculation on the basis of ingredients,,2.7,Calculation on the basis of ingredients,,n.d.,,,Nein
854,4031,1001524,"Meringue, biscuit",,Sweets/Other sweets,,per 100g edible portion,1700,Automated calculation,,401,Automated calculation,,<0.5,-,12,0,-,43,0,-,43,0,-,43,0,-,43,94,-,31,94,-,22,0,-,22,0,-,43,5,-,12,0.3,Automated calculation,,0,-,43,1,-,22,0,Automated calculation,,0,Automated calculation,,0,-,61,0,Estimation,51,0,-,61,0,-,43,0.25,-,43,0,-,43,0,-,43,0.1,-,43,0,-,43,0.2,-,43,0,-,43,0,-,43,0,-,43,90,-,43,100,-,43,tr.,-,43,4,-,43,5,-,43,22,-,43,0.2,-,43,tr.,-,43,tr.,-,43,n.d.,,,Nein
879,4159,1001551,"Milanese cookie, butter, sweet",,Sweets/Cookies/Biscuits,,per 100g edible portion,1810,Automated calculation,,431,Automated calculation,,20.8,Calculation on the basis of ingredients,,11.6,Calculation on the basis of ingredients,,5.1,Calculation on the basis of ingredients,,1.5,Calculation on the basis of ingredients,,128,Calculation on the basis of ingredients,,53.1,Calculation on the basis of ingredients,,22.5,Calculation on the basis of ingredients,,30.4,Calculation on the basis of ingredients,,1.4,Calculation on the basis of ingredients,,7.1,Calculation on the basis of ingredients,,0.1,Automated calculation,,0,Calculation on the basis of ingredients,,18,Automated calculation,,225,Automated calculation,,218,Automated calculation,,210,Calculation on the basis of ingredients,,88,Calculation on the basis of ingredients,,74,Calculation on the basis of ingredients,,0.08,Calculation on the basis of ingredients,,0.06,Calculation on the basis of ingredients,,0.08,Calculation on the basis of ingredients,,0.29,Calculation on the basis of ingredients,,0.34,Calculation on the basis of ingredients,,9,Calculation on the basis of ingredients,,0.43,Calculation on the basis of ingredients,,0,Calculation on the basis of ingredients,,0.7,Calculation on the basis of ingredients,,0.58,Calculation on the basis of ingredients,,98,Calculation on the basis of ingredients,,46,Calculation on the basis of ingredients,,88,Calculation on the basis of ingredients,,18,Calculation on the basis of ingredients,,16,Calculation on the basis of ingredients,,95,Calculation on the basis of ingredients,,1,Calculation on the basis of ingredients,,3.7,Calculation on the basis of ingredients,,0.8,Calculation on the basis of ingredients,,n.d.,,,Nein
1194,3922,,Milk (average),,Milk and dairy products/Milk,1,per 100ml food volume,259,Automated calculation,,62,Automated calculation,,3.4,Calculation on the basis of ingredients,,2,Calculation on the basis of ingredients,,0.8,Calculation on the basis of ingredients,,0.2,Calculation on the basis of ingredients,,13,Calculation on the basis of ingredients,,4.6,Calculation on the basis of ingredients,,4.6,Calculation on the basis of ingredients,,0,Calculation on the basis of ingredients,,0,Calculation on the basis of ingredients,,3.2,Calculation on the basis of ingredients,,0.1,Automated calculation,,0,Calculation on the basis of ingredients,,88.7,Automated calculation,,40,Automated calculation,,39,Automated calculation,,38,Calculation on the basis of ingredients,,16,Calculation on the basis of ingredients,,16,Calculation on the basis of ingredients,,0.02,Calculation on the basis of ingredients,,0.2,Calculation on the basis of ingredients,,0.03,Calculation on the basis of ingredients,,0.21,Calculation on the basis of ingredients,,0.11,Calculation on the basis of ingredients,,4.6,Calculation on the basis of ingredients,,0.34,Calculation on the basis of ingredients,,0.8,Calculation on the basis of ingredients,,0.1,Calculation on the basis of ingredients,,0.1,Calculation on the basis of ingredients,,160,Calculation on the basis of ingredients,,39,Calculation on the basis of ingredients,,96,Calculation on the basis of ingredients,,120,Calculation on the basis of ingredients,,10,Calculation on the basis of ingredients,,92,Calculation on the basis of ingredients,,0,Calculation on the basis of ingredients,,9.5,Calculation on the basis of ingredients,,0.4,Calculation on the basis of ingredients,,n.d.,,,Ja
195,4510,831009,Milk chocolate,,Sweets/Chocolate and cocoa products,,per 100g edible portion,2240,Automated calculation,,537,Automated calculation,,31.1,-,46,19.3,-,46,10.4,-,46,1.2,-,46,12,-,46,56.9,-,46,55.2,Estimation,51,0.6,-,46,1.9,-,46,6.5,-,46,0.5,Automated calculation,,0,Estimation,51,1.3,-,145,65,Automated calculation,,62,Automated calculation,,59,-,156,36,Estimation,51,36,-,8,0.09,-,145,0.4,-,145,0.04,-,145,0,-,145,0.4,-,145,7,-,145,0.19,-,145,2.8,-,46,0,-,145,0.25,-,145,640,-,46,190,-,46,130,-,1528,250,-,46,55,-,145,240,-,145,2.1,-,46,17,-,145,1.6,-,145,n.d.,,,Nein
654,4067,,"Milk chocolate, filled with alcohol",,Sweets/Chocolate and cocoa products,,per 100g edible portion,2040,Automated calculation,,488,Automated calculation,,23.1,Calculation on the basis of ingredients,,13.6,Calculation on the basis of ingredients,,6.9,Calculation on the basis of ingredients,,1.1,Calculation on the basis of ingredients,,10,Calculation on the basis of ingredients,,59,Calculation on the basis of ingredients,,58.3,Calculation on the basis of ingredients,,0.8,Calculation on the basis of ingredients,,2.9,Calculation on the basis of ingredients,,5.6,Calculation on the basis of ingredients,,0.1,Automated calculation,,2.2,Calculation on the basis of ingredients,,7.6,Automated calculation,,33,Automated calculation,,32,Automated calculation,,30,Calculation on the basis of ingredients,,19,Calculation on the basis of ingredients,,19,Calculation on the basis of ingredients,,0.05,Calculation on the basis of ingredients,,0.24,Calculation on the basis of ingredients,,0.04,Calculation on the basis of ingredients,,0.22,Calculation on the basis of ingredients,,0.35,Calculation on the basis of ingredients,,8.8,Calculation on the basis of ingredients,,0.49,Calculation on the basis of ingredients,,1.5,Calculation on the basis of ingredients,,0.2,Calculation on the basis of ingredients,,0.21,Calculation on the basis of ingredients,,340,Calculation on the basis of ingredients,,56,Calculation on the basis of ingredients,,120,Calculation on the basis of ingredients,,160,Calculation on the basis of ingredients,,50,Calculation on the basis of ingredients,,160,Calculation on the basis of ingredients,,1.3,Calculation on the basis of ingredients,,4.1,Calculation on the basis of ingredients,,1,Calculation on the basis of ingredients,,n.d.,,,Ja
655,3605,,"Milk chocolate, filled with cream (gianduja, nougat)",,Sweets/Chocolate and cocoa products,,per 100g edible portion,2370,Automated calculation,,570,Automated calculation,,38.1,Calculation on the basis of ingredients,,18.5,Calculation on the basis of ingredients,,14.5,Calculation on the basis of ingredients,,2.9,Calculation on the basis of ingredients,,11,Calculation on the basis of ingredients,,47,Calculation on the basis of ingredients,,46.3,Calculation on the basis of ingredients,,0.9,Calculation on the basis of ingredients,,3.6,Calculation on the basis of ingredients,,7.9,Calculation on the basis of ingredients,,0.1,Automated calculation,,0,Calculation on the basis of ingredients,,4.2,Automated calculation,,33,Automated calculation,,32,Automated calculation,,31,Calculation on the basis of ingredients,,16,Calculation on the basis of ingredients,,16,Calculation on the basis of ingredients,,0.08,Calculation on the basis of ingredients,,0.25,Calculation on the basis of ingredients,,0.09,Calculation on the basis of ingredients,,0.19,Calculation on the basis of ingredients,,0.52,Calculation on the basis of ingredients,,13.9,Calculation on the basis of ingredients,,0.53,Calculation on the basis of ingredients,,1.3,Calculation on the basis of ingredients,,0.1,Calculation on the basis of ingredients,,5.03,Calculation on the basis of ingredients,,370,Calculation on the basis of ingredients,,49,Calculation on the basis of ingredients,,110,Calculation on the basis of ingredients,,170,Calculation on the basis of ingredients,,71,Calculation on the basis of ingredients,,190,Calculation on the basis of ingredients,,1.5,Calculation on the basis of ingredients,,4.3,Calculation on the basis of ingredients,,1.4,Calculation on the basis of ingredients,,n.d.,,,Ja
642,4066,,Milk chocolate filled with nuts (chocolate bar),,Sweets/Chocolate and cocoa products,,per 100g edible portion,2310,Automated calculation,,556,Automated calculation,,35.6,Calculation on the basis of ingredients,,17,Calculation on the basis of ingredients,,14.3,Calculation on the basis of ingredients,,2.3,Calculation on the basis of ingredients,,8,Calculation on the basis of ingredients,,48.5,Calculation on the basis of ingredients,,47.5,Calculation on the basis of ingredients,,0.8,Calculation on the basis of ingredients,,3.7,Calculation on the basis of ingredients,,8.3,Calculation on the basis of ingredients,,0.2,Automated calculation,,0,Calculation on the basis of ingredients,,4.5,Automated calculation,,24,Automated calculation,,23,Automated calculation,,22,Calculation on the basis of ingredients,,13,Calculation on the basis of ingredients,,n.d.,,,0.1,Calculation on the basis of ingredients,,0.27,Calculation on the basis of ingredients,,0.13,Calculation on the basis of ingredients,,0.24,Calculation on the basis of ingredients,,0.53,Calculation on the basis of ingredients,,13.6,Calculation on the basis of ingredients,,0.68,Calculation on the basis of ingredients,,1.1,Calculation on the basis of ingredients,,0.1,Calculation on the basis of ingredients,,5.08,Calculation on the basis of ingredients,,430,Calculation on the basis of ingredients,,63,Calculation on the basis of ingredients,,130,Calculation on the basis of ingredients,,190,Calculation on the basis of ingredients,,79,Calculation on the basis of ingredients,,210,Calculation on the basis of ingredients,,1.5,Calculation on the basis of ingredients,,5.4,Calculation on the basis of ingredients,,1.4,Calculation on the basis of ingredients,,n.d.,,,Ja
643,4069,,"Milk chocolate with almond, honey, nougat",,Sweets/Chocolate and cocoa products,,per 100g edible portion,2230,Automated calculation,,535,Automated calculation,,31.5,Calculation on the basis of ingredients,,18.2,Calculation on the basis of ingredients,,9.7,Calculation on the basis of ingredients,,1.6,Calculation on the basis of ingredients,,15,Calculation on the basis of ingredients,,54.7,Calculation on the basis of ingredients,,54.3,Calculation on the basis of ingredients,,0.5,Calculation on the basis of ingredients,,1.9,Calculation on the basis of ingredients,,7.3,Calculation on the basis of ingredients,,0.2,Automated calculation,,0,Calculation on the basis of ingredients,,4.9,Automated calculation,,50,Automated calculation,,48,Automated calculation,,46,Calculation on the basis of ingredients,,26,Calculation on the basis of ingredients,,26,Calculation on the basis of ingredients,,0.07,Calculation on the basis of ingredients,,0.35,Calculation on the basis of ingredients,,0.07,Calculation on the basis of ingredients,,0.34,Calculation on the basis of ingredients,,0.35,Calculation on the basis of ingredients,,11.5,Calculation on the basis of ingredients,,0.68,Calculation on the basis of ingredients,,2.3,Calculation on the basis of ingredients,,0.2,Calculation on the basis of ingredients,,0.84,Calculation on the basis of ingredients,,380,Calculation on the basis of ingredients,,86,Calculation on the basis of ingredients,,190,Calculation on the basis of ingredients,,250,Calculation on the basis of ingredients,,45,Calculation on the basis of ingredients,,210,Calculation on the basis of ingredients,,0.9,Calculation on the basis of ingredients,,6.3,Calculation on the basis of ingredients,,1.1,Calculation on the basis of ingredients,,n.d.,,,Ja
612,4145,,Milk chocolate with nuts,,Sweets/Chocolate and cocoa products,,per 100g edible portion,2360,Automated calculation,,568,Automated calculation,,38.2,Calculation on the basis of ingredients,,16.7,Calculation on the basis of ingredients,,16.9,Calculation on the basis of ingredients,,2.4,Calculation on the basis of ingredients,,11,Calculation on the basis of ingredients,,45.5,Calculation on the basis of ingredients,,44.7,Calculation on the basis of ingredients,,0.6,Calculation on the basis of ingredients,,3.2,Calculation on the basis of ingredients,,8.8,Calculation on the basis of ingredients,,0.2,Automated calculation,,0,Calculation on the basis of ingredients,,4.9,Automated calculation,,38,Automated calculation,,36,Automated calculation,,35,Calculation on the basis of ingredients,,20,Calculation on the basis of ingredients,,20,Calculation on the basis of ingredients,,0.11,Calculation on the basis of ingredients,,0.3,Calculation on the basis of ingredients,,0.14,Calculation on the basis of ingredients,,0.29,Calculation on the basis of ingredients,,0.5,Calculation on the basis of ingredients,,15.9,Calculation on the basis of ingredients,,0.78,Calculation on the basis of ingredients,,2.1,Calculation on the basis of ingredients,,0.2,Calculation on the basis of ingredients,,5.38,Calculation on the basis of ingredients,,440,Calculation on the basis of ingredients,,73,Calculation on the basis of ingredients,,160,Calculation on the basis of ingredients,,230,Calculation on the basis of ingredients,,63,Calculation on the basis of ingredients,,220,Calculation on the basis of ingredients,,1.3,Calculation on the basis of ingredients,,6.5,Calculation on the basis of ingredients,,1.4,Calculation on the basis of ingredients,,n.d.,,,Ja
641,4070,,"Milk chocolate with raisins, nuts, almonds",,Sweets/Chocolate and cocoa products,,per 100g edible portion,2120,Automated calculation,,508,Automated calculation,,28.7,Calculation on the basis of ingredients,,14.5,Calculation on the basis of ingredients,,11,Calculation on the basis of ingredients,,1.7,Calculation on the basis of ingredients,,10,Calculation on the basis of ingredients,,51.6,Calculation on the basis of ingredients,,50.6,Calculation on the basis of ingredients,,1.1,Calculation on the basis of ingredients,,4.8,Calculation on the basis of ingredients,,8.3,Calculation on the basis of ingredients,,0.2,Automated calculation,,0,Calculation on the basis of ingredients,,7.4,Automated calculation,,36,Automated calculation,,34,Automated calculation,,33,Calculation on the basis of ingredients,,21,Calculation on the basis of ingredients,,21,Calculation on the basis of ingredients,,0.09,Calculation on the basis of ingredients,,0.29,Calculation on the basis of ingredients,,0.09,Calculation on the basis of ingredients,,0.23,Calculation on the basis of ingredients,,0.59,Calculation on the basis of ingredients,,14.3,Calculation on the basis of ingredients,,0.61,Calculation on the basis of ingredients,,1.8,Calculation on the basis of ingredients,,0.2,Calculation on the basis of ingredients,,3.09,Calculation on the basis of ingredients,,520,Calculation on the basis of ingredients,,62,Calculation on the basis of ingredients,,130,Calculation on the basis of ingredients,,210,Calculation on the basis of ingredients,,76,Calculation on the basis of ingredients,,230,Calculation on the basis of ingredients,,2,Calculation on the basis of ingredients,,5.1,Calculation on the basis of ingredients,,1.5,Calculation on the basis of ingredients,,n.d.,,,Ja
13399,,,"Milk, half skimmed 1.5 % fat, UHT",,Milk and dairy products/Milk,1,per 100ml food volume,192,Automated calculation,,46,Automated calculation,,1.5,-,1643,0.9,-,1643,0.4,-,1643,0,-,1643,5,-,1643,4.8,-,1643,4.8,-,1643,0,Estimation,1648,0,Estimation,1648,3.2,-,1660,0.1,Automated calculation,,0,Estimation,1648,89.7,-,1643,14,Automated calculation,,14,Automated calculation,,13,Estimation,1648,8,Estimation,1648,8,-,1640,0.04,-,1640,0.2,-,1640;1653,0.05,-,1640,0.25,-,1643;1653,0.09,-,1640,9.5,-,1643,0.32,-,1640;1653,1.7,-,1640,0,-,1640;1653,0.09,Estimation,,170,-,1643,43,-,1643,100,-,1643,120,-,1643,12,-,1643,89,-,1643,0,-,1643,10,Estimation,,0.4,-,1643,n.d.,,,Nein
59,3619,821035,"Milk partially skimmed, pasteurized",,Milk and dairy products/Milk,1,per 100ml food volume,236,Automated calculation,,56,Automated calculation,,2.8,-,181,1.7,Estimation,1662,0.7,Estimation,1662,0.1,Estimation,1662,11,-,181,4.7,Estimation,1662,4.7,-,181,0,Estimation,1662,0,Estimation,1662,3.1,Estimation,1662,0.1,Automated calculation,,0,Estimation,1662,88.4,-,181,35,Automated calculation,,33,Automated calculation,,32,Estimation,1662,15,Estimation,1662,14,Estimation,1662,0.02,-,181,0.19,-,181;1653,0.02,-,181,0.27,-,181;1653,0.1,Estimation,,5.1,Estimation,,0.3,-,1653,0.6,-,181,0,-,1653,0.07,-,181,160,-,181,39,-,181,96,-,181,120,-,181,10,-,181,90,-,181,0,-,181,9.2,-,181,0.4,-,181,1.2,-,1544,Nein
61,4230,821037,"Milk partially skimmed, UHT",,Milk and dairy products/Milk,1,per 100ml food volume,238,Automated calculation,,57,Automated calculation,,2.8,-,181,1.7,Estimation,1662,0.7,Estimation,1662,0.1,Estimation,1662,11,-,181,4.6,Estimation,1662,4.6,-,181,0,Estimation,1662,0,Estimation,1662,3.3,Estimation,1662,0.1,Automated calculation,,0,Estimation,1662,88.4,-,181,34,Automated calculation,,33,Automated calculation,,32,Estimation,1662,14,Estimation,1662,14,Estimation,1662,0.02,-,181,0.19,-,181;1653,0.03,-,181,0.16,-,181;1653,0.12,Estimation,,4.3,Estimation,,0.37,-,1653,0.5,-,181,0.1,-,1653,0.09,-,181,160,-,181,38,-,181,96,-,181,120,-,181,10,-,181,94,-,181,0,-,181,10,-,181,0.4,-,181,1.2,-,1544,Nein
422,3945,1000894,"Millet, grain peeled",,"Cereal products, pulses and potatoes/Other cereal products",,per 100g edible portion,1520,Automated calculation,,360,Automated calculation,,3.9,-,36,1,-,1528,0.9,-,1528,1.9,-,1528,0,-,9,68.8,-,36,1.5,-,1528,60,-,1528,3.8,-,36,10.6,-,1640,0,Automated calculation,,0,Estimation,1648,12.1,-,36,0,Automated calculation,,0,Automated calculation,,0,Estimation,1648,0,Estimation,1648,0,-,8,0.34,-,1642,0.11,-,36,0.32,-,1642,0,-,9,1.8,-,36,20,-,9,0.38,-,1642,0,-,9,0,-,9,0.41,-,36,170,-,36,3,-,36,15,-,36,9.5,-,36,120,-,36,280,-,36,6.9,-,36,2.5,-,36,2.9,-,36,n.d.,,,Nein
1586,,,"Millet risotto, cooked",,"Cereal products, pulses and potatoes/Other cereal products",,per 100g edible portion,617,Automated calculation,,146,Automated calculation,,3.1,Calculation on the basis of ingredients,,0.6,Calculation on the basis of ingredients,,1.6,Calculation on the basis of ingredients,,0.8,Calculation on the basis of ingredients,,0,Calculation on the basis of ingredients,,24.9,Calculation on the basis of ingredients,,1.5,Calculation on the basis of ingredients,,20.9,Calculation on the basis of ingredients,,1.6,Calculation on the basis of ingredients,,3.9,Calculation on the basis of ingredients,,0.9,Automated calculation,,0,Calculation on the basis of ingredients,,66.8,Automated calculation,,0,Automated calculation,,0,Automated calculation,,0,Calculation on the basis of ingredients,,2,Calculation on the basis of ingredients,,2,Calculation on the basis of ingredients,,0.06,Calculation on the basis of ingredients,,0.02,Calculation on the basis of ingredients,,0.07,Calculation on the basis of ingredients,,0,Calculation on the basis of ingredients,,0.5,Calculation on the basis of ingredients,,5.4,Calculation on the basis of ingredients,,0.11,Calculation on the basis of ingredients,,0.4,Calculation on the basis of ingredients,,0,Calculation on the basis of ingredients,,0.56,Calculation on the basis of ingredients,,40,Calculation on the basis of ingredients,,350,Calculation on the basis of ingredients,,530,Calculation on the basis of ingredients,,11,Calculation on the basis of ingredients,,44,Calculation on the basis of ingredients,,95,Calculation on the basis of ingredients,,2.3,Calculation on the basis of ingredients,,1.3,Calculation on the basis of ingredients,,1,Calculation on the basis of ingredients,,n.d.,,,Nein
938,4389,1001611,"Millet, wholemeal flakes",,"Bread, flakes and breakfast cereals/Flakes, bran and germs",,per 100g edible portion,1520,Automated calculation,,360,Automated calculation,,3.9,-,9,0.9,-,1528,0.8,-,1648,1.7,-,1528,0,Estimation,1648,68.8,-,9,1.6,-,1528,66.4,-,1528,3.9,-,1528,10.6,-,1640,0,Automated calculation,,0,Estimation,1648,10.5,-,1528,0,Automated calculation,,0,Automated calculation,,0,Estimation,1648,0,Estimation,1648,0,-,1528,0.33,-,9;1642,0.11,-,9,0.41,-,1528;1642,0,Estimation,1648,1.8,-,9,20,-,9,0.71,-,9;1642,0,-,1528,0,-,1528,0.1,-,1528,170,-,1528,3,-,9,15,-,9,10,-,1528,120,-,1528,280,-,1528,6.9,-,1528,2.5,-,9,2.9,-,1528,n.d.,,,Nein
13317,,,"Minced meat (average of beef, veal, pork, chicken), pan fried (without addition of fat and salt)",,Meat and offal,,per 100g edible portion,758,Automated calculation,,181,Automated calculation,,7.9,Calculation on the basis of ingredients,,3,Calculation on the basis of ingredients,,3.8,Calculation on the basis of ingredients,,0.8,Calculation on the basis of ingredients,,79,Calculation on the basis of ingredients,,0,Calculation on the basis of ingredients,,0,Calculation on the basis of ingredients,,0,Calculation on the basis of ingredients,,0,Calculation on the basis of ingredients,,27.4,Calculation on the basis of ingredients,,0.1,Automated calculation,,0,Calculation on the basis of ingredients,,64.7,Automated calculation,,6,Automated calculation,,5,Automated calculation,,5,Calculation on the basis of ingredients,,3,Calculation on the basis of ingredients,,3,Calculation on the basis of ingredients,,0.41,Calculation on the basis of ingredients,,0.18,Calculation on the basis of ingredients,,0.42,Calculation on the basis of ingredients,,0.98,Calculation on the basis of ingredients,,6.35,Calculation on the basis of ingredients,,7,Calculation on the basis of ingredients,,0.74,Calculation on the basis of ingredients,,0,Calculation on the basis of ingredients,,1,Calculation on the basis of ingredients,,0.39,Calculation on the basis of ingredients,,330,Calculation on the basis of ingredients,,52,Calculation on the basis of ingredients,,77,Calculation on the basis of ingredients,,5.2,Calculation on the basis of ingredients,,23,Calculation on the basis of ingredients,,200,Calculation on the basis of ingredients,,1.4,Calculation on the basis of ingredients,,1.9,Calculation on the basis of ingredients,,3.2,Calculation on the basis of ingredients,,5.3,Calculation on the basis of ingredients,,Ja
1105,3996,,"Minced meat (average of beef, veal, pork, chicken), raw",,Meat and offal/Veal;Meat and offal/Beef;Meat and offal/Pork;Meat and offal/Poultry,,per 100g edible portion,599,Automated calculation,,143,Automated calculation,,6.2,Calculation on the basis of ingredients,,2.4,Calculation on the basis of ingredients,,3,Calculation on the basis of ingredients,,0.6,Calculation on the basis of ingredients,,62,Calculation on the basis of ingredients,,0,Calculation on the basis of ingredients,,0,Calculation on the basis of ingredients,,0,Calculation on the basis of ingredients,,0,Calculation on the basis of ingredients,,21.6,Calculation on the basis of ingredients,,0.1,Automated calculation,,0,Calculation on the basis of ingredients,,72.1,Automated calculation,,5,Automated calculation,,4,Automated calculation,,4,Calculation on the basis of ingredients,,3,Calculation on the basis of ingredients,,3,Calculation on the basis of ingredients,,0.47,Calculation on the basis of ingredients,,0.15,Calculation on the basis of ingredients,,0.49,Calculation on the basis of ingredients,,1.01,Calculation on the basis of ingredients,,6.12,Calculation on the basis of ingredients,,7.3,Calculation on the basis of ingredients,,0.7,Calculation on the basis of ingredients,,0,Calculation on the basis of ingredients,,1,Calculation on the basis of ingredients,,0.36,Calculation on the basis of ingredients,,330,Calculation on the basis of ingredients,,48,Calculation on the basis of ingredients,,61,Calculation on the basis of ingredients,,4.2,Calculation on the basis of ingredients,,20,Calculation on the basis of ingredients,,190,Calculation on the basis of ingredients,,1.1,Calculation on the basis of ingredients,,1.5,Calculation on the basis of ingredients,,2.6,Calculation on the basis of ingredients,,n.d.,,,Ja
671,4201,1001230,Minestrone,,Prepared dishes/Stews and soups,1.1,per 100g edible portion,221,Automated calculation,,53,Automated calculation,,1.8,-,22,0.7,-,22,0.7,-,22,0.2,-,22,1,-,43,7,-,22,2.6,-,22,4.3,-,22,0.4,-,43,2,-,22,1,Automated calculation,,0,-,43,87.6,-,22,143,Automated calculation,,72,Automated calculation,,1,-,8,850,Estimation,51,850,-,8,0.02,-,43,0.02,-,43,0.04,-,43,0,-,43,0.79,-,43,7,-,43,0.1,-,43,1,-,43,0,-,43,tr.,-,22,110,-,43,390,-,43,300,-,9,14,-,43,5,-,43,20,-,43,0.3,-,43,n.d.,-,9,n.d.,-,9,n.d.,,,Nein
1087,4308,,Minipic sausage,,Sausages and cold meats/Raw sausage products,,per 100g edible portion,1900,Automated calculation,,460,Automated calculation,,39.1,-,1032,15.4,-,1032,18.7,-,1032,3.8,-,1032,97,-,1032,0.8,-,1032,0.8,-,1032,0,Estimation,1003,0,Estimation,1003,26.1,-,1032,4.5,Automated calculation,,0,Estimation,1003,26.4,-,1032,0,Automated calculation,,0,Automated calculation,,tr.,-,1003,n.d.,,,n.d.,,,0.28,-,1032,0.16,-,1032,0.22,-,1032,1.8,-,1032,7.2,-,1032,n.d.,,,0.9,-,1032,3.9,-,1032,1.6,-,1032,tr.,-,1032,390,-,1032,1780,-,1032,2540,-,1032,tr.,-,1032,28,-,1032,330,-,1032,3,-,1032,n.d.,,,3.9,-,1032,13,-,1032,Nein
1053,4246,,"Mirabelle plum, stewed, drained (without addition of sugar)",,Fruit/Cooked fruit (incl. cans),,per 100g edible portion,278,Automated calculation,,66,Automated calculation,,0.2,Calculation on the basis of ingredients,,0,Calculation on the basis of ingredients,,0,Calculation on the basis of ingredients,,0,Calculation on the basis of ingredients,,0,Calculation on the basis of ingredients,,13.8,Calculation on the basis of ingredients,,13.8,Calculation on the basis of ingredients,,0,Calculation on the basis of ingredients,,2.6,Calculation on the basis of ingredients,,0.8,Calculation on the basis of ingredients,,0,Automated calculation,,0,Calculation on the basis of ingredients,,82.5,Automated calculation,,49,Automated calculation,,24,Automated calculation,,0,Calculation on the basis of ingredients,,291,Calculation on the basis of ingredients,,116,Calculation on the basis of ingredients,,0.04,Calculation on the basis of ingredients,,0.04,Calculation on the basis of ingredients,,0.04,Calculation on the basis of ingredients,,0,Calculation on the basis of ingredients,,0.44,Calculation on the basis of ingredients,,4.8,Calculation on the basis of ingredients,,0.18,Calculation on the basis of ingredients,,3.1,Calculation on the basis of ingredients,,0,Calculation on the basis of ingredients,,0.57,Calculation on the basis of ingredients,,180,Calculation on the basis of ingredients,,0,Calculation on the basis of ingredients,,3.4,Calculation on the basis of ingredients,,12,Calculation on the basis of ingredients,,16,Calculation on the basis of ingredients,,34,Calculation on the basis of ingredients,,0.5,Calculation on the basis of ingredients,,1.1,Calculation on the basis of ingredients,,0.1,Calculation on the basis of ingredients,,n.d.,,,Ja
732,3819,1001327,Molasses,,Sweets/Jams and sweet sandwich spreads,1.4,per 100g edible portion,1160,Automated calculation,,274,Automated calculation,,0,-,9,0,-,9,0,-,9,0,-,9,0,Estimation,51,67.2,-,9,67.2,-,9,0,-,9,0,-,9,1.2,-,9,0.2,Automated calculation,,0,-,9,25.4,-,9,0,Automated calculation,,0,Automated calculation,,0,Estimation,51,0,Estimation,51,0,Estimation,51,0.08,-,9,0.1,-,9,0,-,9,0,-,9,0,-,9,0,-,9,0,-,9,0,-,9,0,-,9,0,-,9,1470,-,9,96,-,9,820,-,9,500,-,9,140,-,9,31,-,9,9.2,-,9,0,-,9,0.9,-,9,n.d.,,,Nein
761,4397,1001405,"Molluscs, blue mussel, raw",,"Fish/Seafood, crustaceans and shellfish",,per 100g edible portion,357,Automated calculation,,85,Automated calculation,,2.7,-,5,0.5,-,5,0.6,-,5,0.6,-,5,108,-,5,3.4,-,5,tr.,-,5,0,Estimation,51,0,-,5,11.7,-,5,0.7,Automated calculation,,0,-,5,82.1,-,5,84,Automated calculation,,84,Automated calculation,,84,-,145,0,Estimation,51,0,Estimation,51,0.12,-,5,0.16,-,5,0.08,-,5,8,-,9,1.6,-,5,37,-,5,0.29,-,9,tr.,-,5,tr.,-,5,1.11,-,5,320,-,5,290,-,5,460,-,9,88,-,5,36,-,9,240,-,5,5.8,-,5,130,-,9,1.6,-,5,n.d.,,,Nein
457,4418,1000938,"Morel, fresh",,Vegetables/Mushrooms,,per 100g edible portion,119,Automated calculation,,29,Automated calculation,,0.3,-,36,0.1,-,9,0,-,9,0.2,-,9,0,-,9,0.5,-,9,0.1,-,9,0,-,9,7,-,36,2.5,-,1640,0,Automated calculation,,0,-,36,90,-,36,0,Automated calculation,,0,Automated calculation,,0,Estimation,51,0,-,81,0,Estimation,51,0.13,-,36,0.06,-,36,0.05,-,9,0,-,9,5,-,9,25,-,36,2.5,-,9,5,-,9,3.1,-,36,0.19,-,36,390,-,36,2,-,36,8,-,36,11,-,36,16,-,36,160,-,36,1.2,-,36,10,-,9,0.5,-,9,n.d.,,,Nein
1039,4281,,"Morel, stewed (without addition of fat and salt)",,Vegetables/Mushrooms,,per 100g edible portion,145,Automated calculation,,35,Automated calculation,,0.4,Calculation on the basis of ingredients,,0.1,Calculation on the basis of ingredients,,0,Calculation on the basis of ingredients,,0.2,Calculation on the basis of ingredients,,0,Calculation on the basis of ingredients,,0.6,Calculation on the basis of ingredients,,0.1,Calculation on the basis of ingredients,,0,Calculation on the basis of ingredients,,8.5,Calculation on the basis of ingredients,,3,Calculation on the basis of ingredients,,0,Automated calculation,,0,Calculation on the basis of ingredients,,88.3,Automated calculation,,0,Automated calculation,,0,Automated calculation,,0,Calculation on the basis of ingredients,,0,Calculation on the basis of ingredients,,0,Calculation on the basis of ingredients,,0.12,Calculation on the basis of ingredients,,0.06,Calculation on the basis of ingredients,,0.05,Calculation on the basis of ingredients,,0,Calculation on the basis of ingredients,,4.88,Calculation on the basis of ingredients,,18.3,Calculation on the basis of ingredients,,2.5,Calculation on the basis of ingredients,,4.5,Calculation on the basis of ingredients,,3.8,Calculation on the basis of ingredients,,0.22,Calculation on the basis of ingredients,,370,Calculation on the basis of ingredients,,2.1,Calculation on the basis of ingredients,,9.3,Calculation on the basis of ingredients,,13,Calculation on the basis of ingredients,,16,Calculation on the basis of ingredients,,190,Calculation on the basis of ingredients,,1.2,Calculation on the basis of ingredients,,12,Calculation on the basis of ingredients,,0.5,Calculation on the basis of ingredients,,n.d.,,,Ja
819,4090,1001488,Mortadella,,Sausages and cold meats/Boiled sausage products,,per 100g edible portion,1300,Automated calculation,,314,Automated calculation,,27.3,Calculation on the basis of ingredients,,10.2,Calculation on the basis of ingredients,,12.4,Calculation on the basis of ingredients,,2.8,Calculation on the basis of ingredients,,75,Calculation on the basis of ingredients,,0.8,Calculation on the basis of ingredients,,0.9,Calculation on the basis of ingredients,,0,Calculation on the basis of ingredients,,0,Calculation on the basis of ingredients,,16.1,Calculation on the basis of ingredients,,2.1,Automated calculation,,0,Calculation on the basis of ingredients,,55.7,Automated calculation,,5,Automated calculation,,5,Automated calculation,,<5,Calculation on the basis of ingredients,,0,Calculation on the basis of ingredients,,0,Calculation on the basis of ingredients,,0.37,Calculation on the basis of ingredients,,0.12,Calculation on the basis of ingredients,,0.2,Calculation on the basis of ingredients,,1.08,Calculation on the basis of ingredients,,3.05,Calculation on the basis of ingredients,,3.1,Calculation on the basis of ingredients,,0.49,Calculation on the basis of ingredients,,25.5,Calculation on the basis of ingredients,,0,Calculation on the basis of ingredients,,0.42,Calculation on the basis of ingredients,,100,Calculation on the basis of ingredients,,840,Calculation on the basis of ingredients,,1240,Calculation on the basis of ingredients,,3.9,Calculation on the basis of ingredients,,13,Calculation on the basis of ingredients,,170,Calculation on the basis of ingredients,,0.9,Calculation on the basis of ingredients,,1.5,Calculation on the basis of ingredients,,1.3,Calculation on the basis of ingredients,,n.d.,,,Ja
717,4667,1001305,"Mostbröckli (smoked and dried beef), raw",,Sausages and cold meats/Raw sausage products,,per 100g edible portion,633,Automated calculation,,150,Automated calculation,,1.9,-,1010,0.9,-,1032,0.9,-,1032,0.2,-,1032,69,-,1032,0.5,-,1032,0.5,-,1010,0,Estimation,22,0,-,22,32.6,-,1010,4.7,Automated calculation,,0,-,22,58.4,-,1010,2,Automated calculation,,2,Automated calculation,,2,-,8,0,Estimation,51,0,Estimation,51,0.1,-,1032,0.17,-,1032,0.37,-,1032,1.4,-,1032,7.1,-,1032,tr.,-,22,0.9,-,1032,11.6,-,1032,tr.,-,22,tr.,-,22,580,-,1032,1860,-,1032,2870,-,1032,tr.,-,22,33,-,1032,300,-,1032,3.3,-,1032,tr.,-,22,5.9,-,1032,14,-,1032,Nein
82,4464,821154,Mozzarella,,Milk and dairy products/Soft cheese;Milk and dairy products/Fresh cheese and curds,,per 100g edible portion,1060,Automated calculation,,256,Automated calculation,,19.5,-,81,11.4,-,81,6,-,81,0.7,-,81,46,-,81,0.7,-,81,0.7,-,81,0,Estimation,51,0,Estimation,51,19.5,-,1640,0.4,Automated calculation,,0,Estimation,51,58.8,-,81,205,Automated calculation,,194,Automated calculation,,183,Estimation,51,130,-,81,130,Estimation,1698,0.03,-,81,0.27,-,81;1659,0.07,-,81,1.4,-,81;1659,0.4,-,81,16,-,81,0.14,-,81;1659,0,-,81,0.3,-,81;1659,0.39,-,81,8,-,83,140,-,83,810,-,81,340,-,83,10,-,83,350,-,81,0.1,-,83,4.8,-,81;1399,2.6,-,83,n.d.,,,Ja
1128,3681,,"Mushroom (average), raw",,Vegetables/Mushrooms,,per 100g edible portion,122,Automated calculation,,29,Automated calculation,,0.4,Calculation on the basis of ingredients,,0.1,Calculation on the basis of ingredients,,0,Calculation on the basis of ingredients,,0.2,Calculation on the basis of ingredients,,0,Calculation on the basis of ingredients,,0.6,Calculation on the basis of ingredients,,0.2,Calculation on the basis of ingredients,,0.1,Calculation on the basis of ingredients,,4.9,Calculation on the basis of ingredients,,3.5,Calculation on the basis of ingredients,,0,Automated calculation,,0,Calculation on the basis of ingredients,,91.7,Automated calculation,,25,Automated calculation,,12,Automated calculation,,0,Calculation on the basis of ingredients,,148,Calculation on the basis of ingredients,,148,Calculation on the basis of ingredients,,0.07,Calculation on the basis of ingredients,,0.28,Calculation on the basis of ingredients,,0.06,Calculation on the basis of ingredients,,0,Calculation on the basis of ingredients,,5.1,Calculation on the basis of ingredients,,26.3,Calculation on the basis of ingredients,,2.48,Calculation on the basis of ingredients,,4.1,Calculation on the basis of ingredients,,2.6,Calculation on the basis of ingredients,,0.14,Calculation on the basis of ingredients,,400,Calculation on the basis of ingredients,,4.2,Calculation on the basis of ingredients,,34,Calculation on the basis of ingredients,,7.6,Calculation on the basis of ingredients,,13,Calculation on the basis of ingredients,,99,Calculation on the basis of ingredients,,2.4,Calculation on the basis of ingredients,,8.7,Calculation on the basis of ingredients,,0.8,Calculation on the basis of ingredients,,n.d.,,,Ja
1129,4098,,"Mushroom (average), stewed (without addition of fat and salt)",,Vegetables/Mushrooms,,per 100g edible portion,149,Automated calculation,,36,Automated calculation,,0.5,Calculation on the basis of ingredients,,0.1,Calculation on the basis of ingredients,,0,Calculation on the basis of ingredients,,0.3,Calculation on the basis of ingredients,,0,Calculation on the basis of ingredients,,0.7,Calculation on the basis of ingredients,,0.2,Calculation on the basis of ingredients,,0.1,Calculation on the basis of ingredients,,6,Calculation on the basis of ingredients,,4.2,Calculation on the basis of ingredients,,0,Automated calculation,,0,Calculation on the basis of ingredients,,89.9,Automated calculation,,30,Automated calculation,,15,Automated calculation,,0,Calculation on the basis of ingredients,,181,Calculation on the basis of ingredients,,181,Calculation on the basis of ingredients,,0.08,Calculation on the basis of ingredients,,0.32,Calculation on the basis of ingredients,,0.06,Calculation on the basis of ingredients,,0,Calculation on the basis of ingredients,,5.91,Calculation on the basis of ingredients,,22.4,Calculation on the basis of ingredients,,2.72,Calculation on the basis of ingredients,,4,Calculation on the basis of ingredients,,3.1,Calculation on the basis of ingredients,,0.17,Calculation on the basis of ingredients,,490,Calculation on the basis of ingredients,,5.1,Calculation on the basis of ingredients,,41,Calculation on the basis of ingredients,,9.2,Calculation on the basis of ingredients,,16,Calculation on the basis of ingredients,,120,Calculation on the basis of ingredients,,3,Calculation on the basis of ingredients,,11,Calculation on the basis of ingredients,,1,Calculation on the basis of ingredients,,n.d.,,,Ja
629,4065,1001177,"Mushroom, canned",,Vegetables/Mushrooms,,per 100g edible portion,77,Automated calculation,,19,Automated calculation,,0.3,-,1008,0,-,1008,0,-,1008,0.1,-,1008,0,-,43,0.5,-,43,tr.,-,22,tr.,-,22,2.5,-,43,2.2,-,1660,0.9,Automated calculation,,0,-,43,92,-,43,2,Automated calculation,,1,Automated calculation,,0,Estimation,51,10,-,145,n.d.,,,0.02,-,43,0.19,-,43,0.06,-,43,0,-,43,2,-,43,10,-,43,2,-,43,2,-,43,0,-,43,0,-,43,120,-,43,340,-,43,400,-,36,23,-,43,12,-,43,69,-,43,0.8,-,43,18,-,9,0.5,-,9,n.d.,,,Nein
375,4015,1000838,"Mushroom, raw",,Vegetables/Mushrooms,,per 100g edible portion,107,Automated calculation,,25,Automated calculation,,0.3,-,1008;1410,0,-,1008;1410,0,-,1008;1410,0.1,-,1008;1410,0,Estimation,1408,1.1,-,43;1410,0.3,-,43;1410,0.2,-,43,1.9,-,43;1410,3.7,-,1410,0,Automated calculation,,0,Estimation,1408,92,-,43;1410,2,Automated calculation,,1,Automated calculation,,0,Estimation,51,10,-,145,10,Estimation,1698,0.1,-,43,0.45,-,43,0.1,-,43,0,-,43,4,-,43,30,-,43,2.2,-,43,3,-,43,1.9,-,36,0.1,-,43,370,-,43,5.7,-,43;1410,67,-,36,7,-,43,11,-,43,110,-,43,1,-,43,18,-,36,0.5,-,36,n.d.,,,Nein
1585,,,"Mushroom risotto, cooked",,Prepared dishes/Other savoury dishes,,per 100g edible portion,539,Automated calculation,,128,Automated calculation,,3.6,Calculation on the basis of ingredients,,1.6,Calculation on the basis of ingredients,,1.3,Calculation on the basis of ingredients,,0.3,Calculation on the basis of ingredients,,7,Calculation on the basis of ingredients,,18.6,Calculation on the basis of ingredients,,0.7,Calculation on the basis of ingredients,,17.9,Calculation on the basis of ingredients,,1.5,Calculation on the basis of ingredients,,4.5,Calculation on the basis of ingredients,,0.5,Automated calculation,,0,Calculation on the basis of ingredients,,72.1,Automated calculation,,28,Automated calculation,,27,Automated calculation,,26,Calculation on the basis of ingredients,,12,Calculation on the basis of ingredients,,12,Calculation on the basis of ingredients,,0.02,Calculation on the basis of ingredients,,0.07,Calculation on the basis of ingredients,,0.03,Calculation on the basis of ingredients,,0.08,Calculation on the basis of ingredients,,0.94,Calculation on the basis of ingredients,,6.4,Calculation on the basis of ingredients,,0.47,Calculation on the basis of ingredients,,0.5,Calculation on the basis of ingredients,,0.6,Calculation on the basis of ingredients,,0.33,Calculation on the basis of ingredients,,54,Calculation on the basis of ingredients,,210,Calculation on the basis of ingredients,,370,Calculation on the basis of ingredients,,71,Calculation on the basis of ingredients,,10,Calculation on the basis of ingredients,,81,Calculation on the basis of ingredients,,0.2,Calculation on the basis of ingredients,,3.3,Calculation on the basis of ingredients,,0.6,Calculation on the basis of ingredients,,n.d.,,,Nein
683,4056,1001248,"Mushroom sauce, thickened",,Various/Sauces,,per 100g edible portion,549,Automated calculation,,132,Automated calculation,,8.9,Calculation on the basis of ingredients,,5.4,Calculation on the basis of ingredients,,2.1,Calculation on the basis of ingredients,,0.5,Calculation on the basis of ingredients,,28,Calculation on the basis of ingredients,,8.6,Calculation on the basis of ingredients,,4,Calculation on the basis of ingredients,,4.5,Calculation on the basis of ingredients,,0.7,Calculation on the basis of ingredients,,3.9,Calculation on the basis of ingredients,,0.6,Automated calculation,,0,Calculation on the basis of ingredients,,78,Automated calculation,,96,Automated calculation,,93,Automated calculation,,90,Calculation on the basis of ingredients,,40,Calculation on the basis of ingredients,,40,Calculation on the basis of ingredients,,0.02,Calculation on the basis of ingredients,,0.21,Calculation on the basis of ingredients,,0.03,Calculation on the basis of ingredients,,0.13,Calculation on the basis of ingredients,,0.5,Calculation on the basis of ingredients,,4.4,Calculation on the basis of ingredients,,0.48,Calculation on the basis of ingredients,,0.8,Calculation on the basis of ingredients,,0.4,Calculation on the basis of ingredients,,0.25,Calculation on the basis of ingredients,,170,Calculation on the basis of ingredients,,250,Calculation on the basis of ingredients,,410,Calculation on the basis of ingredients,,110,Calculation on the basis of ingredients,,11,Calculation on the basis of ingredients,,90,Calculation on the basis of ingredients,,0.1,Calculation on the basis of ingredients,,8.7,Calculation on the basis of ingredients,,0.5,Calculation on the basis of ingredients,,n.d.,,,Ja
688,4202,1001253,Mushroom soup,,Prepared dishes/Stews and soups,1,per 100g edible portion,160,Automated calculation,,38,Automated calculation,,1.2,-,22,<0.5,-,18,0.2,-,22,0.5,-,22,0,-,18,5.5,-,22,2,-,18,3.5,-,22,<0.5,-,18,1.1,-,22,0.9,Automated calculation,,0,-,43,90.2,-,22,27,Automated calculation,,22,Automated calculation,,17,-,8,60,Estimation,51,60,-,8,0.03,-,43,0.07,-,43,0.01,-,43,0,-,43,0.4,-,43,3,-,43,0.1,-,43,0,-,43,0,-,43,0.14,-,9,68,-,43,370,-,18,290,-,9,40,-,43,5,-,43,36,-,43,0.2,-,43,4.9,-,9,0.3,-,9,n.d.,,,Nein
1037,4284,,"Mushroom, stewed (without addition of fat and salt)",,Vegetables/Mushrooms,,per 100g edible portion,130,Automated calculation,,31,Automated calculation,,0.3,Calculation on the basis of ingredients,,0.1,Calculation on the basis of ingredients,,0,Calculation on the basis of ingredients,,0.2,Calculation on the basis of ingredients,,0,Calculation on the basis of ingredients,,1.3,Calculation on the basis of ingredients,,0.4,Calculation on the basis of ingredients,,0.2,Calculation on the basis of ingredients,,2.3,Calculation on the basis of ingredients,,4.5,Calculation on the basis of ingredients,,0,Automated calculation,,0,Calculation on the basis of ingredients,,92.8,Automated calculation,,2,Automated calculation,,1,Automated calculation,,0,Calculation on the basis of ingredients,,12,Calculation on the basis of ingredients,,12,Calculation on the basis of ingredients,,0.1,Calculation on the basis of ingredients,,0.46,Calculation on the basis of ingredients,,0.1,Calculation on the basis of ingredients,,0,Calculation on the basis of ingredients,,3.9,Calculation on the basis of ingredients,,22,Calculation on the basis of ingredients,,2.2,Calculation on the basis of ingredients,,2.7,Calculation on the basis of ingredients,,2.3,Calculation on the basis of ingredients,,0.12,Calculation on the basis of ingredients,,350,Calculation on the basis of ingredients,,6,Calculation on the basis of ingredients,,78,Calculation on the basis of ingredients,,8.3,Calculation on the basis of ingredients,,11,Calculation on the basis of ingredients,,120,Calculation on the basis of ingredients,,1,Calculation on the basis of ingredients,,21,Calculation on the basis of ingredients,,0.6,Calculation on the basis of ingredients,,n.d.,,,Ja
1579,,,"Nasi Goreng, prepared",,Prepared dishes/Asian dishes,,per 100g edible portion,541,Automated calculation,,128,Automated calculation,,2,Calculation on the basis of ingredients,,0.4,Calculation on the basis of ingredients,,1.2,Calculation on the basis of ingredients,,0.3,Calculation on the basis of ingredients,,24,Calculation on the basis of ingredients,,16.2,Calculation on the basis of ingredients,,0.8,Calculation on the basis of ingredients,,14.2,Calculation on the basis of ingredients,,0.5,Calculation on the basis of ingredients,,11.1,Calculation on the basis of ingredients,,1.3,Automated calculation,,0,Calculation on the basis of ingredients,,70.2,Automated calculation,,48,Automated calculation,,25,Automated calculation,,2,Calculation on the basis of ingredients,,274,Calculation on the basis of ingredients,,236,Calculation on the basis of ingredients,,0.08,Calculation on the basis of ingredients,,0.07,Calculation on the basis of ingredients,,0.13,Calculation on the basis of ingredients,,0.05,Calculation on the basis of ingredients,,3.51,Calculation on the basis of ingredients,,3,Calculation on the basis of ingredients,,0.34,Calculation on the basis of ingredients,,10.4,Calculation on the basis of ingredients,,0.3,Calculation on the basis of ingredients,,0.4,Calculation on the basis of ingredients,,150,Calculation on the basis of ingredients,,510,Calculation on the basis of ingredients,,730,Calculation on the basis of ingredients,,18,Calculation on the basis of ingredients,,15,Calculation on the basis of ingredients,,110,Calculation on the basis of ingredients,,0.3,Calculation on the basis of ingredients,,1.4,Calculation on the basis of ingredients,,0.7,Calculation on the basis of ingredients,,19,Calculation on the basis of ingredients,,Ja
404,4565,1000868,"Nectarine, fresh",,Fruit/Fresh fruit,,per 100g edible portion,214,Automated calculation,,51,Automated calculation,,0.2,-,43,tr.,-,43,tr.,-,43,tr.,-,43,0,-,43,10.2,-,43,10.2,-,43,tr.,-,43,2.2,-,43,0.9,-,43,0,Automated calculation,,0,-,43,86,-,43,44,Automated calculation,,22,Automated calculation,,0,Estimation,51,264,-,51;1662,204,-,121;1670,0.02,-,43;1670,0.03,-,43;1670,0.02,-,43;1670,0,-,43,0.74,-,43;1670,3.3,-,43;1670,0.18,-,43;1670,10.3,-,43;1670,0,-,43,0.5,-,9,210,-,43,4,-,43,5,-,9,7,-,43,10,-,43,18,-,43,0.2,-,43,1,-,8,0.1,-,9,n.d.,,,Nein
767,4393,1001414,"Norway lobster, raw",,"Fish/Seafood, crustaceans and shellfish",,per 100g edible portion,395,Automated calculation,,93,Automated calculation,,1.3,-,13,0.2,-,13,0.3,-,13,0.4,-,13,95,-,13,0.8,-,9,0,-,13,0.8,-,9,0,-,22,19.6,-,13,0.9,Automated calculation,,0,-,13,75.9,-,13,0,Automated calculation,,0,Automated calculation,,0,-,145,0,Estimation,51,0,Estimation,51,0.13,-,13,0.01,-,13,0.21,-,13,0.9,-,13,5.67,-,13,17,-,13,1.5,-,13,3,-,13,0,-,13,1.5,-,13,210,-,13,340,-,13,tr.,-,22,29,-,13,68,-,13,180,-,13,2,-,13,240,-,13,4.6,-,13,n.d.,,,Nein
915,3718,1001588,Nut roll with yeast dough,,Sweets/Other sweet pastries,,per 100g edible portion,1860,Automated calculation,,443,Automated calculation,,18.7,Calculation on the basis of ingredients,,5.7,Calculation on the basis of ingredients,,9.6,Calculation on the basis of ingredients,,1.9,Calculation on the basis of ingredients,,62,Calculation on the basis of ingredients,,54.4,Calculation on the basis of ingredients,,13.1,Calculation on the basis of ingredients,,40.7,Calculation on the basis of ingredients,,3.8,Calculation on the basis of ingredients,,12.2,Calculation on the basis of ingredients,,1.2,Automated calculation,,0,Calculation on the basis of ingredients,,11.9,Automated calculation,,98,Automated calculation,,95,Automated calculation,,92,Calculation on the basis of ingredients,,38,Calculation on the basis of ingredients,,33,Calculation on the basis of ingredients,,0.3,Calculation on the basis of ingredients,,0.19,Calculation on the basis of ingredients,,0.21,Calculation on the basis of ingredients,,0.2,Calculation on the basis of ingredients,,1.71,Calculation on the basis of ingredients,,52.9,Calculation on the basis of ingredients,,0.69,Calculation on the basis of ingredients,,0.5,Calculation on the basis of ingredients,,0.4,Calculation on the basis of ingredients,,4.6,Calculation on the basis of ingredients,,300,Calculation on the basis of ingredients,,470,Calculation on the basis of ingredients,,750,Calculation on the basis of ingredients,,69,Calculation on the basis of ingredients,,42,Calculation on the basis of ingredients,,170,Calculation on the basis of ingredients,,1.6,Calculation on the basis of ingredients,,4.1,Calculation on the basis of ingredients,,1.2,Calculation on the basis of ingredients,,2.2,Calculation on the basis of ingredients,,Ja
871,3647,1001543,Nut sticks,,Sweets/Cookies/Biscuits,,per 100g edible portion,2350,Automated calculation,,563,Automated calculation,,36.7,Calculation on the basis of ingredients,,12.6,Calculation on the basis of ingredients,,17.7,Calculation on the basis of ingredients,,3.2,Calculation on the basis of ingredients,,144,Calculation on the basis of ingredients,,46.1,Calculation on the basis of ingredients,,23,Calculation on the basis of ingredients,,22.5,Calculation on the basis of ingredients,,3.7,Calculation on the basis of ingredients,,10.4,Calculation on the basis of ingredients,,0.1,Automated calculation,,0,Calculation on the basis of ingredients,,4.2,Automated calculation,,228,Automated calculation,,220,Automated calculation,,213,Calculation on the basis of ingredients,,87,Calculation on the basis of ingredients,,73,Calculation on the basis of ingredients,,0.14,Calculation on the basis of ingredients,,0.08,Calculation on the basis of ingredients,,0.2,Calculation on the basis of ingredients,,0.35,Calculation on the basis of ingredients,,0.61,Calculation on the basis of ingredients,,20.3,Calculation on the basis of ingredients,,0.76,Calculation on the basis of ingredients,,0.5,Calculation on the basis of ingredients,,0.8,Calculation on the basis of ingredients,,7.9,Calculation on the basis of ingredients,,270,Calculation on the basis of ingredients,,55,Calculation on the basis of ingredients,,99,Calculation on the basis of ingredients,,62,Calculation on the basis of ingredients,,55,Calculation on the basis of ingredients,,180,Calculation on the basis of ingredients,,1.9,Calculation on the basis of ingredients,,6.1,Calculation on the basis of ingredients,,1.5,Calculation on the basis of ingredients,,n.d.,,,Ja
902,3802,,Nut tart from Engadin,,Sweets/Cakes and tarts,,per 100g edible portion,2040,Automated calculation,,487,Automated calculation,,28.3,Calculation on the basis of ingredients,,10.2,Calculation on the basis of ingredients,,5.9,Calculation on the basis of ingredients,,9.8,Calculation on the basis of ingredients,,69,Calculation on the basis of ingredients,,49.9,Calculation on the basis of ingredients,,30.7,Calculation on the basis of ingredients,,18.4,Calculation on the basis of ingredients,,2,Calculation on the basis of ingredients,,7.2,Calculation on the basis of ingredients,,0,Automated calculation,,0,Calculation on the basis of ingredients,,13.3,Automated calculation,,170,Automated calculation,,164,Automated calculation,,159,Calculation on the basis of ingredients,,65,Calculation on the basis of ingredients,,60,Calculation on the basis of ingredients,,0.12,Calculation on the basis of ingredients,,0.07,Calculation on the basis of ingredients,,0.1,Calculation on the basis of ingredients,,0.13,Calculation on the basis of ingredients,,0.42,Calculation on the basis of ingredients,,28,Calculation on the basis of ingredients,,0.52,Calculation on the basis of ingredients,,0.4,Calculation on the basis of ingredients,,0.4,Calculation on the basis of ingredients,,1.05,Calculation on the basis of ingredients,,150,Calculation on the basis of ingredients,,15,Calculation on the basis of ingredients,,42,Calculation on the basis of ingredients,,33,Calculation on the basis of ingredients,,30,Calculation on the basis of ingredients,,110,Calculation on the basis of ingredients,,0.8,Calculation on the basis of ingredients,,3.6,Calculation on the basis of ingredients,,1,Calculation on the basis of ingredients,,n.d.,,,Ja
769,4340,1001418,"Oat bran, raw",,"Bread, flakes and breakfast cereals/Flakes, bran and germs",,per 100g edible portion,1710,Automated calculation,,406,Automated calculation,,7,-,56,1.3,-,56,2.4,-,56,2.8,-,56,0,-,56,59.5,-,1528,0.8,-,1528,58.2,-,1528,15.4,-,56,18.5,-,1631,0,Automated calculation,,0,Estimation,1648,6.6,-,56,0,Automated calculation,,0,Automated calculation,,0,Estimation,1648,0,Estimation,1648,0,-,1650,0.85,-,56;1642,0.22,-,56,0.36,-,56;1642,0,-,56,0.93,-,56,52,-,56,1.25,-,56;1642,0,-,56,0,-,1648,1.7,-,56,570,-,56,4,-,56,61,-,1528,58,-,56,240,-,56,730,-,56,5.4,-,56,0.8,-,1528,3.1,-,56,n.d.,,,Nein
198,3960,831012,Oat flakes,,"Bread, flakes and breakfast cereals/Flakes, bran and germs",,per 100g edible portion,1600,Automated calculation,,381,Automated calculation,,7.5,-,49,1,-,49,3,-,49,3,-,49,0,-,1528,59.5,-,1528,1,-,49,58,-,1528,10.5,-,49,13.5,-,1640,0.1,Automated calculation,,0,Estimation,1648,8.7,-,49,0,Automated calculation,,0,Automated calculation,,0,Estimation,1648,<1,-,1648,<1,-,91,0.42,-,1642,0.13,-,145,0.1,-,1642,0,-,145,0.8,-,145,47.2,-,145,0.69,-,1642,0,-,145,0,-,145,0.75,-,145,400,-,145,20,-,49,61,-,1528,53,-,145,120,-,145,410,-,145,3.8,-,145,0.5,-,145,3,-,145,n.d.,,,Nein
493,4005,1000980,"Olive, black",,"Nuts, seeds and oleaginous fruit",,per 100g edible portion,627,Automated calculation,,152,Automated calculation,,14,-,1008,1.4,-,1008,8.1,-,1008,1.6,-,1008,0,-,43,3,-,1007,n.d.,,,tr.,-,43,4.3,-,1007,1.4,-,1660,8.2,Automated calculation,,0,-,43,72.4,-,1008,7,Automated calculation,,3,Automated calculation,,0,Estimation,51,40,Estimation,51,40,-,8,tr.,-,43,tr.,-,43,0.02,-,43,0,-,43,tr.,-,43,11,-,43,0.02,-,43,0,-,43,0,-,43,1.99,-,5,40,-,43,3290,-,43,tr.,-,22,61,-,43,22,-,43,24,-,43,1.5,-,43,tr.,-,22,tr.,-,22,n.d.,,,Nein
492,4347,1000979,"Olive, green",,"Nuts, seeds and oleaginous fruit",,per 100g edible portion,516,Automated calculation,,126,Automated calculation,,12.5,-,43,1.8,-,43,8.7,-,43,1.4,-,43,0,-,43,tr.,-,43,tr.,-,43,0,-,43,4,-,43,1.3,-,1660,4,Automated calculation,,0,-,43,77,-,43,47,Automated calculation,,23,Automated calculation,,0,Estimation,51,280,Estimation,51,280,-,90,0.02,-,43,0.08,-,43,0.02,-,43,0,-,43,0.5,-,43,6,-,43,0.02,-,43,0,-,43,0,-,43,1.99,-,5,52,-,43,1610,-,43,tr.,-,22,36,-,43,20,-,43,14,-,43,1.2,-,43,tr.,-,22,tr.,-,22,n.d.,,,Nein
591,3912,1001128,Olive oil,,Fats and oils/Oils,0.9,per 100ml food volume,3330,Automated calculation,,810,Automated calculation,,90,-,1660,10.7,-,1660,67.7,-,1660,6.7,-,1660,0,Estimation,1648,0,Estimation,1648,0,Estimation,1648,0,Estimation,1648,0,Estimation,1648,0,Estimation,1648,0,Automated calculation,,0,Estimation,1648,0,Estimation,1648,13,Automated calculation,,7,Automated calculation,,0,-,92,79,-,1648;1662,79,-,92;1667,0,-,8,0,-,8,0,-,8,0,Estimation,1648,0,-,8,0,-,8,0,-,8,0,-,8,0,Estimation,1648,27.84,Automated calculation,,0.9,-,1528,0.9,-,8,90,-,8,0,-,1528,0.9,-,1528,1.8,-,1528,0.1,-,1528,0.1,-,1528,0,-,1528,n.d.,,,Nein
10545,,,"Olives stuffed with minced meat, deep-fried",,Savoury snacks/Other savoury snacks,,per 100g edible portion,1340,Automated calculation,,321,Automated calculation,,14,Calculation on the basis of ingredients,,2.8,Calculation on the basis of ingredients,,8.4,Calculation on the basis of ingredients,,1.8,Calculation on the basis of ingredients,,55,Calculation on the basis of ingredients,,32.8,Calculation on the basis of ingredients,,2.1,Calculation on the basis of ingredients,,30.6,Calculation on the basis of ingredients,,3.3,Calculation on the basis of ingredients,,13.6,Calculation on the basis of ingredients,,1.7,Automated calculation,,0.4,Calculation on the basis of ingredients,,36.4,Automated calculation,,124,Automated calculation,,77,Automated calculation,,29,Calculation on the basis of ingredients,,571,Calculation on the basis of ingredients,,425,Calculation on the basis of ingredients,,0.14,Calculation on the basis of ingredients,,0.11,Calculation on the basis of ingredients,,0.13,Calculation on the basis of ingredients,,0.42,Calculation on the basis of ingredients,,1.04,Calculation on the basis of ingredients,,19.7,Calculation on the basis of ingredients,,0.56,Calculation on the basis of ingredients,,3.1,Calculation on the basis of ingredients,,0.6,Calculation on the basis of ingredients,,1.3,Calculation on the basis of ingredients,,180,Calculation on the basis of ingredients,,700,Calculation on the basis of ingredients,,440,Calculation on the basis of ingredients,,120,Calculation on the basis of ingredients,,23,Calculation on the basis of ingredients,,140,Calculation on the basis of ingredients,,1.4,Calculation on the basis of ingredients,,7,Calculation on the basis of ingredients,,1.5,Calculation on the basis of ingredients,,n.d.,,,Ja
1616,,,"Onion quiche, baked (with cake dough)",,"Prepared dishes/Cakes, pies and gratins",,per 100g edible portion,754,Automated calculation,,181,Automated calculation,,10.7,Calculation on the basis of ingredients,,5.7,Calculation on the basis of ingredients,,3.1,Calculation on the basis of ingredients,,0.8,Calculation on the basis of ingredients,,46,Calculation on the basis of ingredients,,15.3,Calculation on the basis of ingredients,,5.1,Calculation on the basis of ingredients,,10.1,Calculation on the basis of ingredients,,1.6,Calculation on the basis of ingredients,,5,Calculation on the basis of ingredients,,0.9,Automated calculation,,0,Calculation on the basis of ingredients,,67.6,Automated calculation,,91,Automated calculation,,88,Automated calculation,,85,Calculation on the basis of ingredients,,35,Calculation on the basis of ingredients,,33,Calculation on the basis of ingredients,,0.07,Calculation on the basis of ingredients,,0.06,Calculation on the basis of ingredients,,0.09,Calculation on the basis of ingredients,,0.09,Calculation on the basis of ingredients,,0.42,Calculation on the basis of ingredients,,5,Calculation on the basis of ingredients,,0.26,Calculation on the basis of ingredients,,3.5,Calculation on the basis of ingredients,,0.3,Calculation on the basis of ingredients,,0.33,Calculation on the basis of ingredients,,120,Calculation on the basis of ingredients,,380,Calculation on the basis of ingredients,,650,Calculation on the basis of ingredients,,38,Calculation on the basis of ingredients,,12,Calculation on the basis of ingredients,,67,Calculation on the basis of ingredients,,0.5,Calculation on the basis of ingredients,,4.2,Calculation on the basis of ingredients,,0.5,Calculation on the basis of ingredients,,n.d.,,,Nein
1615,,,"Onion quiche, baked (with puff pastry)",,"Prepared dishes/Cakes, pies and gratins",,per 100g edible portion,743,Automated calculation,,178,Automated calculation,,11.5,Calculation on the basis of ingredients,,6.2,Calculation on the basis of ingredients,,3.3,Calculation on the basis of ingredients,,0.8,Calculation on the basis of ingredients,,48,Calculation on the basis of ingredients,,13.2,Calculation on the basis of ingredients,,5.1,Calculation on the basis of ingredients,,8.1,Calculation on the basis of ingredients,,1.5,Calculation on the basis of ingredients,,4.7,Calculation on the basis of ingredients,,0.9,Automated calculation,,0,Calculation on the basis of ingredients,,69.2,Automated calculation,,100,Automated calculation,,97,Automated calculation,,93,Calculation on the basis of ingredients,,38,Calculation on the basis of ingredients,,36,Calculation on the basis of ingredients,,0.07,Calculation on the basis of ingredients,,0.06,Calculation on the basis of ingredients,,0.08,Calculation on the basis of ingredients,,0.09,Calculation on the basis of ingredients,,0.4,Calculation on the basis of ingredients,,4.7,Calculation on the basis of ingredients,,0.25,Calculation on the basis of ingredients,,3.5,Calculation on the basis of ingredients,,0.3,Calculation on the basis of ingredients,,0.34,Calculation on the basis of ingredients,,120,Calculation on the basis of ingredients,,380,Calculation on the basis of ingredients,,660,Calculation on the basis of ingredients,,38,Calculation on the basis of ingredients,,11,Calculation on the basis of ingredients,,64,Calculation on the basis of ingredients,,0.4,Calculation on the basis of ingredients,,4.2,Calculation on the basis of ingredients,,0.5,Calculation on the basis of ingredients,,n.d.,,,Nein
368,4017,1000831,"Onion, raw",,Vegetables/Fresh vegetables,,per 100g edible portion,163,Automated calculation,,39,Automated calculation,,0.2,-,43,0,-,43,0,-,43,0.1,-,43,0,-,43,7,-,43,7,-,43,tr.,-,43,1.8,-,43,1.3,-,43,0,Automated calculation,,0,-,43,89,-,43,0,Automated calculation,,0,Automated calculation,,0,Estimation,51,1,-,51;1662,2,-,121,0.05,-,43;1669,0.02,-,43,0.11,-,43;1669,0,-,43,0.3,-,43,7.9,-,43;1669,0.14,-,43;1669,6,-,43;1669,0,-,43,0.14,-,43,110,-,318,3.8,-,318,19,-,36,28,-,318,9.4,-,318,34,-,318,0.3,-,318,1.8,-,36,0.2,-,318,n.d.,,,Nein
1036,3776,,"Onion, roasted, brown (without addition of fat and salt)",,Vegetables/Cooked vegetables (incl. cans),,per 100g edible portion,388,Automated calculation,,92,Automated calculation,,0.5,Calculation on the basis of ingredients,,0.1,Calculation on the basis of ingredients,,0,Calculation on the basis of ingredients,,0.2,Calculation on the basis of ingredients,,0,Calculation on the basis of ingredients,,16.7,Calculation on the basis of ingredients,,16.7,Calculation on the basis of ingredients,,0,Calculation on the basis of ingredients,,4.3,Calculation on the basis of ingredients,,3.1,Calculation on the basis of ingredients,,0,Automated calculation,,0,Calculation on the basis of ingredients,,75.5,Automated calculation,,0,Automated calculation,,0,Automated calculation,,0,Calculation on the basis of ingredients,,2,Calculation on the basis of ingredients,,4,Calculation on the basis of ingredients,,0.11,Calculation on the basis of ingredients,,0.05,Calculation on the basis of ingredients,,0.24,Calculation on the basis of ingredients,,0,Calculation on the basis of ingredients,,0.68,Calculation on the basis of ingredients,,13.2,Calculation on the basis of ingredients,,0.3,Calculation on the basis of ingredients,,12.2,Calculation on the basis of ingredients,,0,Calculation on the basis of ingredients,,0.33,Calculation on the basis of ingredients,,250,Calculation on the basis of ingredients,,8.9,Calculation on the basis of ingredients,,45,Calculation on the basis of ingredients,,68,Calculation on the basis of ingredients,,22,Calculation on the basis of ingredients,,80,Calculation on the basis of ingredients,,0.6,Calculation on the basis of ingredients,,4.3,Calculation on the basis of ingredients,,0.5,Calculation on the basis of ingredients,,n.d.,,,Ja
1035,4287,,"Onion, stewed (without addition of fat and salt)",,Vegetables/Cooked vegetables (incl. cans),,per 100g edible portion,196,Automated calculation,,47,Automated calculation,,0.2,Calculation on the basis of ingredients,,0,Calculation on the basis of ingredients,,0,Calculation on the basis of ingredients,,0.1,Calculation on the basis of ingredients,,0,Calculation on the basis of ingredients,,8.4,Calculation on the basis of ingredients,,8.4,Calculation on the basis of ingredients,,0,Calculation on the basis of ingredients,,2.2,Calculation on the basis of ingredients,,1.6,Calculation on the basis of ingredients,,0,Automated calculation,,0,Calculation on the basis of ingredients,,87.6,Automated calculation,,0,Automated calculation,,0,Automated calculation,,0,Calculation on the basis of ingredients,,1,Calculation on the basis of ingredients,,2,Calculation on the basis of ingredients,,0.05,Calculation on the basis of ingredients,,0.02,Calculation on the basis of ingredients,,0.11,Calculation on the basis of ingredients,,0,Calculation on the basis of ingredients,,0.3,Calculation on the basis of ingredients,,5.7,Calculation on the basis of ingredients,,0.13,Calculation on the basis of ingredients,,4.9,Calculation on the basis of ingredients,,0,Calculation on the basis of ingredients,,0.17,Calculation on the basis of ingredients,,97,Calculation on the basis of ingredients,,3.5,Calculation on the basis of ingredients,,22,Calculation on the basis of ingredients,,33,Calculation on the basis of ingredients,,9.3,Calculation on the basis of ingredients,,38,Calculation on the basis of ingredients,,0.3,Calculation on the basis of ingredients,,2.1,Calculation on the basis of ingredients,,0.2,Calculation on the basis of ingredients,,n.d.,,,Ja
405,4567,1000869,"Orange, fresh",,Fruit/Fresh fruit,,per 100g edible portion,185,Automated calculation,,44,Automated calculation,,0.2,-,43,tr.,-,43,tr.,-,43,tr.,-,43,0,-,43,8.6,-,43,8.6,-,43,0,-,43,1.8,-,43,1,-,43,0,Automated calculation,,0,-,43,86.6,-,43,21,Automated calculation,,10,Automated calculation,,0,Estimation,51,126,-,51;1662,78,-,75;1670,0.1,-,43;1670,0.03,-,43;1670,0.05,-,43;1670,0,-,43,0.31,-,43;1670,17.5,-,43;1670,0.21,-,43;1670,53,-,43;1670,0,-,43,0.24,-,43,180,-,43,4,-,43,4,-,36,40,-,43,10,-,43,16,-,43,0.1,-,43,0.9,-,36,0.1,-,36,n.d.,,,Nein
576,3914,1001105,Orange juice,,Fruit/Fruit juices;Non-alcoholic beverages/Fruit and vegetable juices,1,per 100ml food volume,216,Automated calculation,,51,Automated calculation,,<0.5,-,22,tr.,-,43,tr.,-,43,tr.,-,43,0,Estimation,51,11.1,-,22,11.1,-,22,0,-,43,0.1,-,43,0.5,-,22,0,Automated calculation,,0,-,43,86.6,-,22,8,Automated calculation,,4,Automated calculation,,0,Estimation,51,47,Estimation,51,13,-,118,0.08,-,43,0.03,-,43,0.05,-,43,0,-,43,0.26,-,43,20,-,43,0.18,-,43,31,-,9,0,-,43,0.19,-,43,180,-,43,1,-,43,4,-,9,11,-,43,11,-,43,16,-,43,0.2,-,43,2.1,-,9,0.1,-,9,n.d.,,,Nein
577,3913,1001108,"Orange juice, fortified with vitamin C",,Fruit/Fruit juices;Non-alcoholic beverages/Fruit and vegetable juices,1.1,per 100ml food volume,232,Automated calculation,,55,Automated calculation,,<0.5,-,7,tr.,-,43,tr.,-,43,tr.,-,43,0,Estimation,51,12,-,7,12,-,22,0,-,22,0.1,-,43,0.5,-,7,0,Automated calculation,,0,-,43,85.6,-,22,8,Automated calculation,,4,Automated calculation,,0,Estimation,51,47,Estimation,51,13,-,118,0.08,-,43,0.03,-,43,0.05,-,43,0,-,43,0.26,-,43,20,-,43,0.18,-,43,30,-,7,0,-,43,0.19,-,43,180,-,43,1,-,43,4,-,9,11,-,43,11,-,43,16,-,43,0.2,-,43,2.1,-,43,0.1,-,9,n.d.,,,Nein
572,4612,1001101,Orange nectar,,Non-alcoholic beverages/Soft drinks;Non-alcoholic beverages/Fruit and vegetable juices,1,per 100ml food volume,185,Automated calculation,,44,Automated calculation,,0,-,22,tr.,-,22,tr.,-,22,tr.,-,22,0,Estimation,51,10.5,-,22,10.5,-,22,0,-,22,0.1,-,43,0.4,-,22,0,Automated calculation,,0,-,43,88.2,-,22,7,Automated calculation,,3,Automated calculation,,0,Estimation,51,40,Estimation,51,40,-,61,0.04,-,43,0.01,-,43,0.02,-,43,0,-,43,0.14,-,43,12,-,43,0.08,-,43,12,-,44,0,-,43,0.1,-,43,110,-,43,1,-,43,3,-,9,6,-,43,7,-,43,10,-,43,0.1,-,43,2,-,9,0.1,-,9,n.d.,,,Nein
708,3654,1001294,"Palm oil, palm fat",,Fats and oils/Oils;Fats and oils/Fats,0.9,per 100ml food volume,3290,Automated calculation,,799,Automated calculation,,88.8,-,9,41.3,-,9,34.9,-,9,8.7,-,9,0,-,22,0,-,5,0,-,5,0,-,5,0,-,22,0,-,8,0,Automated calculation,,0,-,22,1.2,-,9,0,Automated calculation,,0,Automated calculation,,0,Estimation,51,0,Estimation,51,0,-,156,0,-,8,0,-,8,0,-,8,0,-,8,0,-,8,0,-,8,0,-,8,0,-,8,0,-,8,8.55,-,9,0.9,-,8,0.9,-,8,0.9,-,8,0.9,-,8,0.9,-,8,0.9,-,8,0,-,8,tr.,-,22,0,-,8,n.d.,,,Nein
716,3900,1001304,Pancetta,,Sausages and cold meats/Raw sausage products,,per 100g edible portion,1930,Automated calculation,,467,Automated calculation,,43,-,50,14.4,-,5,18.9,-,5,6.6,-,5,80,-,5,0.4,-,50,tr.,-,22,tr.,-,22,0,-,22,19.5,-,22,4.6,Automated calculation,,0,-,22,33,-,50,0,Automated calculation,,0,Automated calculation,,0,Estimation,51,0,-,81,0,Estimation,51,0.45,-,5,0.14,-,5,0.3,-,5,tr.,-,22,tr.,-,22,3,-,5,tr.,-,22,0,-,5,1.4,-,5,0.1,-,5,190,-,5,1850,-,5,tr.,-,22,13,-,5,tr.,-,22,84,-,50,0.8,-,5,tr.,-,22,1.9,-,5,n.d.,,,Nein
202,4515,831069,Panettone,,Sweets/Other sweet pastries,,per 100g edible portion,1490,Automated calculation,,354,Automated calculation,,10.7,-,81,5.6,-,81,3.2,-,81,0.7,-,81,112,-,81,56.5,-,81,22.9,Estimation,51,33.6,-,81,2.8,-,81,6.4,-,81,0.1,Automated calculation,,0,-,81,26.9,-,81,113,Automated calculation,,107,Automated calculation,,102,-,81,63,-,81,n.d.,,,0.13,-,81,0.11,-,81,0.12,-,81,n.d.,,,0.63,-,81,33,-,81,n.d.,,,0,-,81,0.4,-,81,0.62,-,81,230,-,81,38,-,81,n.d.,,,150,-,81,n.d.,,,130,-,81,3,-,81,n.d.,,,0.6,-,81,n.d.,,,Nein
779,4757,1001429,"Pantli, beef and pork sausage",,Sausages and cold meats/Raw sausage products,,per 100g edible portion,2280,Automated calculation,,553,Automated calculation,,51.4,Calculation on the basis of ingredients,,20.1,Calculation on the basis of ingredients,,24.4,Calculation on the basis of ingredients,,4.4,Calculation on the basis of ingredients,,87,Calculation on the basis of ingredients,,0.9,Calculation on the basis of ingredients,,0.9,Calculation on the basis of ingredients,,0,Calculation on the basis of ingredients,,0,Calculation on the basis of ingredients,,21.7,Calculation on the basis of ingredients,,4,Automated calculation,,0,Calculation on the basis of ingredients,,26,Automated calculation,,9,Automated calculation,,8,Automated calculation,,8,Calculation on the basis of ingredients,,7,Calculation on the basis of ingredients,,7,Calculation on the basis of ingredients,,0.46,Calculation on the basis of ingredients,,0.25,Calculation on the basis of ingredients,,0.28,Calculation on the basis of ingredients,,3.73,Calculation on the basis of ingredients,,6.32,Calculation on the basis of ingredients,,2.6,Calculation on the basis of ingredients,,0.55,Calculation on the basis of ingredients,,73.1,Calculation on the basis of ingredients,,0,Calculation on the basis of ingredients,,0.7,Calculation on the basis of ingredients,,350,Calculation on the basis of ingredients,,1600,Calculation on the basis of ingredients,,2350,Calculation on the basis of ingredients,,5.1,Calculation on the basis of ingredients,,22,Calculation on the basis of ingredients,,180,Calculation on the basis of ingredients,,1.7,Calculation on the basis of ingredients,,0.8,Calculation on the basis of ingredients,,3.2,Calculation on the basis of ingredients,,n.d.,,,Ja
663,4405,1001222,Paprika (spice),,"Various/Salt, spices and flavours",,per 100g edible portion,1490,Automated calculation,,358,Automated calculation,,13,-,9,2.1,-,9,1.2,-,9,8.4,-,9,0,-,9,34.9,-,9,33.2,-,9,1.7,-,9,20.9,-,9,14.8,-,9,0.1,Automated calculation,,0,-,9,9.3,-,9,6060,Automated calculation,,3030,Automated calculation,,0,Estimation,51,36360,-,81,36360,Estimation,1698,0.65,-,9,1.74,-,9,0,-,9,0,-,9,15.3,-,9,0,-,9,0,-,9,0,-,9,0,-,9,0,-,9,2340,-,9,34,-,9,220,-,9,180,-,9,190,-,9,350,-,9,24,-,9,5,-,9,4.1,-,9,n.d.,,,Nein
482,4536,1000968,Parmesan cheese,,Milk and dairy products/Hard cheese,,per 100g edible portion,1540,Automated calculation,,370,Automated calculation,,25.6,-,5,15.4,-,3,6,-,3,1.2,-,3,77,-,3,tr.,-,1408,tr.,-,65,0,-,65,0,-,22,34.9,-,1640,1.6,Automated calculation,,0,-,22,29.5,-,5,298,Automated calculation,,288,Automated calculation,,278,Estimation,1698,118,Estimation,1698,118,-,1651,0.02,-,5,0.29,-,5;1659,0.1,-,5,1.75,-,9;1659,0.2,-,9,20,-,5,0.79,-,9;1659,tr.,-,22,0.8,-,5;1659,0.78,-,5,100,-,5,650,-,1700,1700,-,9,1340,-,5,44,-,9,800,-,5,0.7,-,5,40,-,9,4,-,5,n.d.,,,Nein
373,4368,1000836,"Parsley, fresh",,Vegetables/Herbs,,per 100g edible portion,235,Automated calculation,,56,Automated calculation,,0.5,-,8,0.1,-,8,0,-,8,0.2,-,8,0,-,43,6.8,-,8,4.8,-,8,2.6,-,8,4.3,-,8,3.9,-,8,0.1,Automated calculation,,0,-,43,82.1,-,8,770,Automated calculation,,385,Automated calculation,,0,Estimation,51,4620,Estimation,51,4620,-,125,0.15,-,8,0.3,-,8,0.2,-,8,0,-,43,1.4,-,8,132,-,8,0.31,-,8,182,-,8,0,-,43,3.54,-,8,850,-,8,38,-,8,160,-,8,210,-,8,37,-,8,110,-,8,5.9,-,8,3.4,-,36,0.8,-,8,n.d.,,,Nein
986,4162,1001678,"Passion fruit, fresh",,Fruit/Fresh fruit,,per 100g edible portion,387,Automated calculation,,92,Automated calculation,,0.5,-,8,0.1,-,8,0.1,-,8,0.2,-,8,0,-,43,11.8,-,1008,11.2,-,1008,0.6,-,43,10.6,-,1008,2.2,-,1008,0.1,Automated calculation,,0,-,43,72.9,-,1008,28,Automated calculation,,14,Automated calculation,,0,Estimation,51,170,Estimation,51,156,-,164,0,-,1008,0.13,-,1008,0.4,-,9,0,-,43,1.5,-,1008,14,-,1008,0.2,-,9,30,-,1008,0,-,43,0.4,-,9,350,-,1008,28,-,1008,37,-,9,9,-,1008,29,-,1008,68,-,1008,1.6,-,1008,1.3,-,9,0.3,-,9,n.d.,,,Nein
1063,3598,,"Pasta egg-free, cooked in salted water (uniodised)",,"Cereal products, pulses and potatoes/Pasta",,per 100g edible portion,698,Automated calculation,,165,Automated calculation,,0.6,Calculation on the basis of ingredients,,0.1,Calculation on the basis of ingredients,,0,Calculation on the basis of ingredients,,0.2,Calculation on the basis of ingredients,,0,Calculation on the basis of ingredients,,32.8,Calculation on the basis of ingredients,,0.2,Calculation on the basis of ingredients,,32.5,Calculation on the basis of ingredients,,2.4,Calculation on the basis of ingredients,,5.9,Calculation on the basis of ingredients,,1,Automated calculation,,0,Calculation on the basis of ingredients,,58.9,Automated calculation,,0,Automated calculation,,0,Automated calculation,,0,Calculation on the basis of ingredients,,0,Calculation on the basis of ingredients,,0,Calculation on the basis of ingredients,,0.04,Calculation on the basis of ingredients,,0.02,Calculation on the basis of ingredients,,0.07,Calculation on the basis of ingredients,,0,Calculation on the basis of ingredients,,0.84,Calculation on the basis of ingredients,,10.1,Calculation on the basis of ingredients,,0.13,Calculation on the basis of ingredients,,0,Calculation on the basis of ingredients,,0,Calculation on the basis of ingredients,,0.09,Calculation on the basis of ingredients,,56,Calculation on the basis of ingredients,,420,Calculation on the basis of ingredients,,640,Calculation on the basis of ingredients,,9.8,Calculation on the basis of ingredients,,22,Calculation on the basis of ingredients,,73,Calculation on the basis of ingredients,,0.5,Calculation on the basis of ingredients,,0.5,Calculation on the basis of ingredients,,0.7,Calculation on the basis of ingredients,,n.d.,,,Ja
800,4581,1001465,"Pasta egg-free, dry",,"Cereal products, pulses and potatoes/Pasta",,per 100g edible portion,1500,Automated calculation,,353,Automated calculation,,1.2,-,8,0.2,-,8,0.1,-,8,0.5,-,8,0,-,8,70.5,-,8,0.4,-,8,69.7,-,8,5.1,-,8,12.6,-,1660,0,Automated calculation,,0,Estimation,1648,10,-,8,0,Automated calculation,,0,Automated calculation,,0,-,155,0,Estimation,1648,0,-,155,0.09,-,8,0.06,-,8,0.17,-,8,0,-,8,2,-,8,31,-,8,0.3,-,8,0,-,8,0,-,8,0.2,-,8,200,-,8,5,-,8,22,-,8,22,-,8,56,-,8,170,-,8,1.5,-,8,0.6,-,1528,1.5,-,8,51,-,1544,Nein
1611,,,"Pasta gratin with ham, prepared",,"Prepared dishes/Cakes, pies and gratins",,per 100g edible portion,698,Automated calculation,,166,Automated calculation,,6.9,Calculation on the basis of ingredients,,3.4,Calculation on the basis of ingredients,,1.9,Calculation on the basis of ingredients,,0.6,Calculation on the basis of ingredients,,96,Calculation on the basis of ingredients,,15.1,Calculation on the basis of ingredients,,1.4,Calculation on the basis of ingredients,,13.6,Calculation on the basis of ingredients,,1,Calculation on the basis of ingredients,,10.4,Calculation on the basis of ingredients,,1.2,Automated calculation,,0,Calculation on the basis of ingredients,,66.7,Automated calculation,,75,Automated calculation,,73,Automated calculation,,71,Calculation on the basis of ingredients,,29,Calculation on the basis of ingredients,,27,Calculation on the basis of ingredients,,0.09,Calculation on the basis of ingredients,,0.15,Calculation on the basis of ingredients,,0.09,Calculation on the basis of ingredients,,0.38,Calculation on the basis of ingredients,,1.12,Calculation on the basis of ingredients,,8.9,Calculation on the basis of ingredients,,0.5,Calculation on the basis of ingredients,,8.5,Calculation on the basis of ingredients,,0.6,Calculation on the basis of ingredients,,0.21,Calculation on the basis of ingredients,,140,Calculation on the basis of ingredients,,480,Calculation on the basis of ingredients,,750,Calculation on the basis of ingredients,,130,Calculation on the basis of ingredients,,19,Calculation on the basis of ingredients,,180,Calculation on the basis of ingredients,,0.7,Calculation on the basis of ingredients,,11,Calculation on the basis of ingredients,,1.2,Calculation on the basis of ingredients,,n.d.,,,Nein
1598,,,Pasta salad with French dressing,,Prepared dishes/Salads,,per 100g edible portion,545,Automated calculation,,130,Automated calculation,,5.8,Calculation on the basis of ingredients,,0.9,Calculation on the basis of ingredients,,2.3,Calculation on the basis of ingredients,,2.1,Calculation on the basis of ingredients,,52,Calculation on the basis of ingredients,,13.2,Calculation on the basis of ingredients,,1,Calculation on the basis of ingredients,,12.1,Calculation on the basis of ingredients,,1.3,Calculation on the basis of ingredients,,5.5,Calculation on the basis of ingredients,,0.7,Automated calculation,,0,Calculation on the basis of ingredients,,74.3,Automated calculation,,45,Automated calculation,,30,Automated calculation,,15,Calculation on the basis of ingredients,,177,Calculation on the basis of ingredients,,159,Calculation on the basis of ingredients,,0.09,Calculation on the basis of ingredients,,0.06,Calculation on the basis of ingredients,,0.09,Calculation on the basis of ingredients,,0.12,Calculation on the basis of ingredients,,0.99,Calculation on the basis of ingredients,,18.1,Calculation on the basis of ingredients,,0.39,Calculation on the basis of ingredients,,11.2,Calculation on the basis of ingredients,,0.3,Calculation on the basis of ingredients,,2.21,Calculation on the basis of ingredients,,140,Calculation on the basis of ingredients,,300,Calculation on the basis of ingredients,,440,Calculation on the basis of ingredients,,18,Calculation on the basis of ingredients,,16,Calculation on the basis of ingredients,,86,Calculation on the basis of ingredients,,0.5,Calculation on the basis of ingredients,,4.8,Calculation on the basis of ingredients,,0.6,Calculation on the basis of ingredients,,n.d.,,,Nein
1597,,,Pasta salat with Italian dressing,,Prepared dishes/Salads,,per 100g edible portion,556,Automated calculation,,133,Automated calculation,,6.1,Calculation on the basis of ingredients,,0.9,Calculation on the basis of ingredients,,4,Calculation on the basis of ingredients,,0.6,Calculation on the basis of ingredients,,48,Calculation on the basis of ingredients,,13.3,Calculation on the basis of ingredients,,1,Calculation on the basis of ingredients,,12.2,Calculation on the basis of ingredients,,1.3,Calculation on the basis of ingredients,,5.5,Calculation on the basis of ingredients,,0.7,Automated calculation,,0,Calculation on the basis of ingredients,,74,Automated calculation,,45,Automated calculation,,30,Automated calculation,,15,Calculation on the basis of ingredients,,181,Calculation on the basis of ingredients,,163,Calculation on the basis of ingredients,,0.09,Calculation on the basis of ingredients,,0.06,Calculation on the basis of ingredients,,0.1,Calculation on the basis of ingredients,,0.11,Calculation on the basis of ingredients,,0.99,Calculation on the basis of ingredients,,17.7,Calculation on the basis of ingredients,,0.38,Calculation on the basis of ingredients,,11.3,Calculation on the basis of ingredients,,0.3,Calculation on the basis of ingredients,,1.7,Calculation on the basis of ingredients,,140,Calculation on the basis of ingredients,,280,Calculation on the basis of ingredients,,420,Calculation on the basis of ingredients,,17,Calculation on the basis of ingredients,,15,Calculation on the basis of ingredients,,84,Calculation on the basis of ingredients,,0.5,Calculation on the basis of ingredients,,4.6,Calculation on the basis of ingredients,,0.6,Calculation on the basis of ingredients,,n.d.,,,Nein
1062,4668,,"Pasta with egg, cooked in salted water (uniodised)",,"Cereal products, pulses and potatoes/Pasta",,per 100g edible portion,581,Automated calculation,,137,Automated calculation,,1.1,Calculation on the basis of ingredients,,0.2,Calculation on the basis of ingredients,,0.1,Calculation on the basis of ingredients,,0.4,Calculation on the basis of ingredients,,32,Calculation on the basis of ingredients,,26.3,Calculation on the basis of ingredients,,1.4,Calculation on the basis of ingredients,,24.1,Calculation on the basis of ingredients,,1.3,Calculation on the basis of ingredients,,5,Calculation on the basis of ingredients,,0.9,Automated calculation,,0,Calculation on the basis of ingredients,,66.4,Automated calculation,,24,Automated calculation,,24,Automated calculation,,24,Calculation on the basis of ingredients,,0,Calculation on the basis of ingredients,,0,Calculation on the basis of ingredients,,0.05,Calculation on the basis of ingredients,,0.02,Calculation on the basis of ingredients,,0.02,Calculation on the basis of ingredients,,0,Calculation on the basis of ingredients,,0.64,Calculation on the basis of ingredients,,5.8,Calculation on the basis of ingredients,,0.1,Calculation on the basis of ingredients,,0,Calculation on the basis of ingredients,,0,Calculation on the basis of ingredients,,0.08,Calculation on the basis of ingredients,,49,Calculation on the basis of ingredients,,340,Calculation on the basis of ingredients,,520,Calculation on the basis of ingredients,,8.3,Calculation on the basis of ingredients,,13,Calculation on the basis of ingredients,,55,Calculation on the basis of ingredients,,0.8,Calculation on the basis of ingredients,,1.4,Calculation on the basis of ingredients,,0.5,Calculation on the basis of ingredients,,n.d.,,,Ja
799,4579,1001461,"Pasta with egg, dry",,"Cereal products, pulses and potatoes/Pasta",,per 100g edible portion,1550,Automated calculation,,365,Automated calculation,,2.8,-,36,0.5,-,1528,0.4,-,1528,1,-,1528,86,-,36,69.9,-,36,3.7,-,1640,64,-,1640,3.4,-,36,13.3,-,36,0,Automated calculation,,0,Estimation,1648,10.7,-,36,63,Automated calculation,,63,Automated calculation,,63,Estimation,1648,0,Estimation,1648,0,-,110,0.17,-,36,0.07,-,36,0.06,-,36,0,-,8,1.9,-,36,22,-,36,0.3,-,36,0,-,1640,0,-,9,0.21,-,36,220,-,36,17,-,36,31,-,36,23,-,36,42,-,36,150,-,36,3,-,36,3.3,-,36,1.3,-,36,86,-,1544,Nein
774,4104,1001424,Pâté de campagne,,Sausages and cold meats/Cooked sausage products,,per 100g edible portion,1620,Automated calculation,,391,Automated calculation,,36.9,Calculation on the basis of ingredients,,13.6,Calculation on the basis of ingredients,,16.8,Calculation on the basis of ingredients,,4.2,Calculation on the basis of ingredients,,119,Calculation on the basis of ingredients,,1,Calculation on the basis of ingredients,,0.8,Calculation on the basis of ingredients,,0.2,Calculation on the basis of ingredients,,0.1,Calculation on the basis of ingredients,,13.1,Calculation on the basis of ingredients,,2.2,Automated calculation,,0.3,Calculation on the basis of ingredients,,48.6,Automated calculation,,2413,Automated calculation,,2412,Automated calculation,,2412,Calculation on the basis of ingredients,,4,Calculation on the basis of ingredients,,4,Calculation on the basis of ingredients,,0.41,Calculation on the basis of ingredients,,0.8,Calculation on the basis of ingredients,,0.31,Calculation on the basis of ingredients,,8.99,Calculation on the basis of ingredients,,5.56,Calculation on the basis of ingredients,,30.2,Calculation on the basis of ingredients,,1.71,Calculation on the basis of ingredients,,5.2,Calculation on the basis of ingredients,,0,Calculation on the basis of ingredients,,0.58,Calculation on the basis of ingredients,,200,Calculation on the basis of ingredients,,880,Calculation on the basis of ingredients,,1300,Calculation on the basis of ingredients,,17,Calculation on the basis of ingredients,,17,Calculation on the basis of ingredients,,150,Calculation on the basis of ingredients,,4.2,Calculation on the basis of ingredients,,4.7,Calculation on the basis of ingredients,,2.3,Calculation on the basis of ingredients,,n.d.,,,Ja
401,4117,1000865,"Peach, fresh",,Fruit/Fresh fruit,,per 100g edible portion,204,Automated calculation,,48,Automated calculation,,0.3,-,1008,0,-,1008,0.1,-,1008,0.1,-,1008,0,-,43,10,-,43,10,-,43,0,-,43,2,-,43,0.5,-,43,0,Automated calculation,,0,-,43,87,-,43,22,Automated calculation,,11,Automated calculation,,0,Estimation,51,131,-,51;1662,118,-,134;1670,0.01,-,43;1670,0.03,-,43;1670,0.02,-,43;1670,0,-,43,0.79,-,43;1670,2.7,-,1640,0.19,-,43;1670,6.7,-,43;1670,0,-,43,0.5,-,43,160,-,43,1,-,43,2.6,-,36,10,-,43,8,-,43,19,-,43,0.4,-,43,2.9,-,36,0.1,-,36,n.d.,,,Nein
624,4673,1001171,"Peach, sweetened, canned",,Fruit/Cooked fruit (incl. cans),,per 100g edible portion,353,Automated calculation,,83,Automated calculation,,0.2,Calculation on the basis of ingredients,,tr.,Calculation on the basis of ingredients,,tr.,Calculation on the basis of ingredients,,tr.,Calculation on the basis of ingredients,,0,Calculation on the basis of ingredients,,19,Calculation on the basis of ingredients,,19,Calculation on the basis of ingredients,,tr.,Calculation on the basis of ingredients,,1.8,Calculation on the basis of ingredients,,0.5,Calculation on the basis of ingredients,,0,Automated calculation,,0,Calculation on the basis of ingredients,,78.5,Automated calculation,,20,Automated calculation,,10,Automated calculation,,0,Calculation on the basis of ingredients,,118,Calculation on the basis of ingredients,,80,Calculation on the basis of ingredients,,0.01,Calculation on the basis of ingredients,,0.02,Calculation on the basis of ingredients,,0.01,Calculation on the basis of ingredients,,0,Calculation on the basis of ingredients,,0.57,Calculation on the basis of ingredients,,1.2,Calculation on the basis of ingredients,,0.14,Calculation on the basis of ingredients,,2.4,Calculation on the basis of ingredients,,0,Calculation on the basis of ingredients,,0.45,Calculation on the basis of ingredients,,87,Calculation on the basis of ingredients,,0.5,Calculation on the basis of ingredients,,2.5,Calculation on the basis of ingredients,,8.7,Calculation on the basis of ingredients,,5.8,Calculation on the basis of ingredients,,14,Calculation on the basis of ingredients,,0.3,Calculation on the basis of ingredients,,2.6,Calculation on the basis of ingredients,,0.1,Calculation on the basis of ingredients,,n.d.,,,Ja
625,4075,1001172,"Peach, unsweetened, canned",,Fruit/Cooked fruit (incl. cans),,per 100g edible portion,204,Automated calculation,,48,Automated calculation,,0.3,Calculation on the basis of ingredients,,tr.,Calculation on the basis of ingredients,,tr.,Calculation on the basis of ingredients,,tr.,Calculation on the basis of ingredients,,0,Calculation on the basis of ingredients,,10,Calculation on the basis of ingredients,,10,Calculation on the basis of ingredients,,0,Calculation on the basis of ingredients,,2,Calculation on the basis of ingredients,,0.5,Calculation on the basis of ingredients,,0,Automated calculation,,0,Calculation on the basis of ingredients,,87.3,Automated calculation,,22,Automated calculation,,11,Automated calculation,,0,Calculation on the basis of ingredients,,131,Calculation on the basis of ingredients,,89,Calculation on the basis of ingredients,,0.01,Calculation on the basis of ingredients,,0.03,Calculation on the basis of ingredients,,0.01,Calculation on the basis of ingredients,,0,Calculation on the basis of ingredients,,0.63,Calculation on the basis of ingredients,,1.4,Calculation on the basis of ingredients,,0.15,Calculation on the basis of ingredients,,2.7,Calculation on the basis of ingredients,,0,Calculation on the basis of ingredients,,0.5,Calculation on the basis of ingredients,,96,Calculation on the basis of ingredients,,0.6,Calculation on the basis of ingredients,,2.6,Calculation on the basis of ingredients,,9.5,Calculation on the basis of ingredients,,6.4,Calculation on the basis of ingredients,,15,Calculation on the basis of ingredients,,0.4,Calculation on the basis of ingredients,,2.9,Calculation on the basis of ingredients,,0.1,Calculation on the basis of ingredients,,n.d.,,,Ja
13390,,,"Pea, mature seed, split, cooked (wothout addition of fat and salt)",,"Cereal products, pulses and potatoes/Pulses",,per 100g edible portion,601,Automated calculation,,142,Automated calculation,,0.7,Calculation on the basis of ingredients,,0.1,Calculation on the basis of ingredients,,0.1,Calculation on the basis of ingredients,,0.3,Calculation on the basis of ingredients,,0,Calculation on the basis of ingredients,,22.3,Calculation on the basis of ingredients,,1.2,Calculation on the basis of ingredients,,16.9,Calculation on the basis of ingredients,,5,Calculation on the basis of ingredients,,9.1,Calculation on the basis of ingredients,,0,Automated calculation,,0,Calculation on the basis of ingredients,,62.9,Automated calculation,,8,Automated calculation,,4,Automated calculation,,0,Calculation on the basis of ingredients,,50,Calculation on the basis of ingredients,,49,Calculation on the basis of ingredients,,0.22,Calculation on the basis of ingredients,,0.07,Calculation on the basis of ingredients,,0.03,Calculation on the basis of ingredients,,0,Calculation on the basis of ingredients,,0.84,Calculation on the basis of ingredients,,42.9,Calculation on the basis of ingredients,,0.35,Calculation on the basis of ingredients,,1,Calculation on the basis of ingredients,,0,Calculation on the basis of ingredients,,0.05,Calculation on the basis of ingredients,,340,Calculation on the basis of ingredients,,2.7,Calculation on the basis of ingredients,,n.d.,,,18,Calculation on the basis of ingredients,,36,Calculation on the basis of ingredients,,140,Calculation on the basis of ingredients,,1.6,Calculation on the basis of ingredients,,0.5,Calculation on the basis of ingredients,,1.2,Calculation on the basis of ingredients,,n.d.,,,Ja
13389,,,"Pea, mature seed, split, dried",,"Cereal products, pulses and potatoes/Pulses",,per 100g edible portion,1400,Automated calculation,,331,Automated calculation,,1.7,-,1649,0.3,-,1649,0.3,-,1649,0.7,-,1649,0,Estimation,1648,51.9,-,1649,2.8,-,1643,39.4,-,1652,11.6,-,1649,21.3,-,1649,0,Automated calculation,,0,Estimation,1648,11.2,-,1649,20,Automated calculation,,10,Automated calculation,,0,Estimation,1648,117,-,1649,115,-,1649,0.79,-,1642;1649,0.21,-,1649,0.12,-,1642;1649,0,Estimation,1648,3,-,1649,200,-,1649,1.49,-,1642;1643,3.9,-,1649,0,-,1643,0.13,-,1649,1060,-,1542;1649,6.6,-,1542;1649,n.d.,,,39,-,1542;1649,96,-,1542;1649,360,-,1542;1649,4.3,-,1542;1649,1.3,-,1643,3.1,-,1649,n.d.,,,Nein
282,4498,842003,Peanut,,"Nuts, seeds and oleaginous fruit",,per 100g edible portion,2490,Automated calculation,,601,Automated calculation,,48.5,-,103,11.6,Estimation,51,21.8,-,81,13.4,-,81,0,-,81,11.2,-,81,4,-,43,6.7,-,81,7.6,-,72,26.1,-,1660,0,Automated calculation,,0,Estimation,51,7,-,81,0,Automated calculation,,0,Automated calculation,,0,Estimation,51,0,Estimation,51,0,-,103,0.63,-,81;1672,0.09,-,81,0.59,-,81,0,-,156,12,-,156,240,-,156,2.44,-,156;1672,0,-,156,0,-,81,5.54,Automated calculation,,710,-,156,18,-,156,7,-,8,65,-,141,160,-,141,380,-,156,6,-,141,3.2,-,43,4,-,141,n.d.,,,Nein
751,3835,1001391,Peanut butter,,Sweets/Jams and sweet sandwich spreads,,per 100g edible portion,2640,Automated calculation,,638,Automated calculation,,53.7,-,34,10.7,-,34,27.3,-,34,13.5,-,34,0,-,8,12.2,-,8,6.4,-,34,6,-,8,7.6,-,8,22.6,-,34,0.9,Automated calculation,,0,-,8,1.1,-,34,0,Automated calculation,,0,Automated calculation,,0,-,145,0,-,145,0,Estimation,51,0.17,-,34,0.1,-,8,0.58,-,8,0,-,8,15,-,8,53,-,8,1.24,-,8,0,-,8,0,-,8,4.7,-,34,700,-,34,350,-,34,520,-,8,37,-,34,180,-,8,330,-,34,2,-,8,tr.,-,22,3,-,8,n.d.,,,Nein
681,4410,1001246,Peanut curls,,Savoury snacks/Chips/Crisps,,per 100g edible portion,2120,Automated calculation,,507,Automated calculation,,24.2,-,22,4.4,-,9,11.7,-,9,6.9,-,9,0,-,9,56.5,-,22,tr.,-,22,tr.,-,22,4.9,-,9,13.2,-,22,1.9,Automated calculation,,0,-,9,1.5,-,9,26,Automated calculation,,13,Automated calculation,,0,Estimation,51,156,Estimation,51,156,-,8,0.18,-,9,0.04,-,9,0.13,-,9,0,-,9,3.26,-,9,17,-,9,0.6,-,9,0,-,9,0,-,9,3.5,-,9,170,-,9,770,-,9,1190,-,9,16,-,9,43,-,9,110,-,9,0.9,-,9,5,-,9,0.8,-,9,n.d.,,,Nein
596,3934,1001135,Peanut oil,,Fats and oils/Oils,0.9,per 100ml food volume,3330,Automated calculation,,810,Automated calculation,,90,-,1660,14.9,-,1660,44.6,-,1660,23.3,-,1660,0,Estimation,1648,0,Estimation,1648,0,Estimation,1648,0,Estimation,1648,0,Estimation,1648,0,Estimation,1648,0,Automated calculation,,0,Estimation,1648,0,Estimation,1648,0,Automated calculation,,0,Automated calculation,,0,Estimation,1648,0,-,1648;1662,0,-,156;1667,0,Estimation,1648,0,Estimation,1648,0,Estimation,1648,0,Estimation,1648,0,Estimation,1648,0,Estimation,1648,0,Estimation,1648,0,Estimation,1648,0,Estimation,1648,14.06,Automated calculation,,0,-,1650,0,-,1650,0.9,-,8,0,-,1650,0,-,1650,0,-,1650,0,-,1650,0,-,1528,0,-,1650,n.d.,,,Nein
407,4363,1000871,"Peanut, roasted",,"Nuts, seeds and oleaginous fruit",,per 100g edible portion,2470,Automated calculation,,596,Automated calculation,,49,-,43,9.2,-,43,23.5,-,43,14,-,43,0,-,43,8.6,-,43,3.6,-,43,5,-,43,8.2,-,43,26.1,-,1660,0,Automated calculation,,0,-,43,5.5,-,43,0,Automated calculation,,0,Automated calculation,,0,Estimation,51,0,-,81,0,Estimation,51,0.8,-,43,0.13,-,43,0.3,-,43,0,-,43,15,-,43,110,-,43,2.7,-,43,0,-,43,0,-,43,8.5,-,43,700,-,43,9,-,43,7,-,36,60,-,43,180,-,43,380,-,43,2.4,-,43,13,-,36,2.8,-,36,n.d.,,,Nein
433,3821,1000908,"Pear, dried",,Fruit/Dried fruit,,per 100g edible portion,1220,Automated calculation,,289,Automated calculation,,1.4,-,9,0.1,-,9,0.5,-,9,0.6,-,9,0,-,9,59.7,-,9,49.3,-,9,0,-,9,13.5,-,9,2.4,-,9,0,Automated calculation,,0,-,9,20,-,9,0,Automated calculation,,0,Automated calculation,,0,Estimation,51,2,Estimation,51,2,-,156,0.09,-,9,0.09,-,9,0.04,-,9,0,-,9,0.58,-,9,39,-,9,0.18,-,9,14.5,-,9,0,-,9,1.45,-,9,420,-,9,10,-,9,10,-,9,43,-,9,34,-,9,72,-,9,1.3,-,9,5,-,9,1.1,-,9,n.d.,,,Nein
562,3602,1001083,Pear juice,,Fruit/Fruit juices;Non-alcoholic beverages/Fruit and vegetable juices,1,per 100ml food volume,214,Automated calculation,,51,Automated calculation,,0.5,-,7,0.2,-,9,0,-,9,0.2,-,9,0,Estimation,51,11,-,7,11,-,9,0,-,9,tr.,-,22,<0.5,-,7,0,Automated calculation,,0,-,22,85.7,-,22,0,Automated calculation,,0,Automated calculation,,0,Estimation,51,0,-,81,0,Estimation,,0.03,-,9,0.03,-,9,0.01,-,9,0,-,22,0.17,-,9,9,-,9,0.05,-,9,3,-,9,0,-,9,0.44,-,9,110,-,9,2,-,9,2,-,9,9,-,9,7,-,9,16,-,9,0.3,-,9,1,-,9,0.2,-,9,n.d.,,,Nein
429,4356,1000902,Pearl barley,,"Cereal products, pulses and potatoes/Other cereal products",,per 100g edible portion,1470,Automated calculation,,347,Automated calculation,,1.4,-,36,0.3,-,9,0.1,-,9,0.6,-,9,0,-,9,71,-,36,2.2,-,9,68.4,-,9,4.6,-,36,10.4,-,1640,0,Automated calculation,,0,Estimation,1648,12.2,-,36,0,Automated calculation,,0,Automated calculation,,0,Estimation,1648,0,Estimation,1648,0,-,8,0.27,-,1642,0.08,-,36,0.25,-,1642,0,-,9,3.1,-,36,20,-,36,0.17,-,1642,0,-,9,0,-,5,0.08,-,1528,270,-,1640,5,-,36,110,-,9,18,-,36,65,-,36,210,-,1640,3,-,1640,1,-,9,2.1,-,36,n.d.,,,Nein
494,4348,1000981,"Pearl onion, pickled",,Vegetables/Cooked vegetables (incl. cans),,per 100g edible portion,116,Automated calculation,,28,Automated calculation,,0.2,-,5,0,-,5,0,-,5,0.1,-,5,0,-,5,4.9,-,5,3.5,-,5,tr.,-,5,1.3,-,5,0.9,-,5,1.1,Automated calculation,,0,-,5,90.6,-,5,2,Automated calculation,,1,Automated calculation,,0,Estimation,51,10,-,81,10,Estimation,1698,0.02,-,5,tr.,-,5,0.1,-,5,0,-,22,0.1,-,5,14,-,5,tr.,-,22,tr.,-,5,0,-,5,0.31,-,5,93,-,5,450,-,5,tr.,-,22,22,-,5,tr.,-,22,23,-,5,0.2,-,5,tr.,-,22,0.1,-,5,n.d.,,,Nein
1484,,,"Pear pie, baked (with cake dough)",,"Sweets/Cakes and tarts;Prepared dishes/Cakes, pies and gratins",,per 100g edible portion,612,Automated calculation,,146,Automated calculation,,6.1,Calculation on the basis of ingredients,,3.3,Calculation on the basis of ingredients,,1.5,Calculation on the basis of ingredients,,0.5,Calculation on the basis of ingredients,,37,Calculation on the basis of ingredients,,19,Calculation on the basis of ingredients,,9.9,Calculation on the basis of ingredients,,9,Calculation on the basis of ingredients,,1.9,Calculation on the basis of ingredients,,2.7,Calculation on the basis of ingredients,,0.2,Automated calculation,,0,Calculation on the basis of ingredients,,70.3,Automated calculation,,63,Automated calculation,,61,Automated calculation,,58,Calculation on the basis of ingredients,,27,Calculation on the basis of ingredients,,24,Calculation on the basis of ingredients,,0.03,Calculation on the basis of ingredients,,0.05,Calculation on the basis of ingredients,,0.04,Calculation on the basis of ingredients,,0.08,Calculation on the basis of ingredients,,0.22,Calculation on the basis of ingredients,,6.9,Calculation on the basis of ingredients,,0.22,Calculation on the basis of ingredients,,2.5,Calculation on the basis of ingredients,,0.2,Calculation on the basis of ingredients,,0.5,Calculation on the basis of ingredients,,120,Calculation on the basis of ingredients,,90,Calculation on the basis of ingredients,,140,Calculation on the basis of ingredients,,22,Calculation on the basis of ingredients,,10,Calculation on the basis of ingredients,,44,Calculation on the basis of ingredients,,0.4,Calculation on the basis of ingredients,,3.1,Calculation on the basis of ingredients,,0.3,Calculation on the basis of ingredients,,n.d.,,,Nein
1483,,,"Pear pie, baked (with puff pastry)",,"Sweets/Cakes and tarts;Prepared dishes/Cakes, pies and gratins",,per 100g edible portion,600,Automated calculation,,143,Automated calculation,,7,Calculation on the basis of ingredients,,3.9,Calculation on the basis of ingredients,,1.7,Calculation on the basis of ingredients,,0.5,Calculation on the basis of ingredients,,39,Calculation on the basis of ingredients,,16.9,Calculation on the basis of ingredients,,9.9,Calculation on the basis of ingredients,,6.9,Calculation on the basis of ingredients,,1.8,Calculation on the basis of ingredients,,2.4,Calculation on the basis of ingredients,,0.2,Automated calculation,,0,Calculation on the basis of ingredients,,72.1,Automated calculation,,72,Automated calculation,,69,Automated calculation,,67,Calculation on the basis of ingredients,,31,Calculation on the basis of ingredients,,28,Calculation on the basis of ingredients,,0.03,Calculation on the basis of ingredients,,0.05,Calculation on the basis of ingredients,,0.04,Calculation on the basis of ingredients,,0.08,Calculation on the basis of ingredients,,0.2,Calculation on the basis of ingredients,,6.6,Calculation on the basis of ingredients,,0.21,Calculation on the basis of ingredients,,2.5,Calculation on the basis of ingredients,,0.2,Calculation on the basis of ingredients,,0.51,Calculation on the basis of ingredients,,110,Calculation on the basis of ingredients,,93,Calculation on the basis of ingredients,,140,Calculation on the basis of ingredients,,22,Calculation on the basis of ingredients,,9.5,Calculation on the basis of ingredients,,41,Calculation on the basis of ingredients,,0.4,Calculation on the basis of ingredients,,3.1,Calculation on the basis of ingredients,,0.3,Calculation on the basis of ingredients,,n.d.,,,Nein
382,4551,1000845,"Pear, raw",,Fruit/Fresh fruit,,per 100g edible portion,244,Automated calculation,,58,Automated calculation,,0.3,-,43,0,-,43,0.1,-,43,0.1,-,43,0,-,43,12.2,-,43,12.2,-,43,tr.,-,43,2.3,-,43,0.4,-,43,0,Automated calculation,,0,-,43,84.7,-,43,1,Automated calculation,,0,Automated calculation,,0,Estimation,51,5,Estimation,51,4,-,121,0.01,-,43;1670,0.02,-,43;1670,0.03,-,43;1670,0,-,43,0.18,-,43;1670,10,-,43,0.1,-,43;1670,4.6,-,43;1670,0,-,43,0.5,-,43,130,-,43,2,-,43,2,-,36,10,-,43,7,-,43,13,-,43,0.2,-,43,0.8,-,36,0.1,-,36,n.d.,,,Nein
1050,4245,,"Pear, stewed, drained (without addition of sugar)",,Fruit/Cooked fruit (incl. cans),,per 100g edible portion,316,Automated calculation,,75,Automated calculation,,0.4,Calculation on the basis of ingredients,,0.1,Calculation on the basis of ingredients,,0.1,Calculation on the basis of ingredients,,0.1,Calculation on the basis of ingredients,,0,Calculation on the basis of ingredients,,15.8,Calculation on the basis of ingredients,,15.8,Calculation on the basis of ingredients,,0,Calculation on the basis of ingredients,,3,Calculation on the basis of ingredients,,0.5,Calculation on the basis of ingredients,,0,Automated calculation,,0,Calculation on the basis of ingredients,,80.3,Automated calculation,,1,Automated calculation,,0,Automated calculation,,0,Calculation on the basis of ingredients,,6,Calculation on the basis of ingredients,,4,Calculation on the basis of ingredients,,0.02,Calculation on the basis of ingredients,,0.02,Calculation on the basis of ingredients,,0.03,Calculation on the basis of ingredients,,0,Calculation on the basis of ingredients,,0.22,Calculation on the basis of ingredients,,9.1,Calculation on the basis of ingredients,,0.12,Calculation on the basis of ingredients,,4.2,Calculation on the basis of ingredients,,0,Calculation on the basis of ingredients,,0.65,Calculation on the basis of ingredients,,150,Calculation on the basis of ingredients,,2.6,Calculation on the basis of ingredients,,2.6,Calculation on the basis of ingredients,,12,Calculation on the basis of ingredients,,9.1,Calculation on the basis of ingredients,,17,Calculation on the basis of ingredients,,0.3,Calculation on the basis of ingredients,,1,Calculation on the basis of ingredients,,0.2,Calculation on the basis of ingredients,,n.d.,,,Ja
620,4729,1001167,"Pear, sweetened, canned",,Fruit/Cooked fruit (incl. cans),,per 100g edible portion,389,Automated calculation,,92,Automated calculation,,0.3,-,22,0,-,22,0,-,22,0.1,-,22,0,-,22,21,-,22,21,-,22,tr.,-,22,2.1,-,22,0.4,-,22,0,Automated calculation,,0,-,22,76.2,-,22,n.d.,,,n.d.,,,n.d.,,,n.d.,,,n.d.,,,0.02,-,22,0.02,-,22,0.02,-,22,0,-,22,0.16,-,22,4.5,-,22,0.08,-,22,2.3,-,22,0,-,22,0.34,-,22,100,-,22,1.8,-,22,2,-,22,8.6,-,22,6.3,-,22,12,-,22,0.2,-,22,0.7,-,22,0.1,-,22,n.d.,,,Nein
626,3938,1001173,"Pear, unsweetened, canned",,Fruit/Cooked fruit (incl. cans),,per 100g edible portion,244,Automated calculation,,58,Automated calculation,,0.3,-,22,0,-,22,0.1,-,22,0.1,-,22,0,-,22,12.2,-,22,12.2,-,22,tr.,-,22,2.3,-,22,0.4,-,22,0,Automated calculation,,0,-,22,84.7,-,22,2,Automated calculation,,1,Automated calculation,,0,-,51,10,-,145,n.d.,,,0.02,-,22,0.03,-,22,0.02,-,22,0,-,22,0.18,-,22,5,-,22,0.09,-,22,2.5,-,22,0,-,22,0.38,-,22,110,-,22,2,-,22,2,-,22,9.5,-,22,7,-,22,13,-,22,0.2,-,22,0.8,-,22,0.1,-,22,n.d.,,,Nein
787,4093,1001440,Peasant's Schüblig,,Sausages and cold meats/Raw sausage products,,per 100g edible portion,2170,Automated calculation,,524,Automated calculation,,48.5,Calculation on the basis of ingredients,,18.8,Calculation on the basis of ingredients,,23,Calculation on the basis of ingredients,,4.4,Calculation on the basis of ingredients,,86,Calculation on the basis of ingredients,,0.3,Calculation on the basis of ingredients,,0.3,Calculation on the basis of ingredients,,0,Calculation on the basis of ingredients,,0,Calculation on the basis of ingredients,,21.3,Calculation on the basis of ingredients,,4,Automated calculation,,0.1,Calculation on the basis of ingredients,,29.7,Automated calculation,,8,Automated calculation,,8,Automated calculation,,7,Calculation on the basis of ingredients,,6,Calculation on the basis of ingredients,,6,Calculation on the basis of ingredients,,0.53,Calculation on the basis of ingredients,,0.24,Calculation on the basis of ingredients,,0.33,Calculation on the basis of ingredients,,3.29,Calculation on the basis of ingredients,,5.96,Calculation on the basis of ingredients,,2.6,Calculation on the basis of ingredients,,0.56,Calculation on the basis of ingredients,,71,Calculation on the basis of ingredients,,0,Calculation on the basis of ingredients,,0.69,Calculation on the basis of ingredients,,350,Calculation on the basis of ingredients,,1590,Calculation on the basis of ingredients,,2350,Calculation on the basis of ingredients,,4.8,Calculation on the basis of ingredients,,23,Calculation on the basis of ingredients,,270,Calculation on the basis of ingredients,,1.5,Calculation on the basis of ingredients,,1.1,Calculation on the basis of ingredients,,2.9,Calculation on the basis of ingredients,,n.d.,,,Ja
463,4422,1000945,"Peppermint, fresh",,Vegetables/Herbs,,per 100g edible portion,205,Automated calculation,,49,Automated calculation,,0.7,-,9,0.1,-,9,0,-,9,0.4,-,9,0,-,9,5.3,-,9,5.2,-,22,0.1,-,9,3,-,9,3.8,-,9,0,Automated calculation,,0,-,9,86.1,-,9,122,Automated calculation,,61,Automated calculation,,0,Estimation,51,730,Estimation,51,730,-,116,0.12,-,9,0.33,-,9,0.05,-,9,0,-,9,1.1,-,9,110,-,9,0.19,-,9,31,-,9,0,-,9,5,-,9,260,-,9,15,-,9,34,-,9,210,-,9,30,-,9,75,-,9,9.5,-,9,4,-,9,1.2,-,9,n.d.,,,Nein
416,4009,1000888,"Pike, raw",,Fish/Fresh water fish,,per 100g edible portion,344,Automated calculation,,81,Automated calculation,,0.9,-,36,0.2,-,9,0.2,-,9,0.2,-,9,63,-,36,0,-,36,0,-,36,0,Estimation,51,0,-,9,18.4,-,36,0.2,Automated calculation,,0,-,36,79.6,-,36,6,Automated calculation,,6,Automated calculation,,6,Estimation,51,0,Estimation,51,0,-,128,0.09,-,36,0.06,-,36,0.15,-,36,2,-,9,1.6,-,36,6,-,36,0.24,-,9,3.8,-,9,2,-,9,0.91,-,36,320,-,36,75,-,36,tr.,-,22,32,-,36,28,-,36,230,-,36,0.5,-,36,8,-,1007,0.8,-,36,24,-,1544,Nein
377,4118,1000840,"Pineapple, fresh",,Fruit/Fresh fruit,,per 100g edible portion,219,Automated calculation,,52,Automated calculation,,0.2,-,1008,0,-,1008,0,-,1008,0.1,-,43,0,-,43,11.3,-,43,11.3,-,43,0,-,43,1.4,-,43,0.4,-,43,0,Automated calculation,,0,-,43,86.5,-,43,9,Automated calculation,,5,Automated calculation,,0,Estimation,51,56,Estimation,51,56,-,164,0.07,-,43;1670,0.02,-,43;1670,0.08,-,43;1670,0,-,43,0.21,-,43;1670,7.6,-,43;1670,0.17,-,43;1670,51.4,-,43;1670,0,-,43,0.1,-,43,150,-,43,2,-,43,39,-,36,15,-,43,15,-,43,11,-,43,0.3,-,43,1.4,-,1007,0.1,-,36,n.d.,,,Nein
617,4274,1001162,"Pineapple, sweetened, canned",,Fruit/Cooked fruit (incl. cans),,per 100g edible portion,366,Automated calculation,,86,Automated calculation,,0.2,-,22,tr.,-,22,tr.,-,22,0.1,-,22,0,-,22,20.2,-,22,20.2,-,22,tr.,-,22,1.3,-,22,0.4,-,22,0,Automated calculation,,0,-,22,77.9,-,22,n.d.,,,n.d.,,,n.d.,,,n.d.,,,n.d.,,,0.06,-,22,0.02,-,22,0.07,-,22,0,-,22,0.24,-,22,6.3,-,22,0.15,-,22,8.1,-,22,0,-,22,0.09,-,22,120,-,22,1.8,-,22,35,-,22,13,-,22,14,-,22,9.9,-,22,0.3,-,22,tr.,-,22,0.1,-,22,n.d.,,,Nein
618,4728,1001163,"Pineapple, unsweetened, canned",,Fruit/Cooked fruit (incl. cans),,per 100g edible portion,218,Automated calculation,,51,Automated calculation,,0.2,-,22,tr.,-,22,tr.,-,22,0.1,-,22,0,-,22,11.3,-,22,11.3,-,22,0,-,22,1.4,-,22,0.4,-,22,0,Automated calculation,,0,-,22,86.5,-,22,9,Estimation,,5,Estimation,,0,Estimation,,56,Estimation,,56,Estimation,,0.06,-,22,0.03,-,22,0.08,-,22,0,-,22,0.27,-,22,7,-,22,0.17,-,22,9,-,22,0,-,22,0.1,-,22,130,-,22,2,-,22,39,-,22,14,-,22,15,-,22,11,-,22,0.3,-,22,tr.,-,22,0.1,-,22,n.d.,,,Nein
283,4499,842006,Pine nuts,,"Nuts, seeds and oleaginous fruit",,per 100g edible portion,2560,Automated calculation,,616,Automated calculation,,44.9,-,129,4.9,-,156,18.8,-,156,34.1,-,156,0,-,156,13.9,-,129,5.2,-,129,1.4,-,156,3.7,-,156,37.3,Estimation,1662,0,Automated calculation,,0,Estimation,51,5.1,-,129,0,Automated calculation,,0,Automated calculation,,0,Estimation,51,0,Estimation,51,0,-,103,1.5,-,129,0.28,-,129,0.01,-,156,0,-,156,4.4,-,156,34,-,156,0.31,-,156,3,-,129,0,-,145,12.5,-,103,830,-,129;1542,4.6,-,129;1542,41,-,8,21,-,129;1542,400,-,129;1542,700,-,129;1542,7.8,-,129;1542,0.2,-,145,9,-,86,n.d.,,,Nein
274,3699,841007,"Pistachio, dried",,"Nuts, seeds and oleaginous fruit",,per 100g edible portion,2460,Automated calculation,,594,Automated calculation,,45.4,-,1002,5.6,-,1002,23.8,-,1002,13.7,-,1002,0,-,81,17.6,Estimation,1003,7.7,-,1002,1.7,-,1002,10,-,72;1002,23.8,Estimation,1662,0,Automated calculation,,0,Estimation,51,3.9,-,156,35,Automated calculation,,18,Automated calculation,,0,Estimation,51,211,Estimation,51,211,-,103,0.5,-,81,0.3,-,81,0.25,-,81,0,-,156,1,-,81,58,-,81,0.52,-,156,1,-,81,0,-,81,29.8,-,103,500,-,81,9,-,81,40,-,8,65,-,81,120,-,156,160,-,81,7,-,71,11,-,43,3.3,-,71,n.d.,,,Nein
1533,,,"Pizza Calzone, baked",,Prepared dishes/Italian dishes,,per 100g edible portion,948,Automated calculation,,226,Automated calculation,,7.7,Calculation on the basis of ingredients,,3.1,Calculation on the basis of ingredients,,3.5,Calculation on the basis of ingredients,,0.6,Calculation on the basis of ingredients,,16,Calculation on the basis of ingredients,,26.5,Calculation on the basis of ingredients,,1.4,Calculation on the basis of ingredients,,24.9,Calculation on the basis of ingredients,,1.5,Calculation on the basis of ingredients,,11.7,Calculation on the basis of ingredients,,0.9,Automated calculation,,0,Calculation on the basis of ingredients,,52.8,Automated calculation,,60,Automated calculation,,50,Automated calculation,,41,Calculation on the basis of ingredients,,112,Calculation on the basis of ingredients,,97,Calculation on the basis of ingredients,,0.12,Calculation on the basis of ingredients,,0.11,Calculation on the basis of ingredients,,0.1,Calculation on the basis of ingredients,,0.28,Calculation on the basis of ingredients,,1.36,Calculation on the basis of ingredients,,11.1,Calculation on the basis of ingredients,,0.28,Calculation on the basis of ingredients,,10.2,Calculation on the basis of ingredients,,0.1,Calculation on the basis of ingredients,,1.34,Calculation on the basis of ingredients,,210,Calculation on the basis of ingredients,,360,Calculation on the basis of ingredients,,730,Calculation on the basis of ingredients,,85,Calculation on the basis of ingredients,,15,Calculation on the basis of ingredients,,150,Calculation on the basis of ingredients,,0.5,Calculation on the basis of ingredients,,2.4,Calculation on the basis of ingredients,,1.1,Calculation on the basis of ingredients,,n.d.,,,Nein
907,4154,1001580,"Pizza doug ( with olive oil), raw",,"Cereal products, pulses and potatoes/Dough",,per 100g edible portion,967,Automated calculation,,229,Automated calculation,,3.6,Calculation on the basis of ingredients,,0.5,Calculation on the basis of ingredients,,2.2,Calculation on the basis of ingredients,,0.6,Calculation on the basis of ingredients,,0,Calculation on the basis of ingredients,,41.2,Calculation on the basis of ingredients,,0.2,Calculation on the basis of ingredients,,40.6,Calculation on the basis of ingredients,,2,Calculation on the basis of ingredients,,7,Calculation on the basis of ingredients,,0.7,Automated calculation,,0,Calculation on the basis of ingredients,,46.8,Automated calculation,,0,Automated calculation,,0,Automated calculation,,0,Calculation on the basis of ingredients,,3,Calculation on the basis of ingredients,,3,Calculation on the basis of ingredients,,0.11,Calculation on the basis of ingredients,,0.04,Calculation on the basis of ingredients,,0.04,Calculation on the basis of ingredients,,0,Calculation on the basis of ingredients,,0.62,Calculation on the basis of ingredients,,19.8,Calculation on the basis of ingredients,,0.24,Calculation on the basis of ingredients,,0,Calculation on the basis of ingredients,,0,Calculation on the basis of ingredients,,1,Calculation on the basis of ingredients,,110,Calculation on the basis of ingredients,,290,Calculation on the basis of ingredients,,470,Calculation on the basis of ingredients,,5.9,Calculation on the basis of ingredients,,9.4,Calculation on the basis of ingredients,,44,Calculation on the basis of ingredients,,0.4,Calculation on the basis of ingredients,,0.6,Calculation on the basis of ingredients,,0.4,Calculation on the basis of ingredients,,n.d.,,,Nein
1534,,,"Pizza Hawaii, baked",,Prepared dishes/Italian dishes,,per 100g edible portion,826,Automated calculation,,196,Automated calculation,,6.4,Calculation on the basis of ingredients,,2.5,Calculation on the basis of ingredients,,2.9,Calculation on the basis of ingredients,,0.5,Calculation on the basis of ingredients,,13,Calculation on the basis of ingredients,,24.2,Calculation on the basis of ingredients,,3.5,Calculation on the basis of ingredients,,20.5,Calculation on the basis of ingredients,,1.5,Calculation on the basis of ingredients,,9.7,Calculation on the basis of ingredients,,0.7,Automated calculation,,0,Calculation on the basis of ingredients,,58.4,Automated calculation,,51,Automated calculation,,43,Automated calculation,,34,Calculation on the basis of ingredients,,104,Calculation on the basis of ingredients,,90,Calculation on the basis of ingredients,,0.11,Calculation on the basis of ingredients,,0.1,Calculation on the basis of ingredients,,0.09,Calculation on the basis of ingredients,,0.23,Calculation on the basis of ingredients,,1.17,Calculation on the basis of ingredients,,10,Calculation on the basis of ingredients,,0.27,Calculation on the basis of ingredients,,9.9,Calculation on the basis of ingredients,,0.1,Calculation on the basis of ingredients,,1.13,Calculation on the basis of ingredients,,190,Calculation on the basis of ingredients,,300,Calculation on the basis of ingredients,,610,Calculation on the basis of ingredients,,73,Calculation on the basis of ingredients,,15,Calculation on the basis of ingredients,,130,Calculation on the basis of ingredients,,0.5,Calculation on the basis of ingredients,,2,Calculation on the basis of ingredients,,0.9,Calculation on the basis of ingredients,,n.d.,,,Nein
1535,,,"Pizza Margherita, baked",,Prepared dishes/Italian dishes,,per 100g edible portion,1000,Automated calculation,,239,Automated calculation,,8.4,Calculation on the basis of ingredients,,3.3,Calculation on the basis of ingredients,,3.8,Calculation on the basis of ingredients,,0.7,Calculation on the basis of ingredients,,12,Calculation on the basis of ingredients,,29.9,Calculation on the basis of ingredients,,1.5,Calculation on the basis of ingredients,,28.1,Calculation on the basis of ingredients,,1.7,Calculation on the basis of ingredients,,10.2,Calculation on the basis of ingredients,,0.7,Automated calculation,,0,Calculation on the basis of ingredients,,50.2,Automated calculation,,67,Automated calculation,,56,Automated calculation,,46,Calculation on the basis of ingredients,,126,Calculation on the basis of ingredients,,110,Calculation on the basis of ingredients,,0.08,Calculation on the basis of ingredients,,0.1,Calculation on the basis of ingredients,,0.07,Calculation on the basis of ingredients,,0.32,Calculation on the basis of ingredients,,0.8,Calculation on the basis of ingredients,,12.3,Calculation on the basis of ingredients,,0.23,Calculation on the basis of ingredients,,3.2,Calculation on the basis of ingredients,,0.1,Calculation on the basis of ingredients,,1.5,Calculation on the basis of ingredients,,180,Calculation on the basis of ingredients,,290,Calculation on the basis of ingredients,,640,Calculation on the basis of ingredients,,94,Calculation on the basis of ingredients,,14,Calculation on the basis of ingredients,,130,Calculation on the basis of ingredients,,0.5,Calculation on the basis of ingredients,,2.1,Calculation on the basis of ingredients,,1,Calculation on the basis of ingredients,,n.d.,,,Nein
1539,,,"Pizza with four cheeses, baked",,Prepared dishes/Italian dishes,,per 100g edible portion,1250,Automated calculation,,296,Automated calculation,,10.3,Calculation on the basis of ingredients,,4.7,Calculation on the basis of ingredients,,3.8,Calculation on the basis of ingredients,,0.8,Calculation on the basis of ingredients,,20,Calculation on the basis of ingredients,,37.2,Calculation on the basis of ingredients,,0.2,Calculation on the basis of ingredients,,36.6,Calculation on the basis of ingredients,,1.8,Calculation on the basis of ingredients,,12.9,Calculation on the basis of ingredients,,1.1,Automated calculation,,0,Calculation on the basis of ingredients,,38.3,Automated calculation,,67,Automated calculation,,64,Automated calculation,,60,Calculation on the basis of ingredients,,37,Calculation on the basis of ingredients,,37,Calculation on the basis of ingredients,,0.08,Calculation on the basis of ingredients,,0.11,Calculation on the basis of ingredients,,0.05,Calculation on the basis of ingredients,,0.32,Calculation on the basis of ingredients,,0.6,Calculation on the basis of ingredients,,12.1,Calculation on the basis of ingredients,,0.3,Calculation on the basis of ingredients,,0,Calculation on the basis of ingredients,,0.2,Calculation on the basis of ingredients,,1.04,Calculation on the basis of ingredients,,120,Calculation on the basis of ingredients,,450,Calculation on the basis of ingredients,,760,Calculation on the basis of ingredients,,210,Calculation on the basis of ingredients,,16,Calculation on the basis of ingredients,,180,Calculation on the basis of ingredients,,0.5,Calculation on the basis of ingredients,,6.8,Calculation on the basis of ingredients,,1.2,Calculation on the basis of ingredients,,n.d.,,,Nein
1537,,,"Pizza with ham and mushrooms, baked",,Prepared dishes/Italian dishes,,per 100g edible portion,864,Automated calculation,,205,Automated calculation,,7,Calculation on the basis of ingredients,,2.8,Calculation on the basis of ingredients,,3.2,Calculation on the basis of ingredients,,0.6,Calculation on the basis of ingredients,,14,Calculation on the basis of ingredients,,24,Calculation on the basis of ingredients,,1.3,Calculation on the basis of ingredients,,22.4,Calculation on the basis of ingredients,,1.6,Calculation on the basis of ingredients,,10.9,Calculation on the basis of ingredients,,0.8,Automated calculation,,0,Calculation on the basis of ingredients,,57,Automated calculation,,54,Automated calculation,,45,Automated calculation,,37,Calculation on the basis of ingredients,,101,Calculation on the basis of ingredients,,88,Calculation on the basis of ingredients,,0.12,Calculation on the basis of ingredients,,0.15,Calculation on the basis of ingredients,,0.1,Calculation on the basis of ingredients,,0.25,Calculation on the basis of ingredients,,1.67,Calculation on the basis of ingredients,,12.4,Calculation on the basis of ingredients,,0.49,Calculation on the basis of ingredients,,9.5,Calculation on the basis of ingredients,,0.3,Calculation on the basis of ingredients,,1.22,Calculation on the basis of ingredients,,230,Calculation on the basis of ingredients,,330,Calculation on the basis of ingredients,,660,Calculation on the basis of ingredients,,77,Calculation on the basis of ingredients,,15,Calculation on the basis of ingredients,,150,Calculation on the basis of ingredients,,0.6,Calculation on the basis of ingredients,,4.3,Calculation on the basis of ingredients,,1,Calculation on the basis of ingredients,,n.d.,,,Nein
1538,,,"Pizza with ham, baked",,Prepared dishes/Italian dishes,,per 100g edible portion,924,Automated calculation,,220,Automated calculation,,6.5,Calculation on the basis of ingredients,,2.2,Calculation on the basis of ingredients,,3.2,Calculation on the basis of ingredients,,0.6,Calculation on the basis of ingredients,,13,Calculation on the basis of ingredients,,28.7,Calculation on the basis of ingredients,,1.5,Calculation on the basis of ingredients,,26.9,Calculation on the basis of ingredients,,1.6,Calculation on the basis of ingredients,,10.8,Calculation on the basis of ingredients,,0.9,Automated calculation,,0,Calculation on the basis of ingredients,,52.8,Automated calculation,,45,Automated calculation,,36,Automated calculation,,27,Calculation on the basis of ingredients,,108,Calculation on the basis of ingredients,,93,Calculation on the basis of ingredients,,0.13,Calculation on the basis of ingredients,,0.09,Calculation on the basis of ingredients,,0.1,Calculation on the basis of ingredients,,0.18,Calculation on the basis of ingredients,,1.43,Calculation on the basis of ingredients,,11.2,Calculation on the basis of ingredients,,0.29,Calculation on the basis of ingredients,,11.1,Calculation on the basis of ingredients,,0,Calculation on the basis of ingredients,,1.42,Calculation on the basis of ingredients,,220,Calculation on the basis of ingredients,,380,Calculation on the basis of ingredients,,710,Calculation on the basis of ingredients,,60,Calculation on the basis of ingredients,,15,Calculation on the basis of ingredients,,130,Calculation on the basis of ingredients,,0.6,Calculation on the basis of ingredients,,2.1,Calculation on the basis of ingredients,,0.9,Calculation on the basis of ingredients,,n.d.,,,Nein
1536,,,"Pizza with mascarpone and rocket, baked",,Prepared dishes/Italian dishes,,per 100g edible portion,1010,Automated calculation,,240,Automated calculation,,9.9,Calculation on the basis of ingredients,,4.4,Calculation on the basis of ingredients,,4.2,Calculation on the basis of ingredients,,0.7,Calculation on the basis of ingredients,,17,Calculation on the basis of ingredients,,27.4,Calculation on the basis of ingredients,,1.5,Calculation on the basis of ingredients,,25.7,Calculation on the basis of ingredients,,1.6,Calculation on the basis of ingredients,,9.6,Calculation on the basis of ingredients,,0.7,Automated calculation,,0,Calculation on the basis of ingredients,,51.8,Automated calculation,,103,Automated calculation,,80,Automated calculation,,56,Calculation on the basis of ingredients,,283,Calculation on the basis of ingredients,,n.d.,,,0.08,Calculation on the basis of ingredients,,0.11,Calculation on the basis of ingredients,,0.07,Calculation on the basis of ingredients,,0.3,Calculation on the basis of ingredients,,0.75,Calculation on the basis of ingredients,,16.8,Calculation on the basis of ingredients,,0.23,Calculation on the basis of ingredients,,3.8,Calculation on the basis of ingredients,,0.1,Calculation on the basis of ingredients,,1.43,Calculation on the basis of ingredients,,190,Calculation on the basis of ingredients,,270,Calculation on the basis of ingredients,,590,Calculation on the basis of ingredients,,98,Calculation on the basis of ingredients,,13,Calculation on the basis of ingredients,,120,Calculation on the basis of ingredients,,0.6,Calculation on the basis of ingredients,,3.3,Calculation on the basis of ingredients,,0.9,Calculation on the basis of ingredients,,n.d.,,,Ja
1532,,,"Pizza with tuna, baked",,Prepared dishes/Italian dishes,,per 100g edible portion,955,Automated calculation,,227,Automated calculation,,7.6,Calculation on the basis of ingredients,,3,Calculation on the basis of ingredients,,3.4,Calculation on the basis of ingredients,,0.6,Calculation on the basis of ingredients,,17,Calculation on the basis of ingredients,,26.5,Calculation on the basis of ingredients,,1.3,Calculation on the basis of ingredients,,24.9,Calculation on the basis of ingredients,,1.5,Calculation on the basis of ingredients,,12.4,Calculation on the basis of ingredients,,0.8,Automated calculation,,0,Calculation on the basis of ingredients,,52.3,Automated calculation,,109,Automated calculation,,99,Automated calculation,,90,Calculation on the basis of ingredients,,112,Calculation on the basis of ingredients,,97,Calculation on the basis of ingredients,,0.07,Calculation on the basis of ingredients,,0.1,Calculation on the basis of ingredients,,0.11,Calculation on the basis of ingredients,,0.64,Calculation on the basis of ingredients,,1.95,Calculation on the basis of ingredients,,11.6,Calculation on the basis of ingredients,,0.24,Calculation on the basis of ingredients,,2.9,Calculation on the basis of ingredients,,0.3,Calculation on the basis of ingredients,,1.44,Calculation on the basis of ingredients,,190,Calculation on the basis of ingredients,,300,Calculation on the basis of ingredients,,570,Calculation on the basis of ingredients,,84,Calculation on the basis of ingredients,,15,Calculation on the basis of ingredients,,130,Calculation on the basis of ingredients,,0.6,Calculation on the basis of ingredients,,1.9,Calculation on the basis of ingredients,,0.9,Calculation on the basis of ingredients,,n.d.,,,Nein
1540,,,"Pizza with vegetables, baked",,Prepared dishes/Italian dishes,,per 100g edible portion,524,Automated calculation,,125,Automated calculation,,3.1,Calculation on the basis of ingredients,,1.2,Calculation on the basis of ingredients,,1.4,Calculation on the basis of ingredients,,0.4,Calculation on the basis of ingredients,,4,Calculation on the basis of ingredients,,17.4,Calculation on the basis of ingredients,,1.7,Calculation on the basis of ingredients,,15.4,Calculation on the basis of ingredients,,1.9,Calculation on the basis of ingredients,,5.7,Calculation on the basis of ingredients,,0.4,Automated calculation,,0,Calculation on the basis of ingredients,,72.1,Automated calculation,,45,Automated calculation,,30,Automated calculation,,15,Calculation on the basis of ingredients,,179,Calculation on the basis of ingredients,,155,Calculation on the basis of ingredients,,0.08,Calculation on the basis of ingredients,,0.12,Calculation on the basis of ingredients,,0.09,Calculation on the basis of ingredients,,0.1,Calculation on the basis of ingredients,,1.13,Calculation on the basis of ingredients,,24.9,Calculation on the basis of ingredients,,0.5,Calculation on the basis of ingredients,,15.4,Calculation on the basis of ingredients,,0.3,Calculation on the basis of ingredients,,0.75,Calculation on the basis of ingredients,,240,Calculation on the basis of ingredients,,140,Calculation on the basis of ingredients,,330,Calculation on the basis of ingredients,,50,Calculation on the basis of ingredients,,16,Calculation on the basis of ingredients,,80,Calculation on the basis of ingredients,,0.8,Calculation on the basis of ingredients,,6.1,Calculation on the basis of ingredients,,0.6,Calculation on the basis of ingredients,,n.d.,,,Nein
474,4534,1000959,"Plum, fresh",,Fruit/Fresh fruit,,per 100g edible portion,203,Automated calculation,,48,Automated calculation,,0.2,-,36,0,-,9,0,-,9,0.1,-,9,0,-,9,10.2,-,9,8.8,-,22,0,-,9,1.6,-,36,0.6,-,36,0,Automated calculation,,0,-,36,83.7,-,36,15,Automated calculation,,8,Automated calculation,,0,Estimation,51,93,Estimation,51,70,-,121,0.07,-,36,0.04,-,36,0.05,-,36,0,-,9,0.44,-,36,2,-,36,0.18,-,36,5.4,-,36,0,-,9,0.86,-,36,180,-,36,1.7,-,36,1.5,-,36,8.3,-,36,7.9,-,36,17,-,36,0.3,-,36,1.4,-,36,0.1,-,36,n.d.,,,Nein
1530,,,"Plum pie, baked (with cake dough)",,"Sweets/Cakes and tarts;Prepared dishes/Cakes, pies and gratins",,per 100g edible portion,585,Automated calculation,,140,Automated calculation,,6,Calculation on the basis of ingredients,,3.3,Calculation on the basis of ingredients,,1.5,Calculation on the basis of ingredients,,0.5,Calculation on the basis of ingredients,,37,Calculation on the basis of ingredients,,17.7,Calculation on the basis of ingredients,,7.7,Calculation on the basis of ingredients,,9,Calculation on the basis of ingredients,,1.5,Calculation on the basis of ingredients,,2.9,Calculation on the basis of ingredients,,0.2,Automated calculation,,0,Calculation on the basis of ingredients,,72.1,Automated calculation,,73,Automated calculation,,65,Automated calculation,,58,Calculation on the basis of ingredients,,86,Calculation on the basis of ingredients,,63,Calculation on the basis of ingredients,,0.06,Calculation on the basis of ingredients,,0.06,Calculation on the basis of ingredients,,0.05,Calculation on the basis of ingredients,,0.08,Calculation on the basis of ingredients,,0.37,Calculation on the basis of ingredients,,3.7,Calculation on the basis of ingredients,,0.27,Calculation on the basis of ingredients,,2.9,Calculation on the basis of ingredients,,0.2,Calculation on the basis of ingredients,,0.74,Calculation on the basis of ingredients,,150,Calculation on the basis of ingredients,,90,Calculation on the basis of ingredients,,140,Calculation on the basis of ingredients,,21,Calculation on the basis of ingredients,,11,Calculation on the basis of ingredients,,47,Calculation on the basis of ingredients,,0.5,Calculation on the basis of ingredients,,3.5,Calculation on the basis of ingredients,,0.3,Calculation on the basis of ingredients,,n.d.,,,Nein
1528,,,"Plum pie, baked (with puff pastry)",,"Sweets/Cakes and tarts;Prepared dishes/Cakes, pies and gratins",,per 100g edible portion,572,Automated calculation,,137,Automated calculation,,6.9,Calculation on the basis of ingredients,,3.9,Calculation on the basis of ingredients,,1.7,Calculation on the basis of ingredients,,0.5,Calculation on the basis of ingredients,,39,Calculation on the basis of ingredients,,15.5,Calculation on the basis of ingredients,,7.7,Calculation on the basis of ingredients,,6.9,Calculation on the basis of ingredients,,1.4,Calculation on the basis of ingredients,,2.5,Calculation on the basis of ingredients,,0.2,Automated calculation,,0,Calculation on the basis of ingredients,,73.8,Automated calculation,,82,Automated calculation,,74,Automated calculation,,67,Calculation on the basis of ingredients,,90,Calculation on the basis of ingredients,,67,Calculation on the basis of ingredients,,0.06,Calculation on the basis of ingredients,,0.06,Calculation on the basis of ingredients,,0.05,Calculation on the basis of ingredients,,0.08,Calculation on the basis of ingredients,,0.35,Calculation on the basis of ingredients,,3.4,Calculation on the basis of ingredients,,0.26,Calculation on the basis of ingredients,,2.9,Calculation on the basis of ingredients,,0.2,Calculation on the basis of ingredients,,0.75,Calculation on the basis of ingredients,,140,Calculation on the basis of ingredients,,93,Calculation on the basis of ingredients,,140,Calculation on the basis of ingredients,,21,Calculation on the basis of ingredients,,10,Calculation on the basis of ingredients,,43,Calculation on the basis of ingredients,,0.4,Calculation on the basis of ingredients,,3.5,Calculation on the basis of ingredients,,0.3,Calculation on the basis of ingredients,,n.d.,,,Nein
1054,3769,,"Plum, stewed, drained (without addition of sugar)",,Fruit/Cooked fruit (incl. cans),,per 100g edible portion,250,Automated calculation,,59,Automated calculation,,0.2,Calculation on the basis of ingredients,,0,Calculation on the basis of ingredients,,0,Calculation on the basis of ingredients,,0.1,Calculation on the basis of ingredients,,0,Calculation on the basis of ingredients,,12.6,Calculation on the basis of ingredients,,10.9,Calculation on the basis of ingredients,,0,Calculation on the basis of ingredients,,2,Calculation on the basis of ingredients,,0.7,Calculation on the basis of ingredients,,0,Automated calculation,,0,Calculation on the basis of ingredients,,84.5,Automated calculation,,19,Automated calculation,,10,Automated calculation,,0,Calculation on the basis of ingredients,,114,Calculation on the basis of ingredients,,65,Calculation on the basis of ingredients,,0.07,Calculation on the basis of ingredients,,0.05,Calculation on the basis of ingredients,,0.05,Calculation on the basis of ingredients,,0,Calculation on the basis of ingredients,,0.49,Calculation on the basis of ingredients,,1.7,Calculation on the basis of ingredients,,0.2,Calculation on the basis of ingredients,,4.7,Calculation on the basis of ingredients,,0,Calculation on the basis of ingredients,,1.06,Calculation on the basis of ingredients,,200,Calculation on the basis of ingredients,,2.1,Calculation on the basis of ingredients,,1.9,Calculation on the basis of ingredients,,9.7,Calculation on the basis of ingredients,,9.8,Calculation on the basis of ingredients,,21,Calculation on the basis of ingredients,,0.3,Calculation on the basis of ingredients,,1.7,Calculation on the basis of ingredients,,0.1,Calculation on the basis of ingredients,,n.d.,,,Ja
10546,,,"Polenta nera (made from corn semolina and buckwheat flour,) cooked",,"Cereal products, pulses and potatoes/Corn",,per 100g edible portion,477,Automated calculation,,114,Automated calculation,,4.7,Calculation on the basis of ingredients,,2.7,Calculation on the basis of ingredients,,1.2,Calculation on the basis of ingredients,,0.3,Calculation on the basis of ingredients,,12,Calculation on the basis of ingredients,,13.2,Calculation on the basis of ingredients,,0.2,Calculation on the basis of ingredients,,12.8,Calculation on the basis of ingredients,,0.9,Calculation on the basis of ingredients,,4.2,Calculation on the basis of ingredients,,1.1,Automated calculation,,0,Calculation on the basis of ingredients,,77,Automated calculation,,47,Automated calculation,,43,Automated calculation,,40,Calculation on the basis of ingredients,,40,Calculation on the basis of ingredients,,31,Calculation on the basis of ingredients,,0.03,Calculation on the basis of ingredients,,0.05,Calculation on the basis of ingredients,,0.05,Calculation on the basis of ingredients,,1.06,Calculation on the basis of ingredients,,1.21,Calculation on the basis of ingredients,,26.1,Calculation on the basis of ingredients,,0.27,Calculation on the basis of ingredients,,0.1,Calculation on the basis of ingredients,,0.1,Calculation on the basis of ingredients,,0.15,Calculation on the basis of ingredients,,93,Calculation on the basis of ingredients,,440,Calculation on the basis of ingredients,,370,Calculation on the basis of ingredients,,76,Calculation on the basis of ingredients,,24,Calculation on the basis of ingredients,,84,Calculation on the basis of ingredients,,0.5,Calculation on the basis of ingredients,,4.6,Calculation on the basis of ingredients,,0.5,Calculation on the basis of ingredients,,n.d.,,,Ja
12982,,,Pommes Chips,,Savoury snacks/Chips/Crisps,,per 100g edible portion,2240,Automated calculation,,538,Automated calculation,,34.8,Calculation on the basis of ingredients,,2.5,Calculation on the basis of ingredients,,25.7,Calculation on the basis of ingredients,,4.7,Calculation on the basis of ingredients,,0,Calculation on the basis of ingredients,,49.3,Calculation on the basis of ingredients,,2.5,Calculation on the basis of ingredients,,46.8,Calculation on the basis of ingredients,,3.8,Calculation on the basis of ingredients,,4.9,Calculation on the basis of ingredients,,1.2,Automated calculation,,0,Calculation on the basis of ingredients,,7.2,Automated calculation,,3,Automated calculation,,1,Automated calculation,,0,Calculation on the basis of ingredients,,17,Calculation on the basis of ingredients,,12,Calculation on the basis of ingredients,,0.39,Calculation on the basis of ingredients,,0.05,Calculation on the basis of ingredients,,1.06,Calculation on the basis of ingredients,,0,Calculation on the basis of ingredients,,1.23,Calculation on the basis of ingredients,,60.5,Calculation on the basis of ingredients,,0.86,Calculation on the basis of ingredients,,32.5,Calculation on the basis of ingredients,,0,Calculation on the basis of ingredients,,2.89,Calculation on the basis of ingredients,,880,Calculation on the basis of ingredients,,500,Calculation on the basis of ingredients,,870,Calculation on the basis of ingredients,,14,Calculation on the basis of ingredients,,40,Calculation on the basis of ingredients,,92,Calculation on the basis of ingredients,,0.9,Calculation on the basis of ingredients,,8,Calculation on the basis of ingredients,,0.6,Calculation on the basis of ingredients,,n.d.,,,Ja
424,3971,1000897,Popcorn,,Savoury snacks/Other savoury snacks,,per 100g edible portion,1550,Automated calculation,,367,Automated calculation,,4.2,-,43,0.6,-,43,1.1,-,43,1.9,-,43,0,-,43,62.9,-,43,1.2,-,43,61.7,-,43,15,-,43,12,-,43,0,Automated calculation,,0,-,43,4.1,-,43,11,Automated calculation,,5,Automated calculation,,0,Estimation,51,63,Estimation,51,63,-,91,0.2,-,43,0.2,-,43,0.2,-,43,0,-,43,2,-,43,23,-,43,0.4,-,43,0,-,43,0,-,43,11,-,43,300,-,43,4,-,43,8,-,36,10,-,43,110,-,43,300,-,43,2.7,-,43,0,-,9,1.7,-,9,n.d.,,,Nein
1668,,,"Porc piccata, prepared",,Prepared dishes/Other savoury dishes,,per 100g edible portion,968,Automated calculation,,232,Automated calculation,,12.7,Calculation on the basis of ingredients,,3.3,Calculation on the basis of ingredients,,6.3,Calculation on the basis of ingredients,,1.6,Calculation on the basis of ingredients,,183,Calculation on the basis of ingredients,,5.5,Calculation on the basis of ingredients,,0.1,Calculation on the basis of ingredients,,5.3,Calculation on the basis of ingredients,,0.3,Calculation on the basis of ingredients,,23.6,Calculation on the basis of ingredients,,0.9,Automated calculation,,0,Calculation on the basis of ingredients,,57.9,Automated calculation,,74,Automated calculation,,70,Automated calculation,,66,Calculation on the basis of ingredients,,50,Calculation on the basis of ingredients,,46,Calculation on the basis of ingredients,,0.34,Calculation on the basis of ingredients,,0.22,Calculation on the basis of ingredients,,0.21,Calculation on the basis of ingredients,,1.13,Calculation on the basis of ingredients,,2.54,Calculation on the basis of ingredients,,19.9,Calculation on the basis of ingredients,,0.97,Calculation on the basis of ingredients,,0,Calculation on the basis of ingredients,,0.8,Calculation on the basis of ingredients,,0.81,Calculation on the basis of ingredients,,190,Calculation on the basis of ingredients,,340,Calculation on the basis of ingredients,,500,Calculation on the basis of ingredients,,100,Calculation on the basis of ingredients,,20,Calculation on the basis of ingredients,,230,Calculation on the basis of ingredients,,1.9,Calculation on the basis of ingredients,,13,Calculation on the basis of ingredients,,2.8,Calculation on the basis of ingredients,,n.d.,,,Ja
1102,3995,,"Pork (average excluding offal, chop, knuckle), raw",,Meat and offal/Pork,,per 100g edible portion,671,Automated calculation,,160,Automated calculation,,8.3,Calculation on the basis of ingredients,,2.9,Calculation on the basis of ingredients,,3.6,Calculation on the basis of ingredients,,0.8,Calculation on the basis of ingredients,,63,Calculation on the basis of ingredients,,0,Calculation on the basis of ingredients,,0,Calculation on the basis of ingredients,,0,Calculation on the basis of ingredients,,0,Calculation on the basis of ingredients,,21.4,Calculation on the basis of ingredients,,0.2,Automated calculation,,0,Calculation on the basis of ingredients,,70.3,Automated calculation,,3,Automated calculation,,3,Automated calculation,,3,Calculation on the basis of ingredients,,0,Calculation on the basis of ingredients,,0,Calculation on the basis of ingredients,,0.83,Calculation on the basis of ingredients,,0.2,Calculation on the basis of ingredients,,0.49,Calculation on the basis of ingredients,,0.77,Calculation on the basis of ingredients,,4.41,Calculation on the basis of ingredients,,3.4,Calculation on the basis of ingredients,,0.81,Calculation on the basis of ingredients,,0,Calculation on the basis of ingredients,,0.3,Calculation on the basis of ingredients,,0.31,Calculation on the basis of ingredients,,330,Calculation on the basis of ingredients,,64,Calculation on the basis of ingredients,,66,Calculation on the basis of ingredients,,6,Calculation on the basis of ingredients,,21,Calculation on the basis of ingredients,,180,Calculation on the basis of ingredients,,1,Calculation on the basis of ingredients,,1.1,Calculation on the basis of ingredients,,2.7,Calculation on the basis of ingredients,,n.d.,,,Ja
13283,,,"Pork, chop, pan fried (without addition of fat and salt)",,Meat and offal/Pork,,per 100g edible portion,1150,Automated calculation,,276,Automated calculation,,16,Calculation on the basis of ingredients,,6,Calculation on the basis of ingredients,,7.2,Calculation on the basis of ingredients,,1.6,Calculation on the basis of ingredients,,86,Calculation on the basis of ingredients,,0,Calculation on the basis of ingredients,,0,Calculation on the basis of ingredients,,n.d.,,,0,Calculation on the basis of ingredients,,32.9,Calculation on the basis of ingredients,,0.1,Automated calculation,,0,Calculation on the basis of ingredients,,51.1,Automated calculation,,4,Automated calculation,,4,Automated calculation,,4,Calculation on the basis of ingredients,,0,Calculation on the basis of ingredients,,0,Calculation on the basis of ingredients,,0.65,Calculation on the basis of ingredients,,0.21,Calculation on the basis of ingredients,,0.65,Calculation on the basis of ingredients,,0.86,Calculation on the basis of ingredients,,n.d.,,,2.6,Calculation on the basis of ingredients,,0.97,Calculation on the basis of ingredients,,0,Calculation on the basis of ingredients,,0.5,Calculation on the basis of ingredients,,0.35,Calculation on the basis of ingredients,,320,Calculation on the basis of ingredients,,56,Calculation on the basis of ingredients,,100,Calculation on the basis of ingredients,,6.8,Calculation on the basis of ingredients,,27,Calculation on the basis of ingredients,,260,Calculation on the basis of ingredients,,0.6,Calculation on the basis of ingredients,,1.7,Calculation on the basis of ingredients,,2.2,Calculation on the basis of ingredients,,26,Calculation on the basis of ingredients,,Ja
13285,,,"Pork, chopped, pan fried (without addition of fat and salt)",,Meat and offal/Pork,,per 100g edible portion,826,Automated calculation,,197,Automated calculation,,7.9,Calculation on the basis of ingredients,,2.4,Calculation on the basis of ingredients,,3.2,Calculation on the basis of ingredients,,0.8,Calculation on the basis of ingredients,,97,Calculation on the basis of ingredients,,0,Calculation on the basis of ingredients,,0,Calculation on the basis of ingredients,,n.d.,,,0,Calculation on the basis of ingredients,,31.3,Calculation on the basis of ingredients,,0.2,Automated calculation,,0,Calculation on the basis of ingredients,,60.7,Automated calculation,,4,Automated calculation,,4,Automated calculation,,4,Calculation on the basis of ingredients,,0,Calculation on the basis of ingredients,,0,Calculation on the basis of ingredients,,0.44,Calculation on the basis of ingredients,,0.16,Calculation on the basis of ingredients,,0.6,Calculation on the basis of ingredients,,0.82,Calculation on the basis of ingredients,,4.74,Calculation on the basis of ingredients,,2.5,Calculation on the basis of ingredients,,0.92,Calculation on the basis of ingredients,,0,Calculation on the basis of ingredients,,0.5,Calculation on the basis of ingredients,,0.34,Calculation on the basis of ingredients,,300,Calculation on the basis of ingredients,,60,Calculation on the basis of ingredients,,82,Calculation on the basis of ingredients,,5.7,Calculation on the basis of ingredients,,25,Calculation on the basis of ingredients,,240,Calculation on the basis of ingredients,,1,Calculation on the basis of ingredients,,1.4,Calculation on the basis of ingredients,,3.5,Calculation on the basis of ingredients,,15,Calculation on the basis of ingredients,,Ja
40,4472,812084,"Pork, chopped, raw",,Meat and offal/Pork,,per 100g edible portion,562,Automated calculation,,134,Automated calculation,,5.4,-,1406,1.6,-,1406,2.2,-,1406,0.6,-,1406,66,-,1406,0,Estimation,51,0,Estimation,51,n.d.,,,0,Estimation,51,21.3,-,1406,0.1,Automated calculation,,0,Estimation,1408,72.7,-,1406,3,Automated calculation,,3,Automated calculation,,3,-,94,0,Estimation,51,0,Estimation,51,0.6,-,112,0.13,-,112,0.68,-,1406,0.7,-,34,4.3,Estimation,,2,-,34,0.78,-,34,0,Estimation,1530,0.4,-,117,0.27,-,107,340,-,1406,48,-,1406,56,-,8,4.3,-,1406,20,-,1406,190,-,1406,0.7,-,1406,1,-,88,2.4,-,1406,10,-,1544,Nein
8,4436,811086,"Pork, chop, raw",,Meat and offal/Pork,,per 100g edible portion,749,Automated calculation,,179,Automated calculation,,10.4,-,146,3.9,-,146,4.7,-,146,1,-,146,56,-,146,0,Estimation,51,0,Estimation,51,n.d.,,,0,Estimation,51,21.4,-,146,0.1,Automated calculation,,0,Estimation,51,66.3,-,146,3,Automated calculation,,3,Automated calculation,,3,-,94,0,Estimation,51,0,Estimation,51,0.84,-,108,0.16,-,108,0.7,-,146,0.7,-,34,n.d.,,,2,-,34,0.79,-,34,0,Estimation,1530,0.4,-,117,0.27,-,107,350,-,146,43,-,146,66,-,8,4.9,-,146,21,-,146,200,-,146,0.4,-,146,1.1,-,88,1.4,-,146,17,-,1406,Nein
1077,4317,,"Pork, chuck, medium, roast in oven (without addition of fat and salt)",,Meat and offal/Pork,,per 100g edible portion,958,Automated calculation,,229,Automated calculation,,11.6,Calculation on the basis of ingredients,,2.4,Calculation on the basis of ingredients,,3.2,Calculation on the basis of ingredients,,0.9,Calculation on the basis of ingredients,,92,Calculation on the basis of ingredients,,0,Calculation on the basis of ingredients,,0,Calculation on the basis of ingredients,,0,Calculation on the basis of ingredients,,0,Calculation on the basis of ingredients,,31.2,Calculation on the basis of ingredients,,0.2,Automated calculation,,0,Calculation on the basis of ingredients,,57.3,Automated calculation,,3,Automated calculation,,3,Automated calculation,,3,Calculation on the basis of ingredients,,0,Calculation on the basis of ingredients,,0,Calculation on the basis of ingredients,,0.53,Calculation on the basis of ingredients,,0.34,Calculation on the basis of ingredients,,0.4,Calculation on the basis of ingredients,,0.97,Calculation on the basis of ingredients,,4,Calculation on the basis of ingredients,,2.9,Calculation on the basis of ingredients,,0.55,Calculation on the basis of ingredients,,0,Calculation on the basis of ingredients,,0,Calculation on the basis of ingredients,,0.46,Calculation on the basis of ingredients,,240,Calculation on the basis of ingredients,,75,Calculation on the basis of ingredients,,78,Calculation on the basis of ingredients,,8.5,Calculation on the basis of ingredients,,26,Calculation on the basis of ingredients,,150,Calculation on the basis of ingredients,,1.5,Calculation on the basis of ingredients,,1.3,Calculation on the basis of ingredients,,6.7,Calculation on the basis of ingredients,,n.d.,,,Ja
676,4592,1001239,"Pork, chuck, roast, raw",,Meat and offal/Pork,,per 100g edible portion,757,Automated calculation,,181,Automated calculation,,9.2,-,22,1.9,-,24,2.5,-,24,0.7,-,24,73,-,24,0,-,24,0,-,22,0,Estimation,51,0,-,22,24.6,-,22,0.2,Automated calculation,,0,-,22,62.9,-,22,3,Automated calculation,,3,Automated calculation,,3,-,94,0,Estimation,51,0,Estimation,51,0.7,-,24,0.31,-,24,0.5,-,9,0.9,-,9,4.05,-,9,2.7,-,9,0.54,-,9,0,-,9,tr.,-,22,0.43,-,9,260,-,9,68,-,9,62,-,9,8.1,-,9,23,-,9,140,-,9,1.3,-,24,1,-,9,5.3,-,24,n.d.,,,Nein
1079,4316,,"Pork, chuck, well done, roast in oven (without addition of fat and salt)",,Meat and offal/Pork,,per 100g edible portion,1220,Automated calculation,,292,Automated calculation,,14.8,Calculation on the basis of ingredients,,3.1,Calculation on the basis of ingredients,,4,Calculation on the basis of ingredients,,1.1,Calculation on the basis of ingredients,,118,Calculation on the basis of ingredients,,0,Calculation on the basis of ingredients,,0,Calculation on the basis of ingredients,,0,Calculation on the basis of ingredients,,0,Calculation on the basis of ingredients,,39.7,Calculation on the basis of ingredients,,0.2,Automated calculation,,0,Calculation on the basis of ingredients,,45.5,Automated calculation,,4,Automated calculation,,4,Automated calculation,,4,Calculation on the basis of ingredients,,0,Calculation on the basis of ingredients,,0,Calculation on the basis of ingredients,,0.68,Calculation on the basis of ingredients,,0.43,Calculation on the basis of ingredients,,0.51,Calculation on the basis of ingredients,,1.23,Calculation on the basis of ingredients,,5.1,Calculation on the basis of ingredients,,3.7,Calculation on the basis of ingredients,,0.7,Calculation on the basis of ingredients,,0,Calculation on the basis of ingredients,,0,Calculation on the basis of ingredients,,0.59,Calculation on the basis of ingredients,,310,Calculation on the basis of ingredients,,96,Calculation on the basis of ingredients,,100,Calculation on the basis of ingredients,,11,Calculation on the basis of ingredients,,33,Calculation on the basis of ingredients,,190,Calculation on the basis of ingredients,,1.9,Calculation on the basis of ingredients,,1.6,Calculation on the basis of ingredients,,8.6,Calculation on the basis of ingredients,,n.d.,,,Ja
43,4471,812088,"Pork, eye of round, raw",,Meat and offal/Pork,,per 100g edible portion,532,Automated calculation,,127,Automated calculation,,4.9,-,146,1.7,-,146,2.5,-,146,0.6,-,146,65,-,146,0,Estimation,51,0,Estimation,51,n.d.,,,0,Estimation,51,20.6,-,146,0.1,Automated calculation,,0,Estimation,51,73.6,-,146,3,Automated calculation,,3,Automated calculation,,3,-,94,0,Estimation,51,0,Estimation,51,0.84,-,108,0.16,-,108,0.54,-,146,0.7,-,34,n.d.,,,2,-,34,0.89,-,34,0,Estimation,1530,0.4,-,117,0.27,-,107,350,-,146,45,-,146,66,-,8,3.7,-,146,19,-,146,190,-,146,0.7,-,146,1.1,-,88,2.5,-,146,n.d.,,,Nein
13269,,,"Pork, filet, fried (without addition of fat and salt)",,Meat and offal/Pork,,per 100g edible portion,707,Automated calculation,,168,Automated calculation,,5,Calculation on the basis of ingredients,,1.9,Calculation on the basis of ingredients,,2.2,Calculation on the basis of ingredients,,0.4,Calculation on the basis of ingredients,,90,Calculation on the basis of ingredients,,0,Calculation on the basis of ingredients,,0,Calculation on the basis of ingredients,,0,Calculation on the basis of ingredients,,0,Calculation on the basis of ingredients,,30.8,Calculation on the basis of ingredients,,0.4,Automated calculation,,0,Calculation on the basis of ingredients,,64.2,Automated calculation,,4,Automated calculation,,4,Automated calculation,,4,Calculation on the basis of ingredients,,0,Calculation on the basis of ingredients,,0,Calculation on the basis of ingredients,,0.69,Calculation on the basis of ingredients,,0.31,Calculation on the basis of ingredients,,0.38,Calculation on the basis of ingredients,,0.78,Calculation on the basis of ingredients,,4.48,Calculation on the basis of ingredients,,4.7,Calculation on the basis of ingredients,,1,Calculation on the basis of ingredients,,0,Calculation on the basis of ingredients,,0.8,Calculation on the basis of ingredients,,0.12,Calculation on the basis of ingredients,,350,Calculation on the basis of ingredients,,150,Calculation on the basis of ingredients,,96,Calculation on the basis of ingredients,,10,Calculation on the basis of ingredients,,30,Calculation on the basis of ingredients,,270,Calculation on the basis of ingredients,,1.7,Calculation on the basis of ingredients,,1.4,Calculation on the basis of ingredients,,2.8,Calculation on the basis of ingredients,,n.d.,,,Ja
677,3903,1001240,"Pork, filet, raw1",,Meat and offal/Pork,,per 100g edible portion,509,Automated calculation,,121,Automated calculation,,3.6,-,50,1.4,-,43,1.6,-,43,0.3,-,43,65,-,43,0,-,50,0,-,22,0,Estimation,51,0,-,22,22.2,-,22,0.3,Automated calculation,,0,-,22,73.1,-,50,3,Automated calculation,,3,Automated calculation,,3,-,94,0,Estimation,51,0,Estimation,51,1,-,43,0.26,-,43,0.45,-,43,0.7,-,43,4.3,-,43,4,-,43,0.9,-,43,0,-,43,0.7,-,43,0.1,-,43,420,-,43,130,-,43,69,-,9,8,-,43,25,-,43,230,-,43,1.2,-,43,1,-,9,2,-,9,n.d.,,,Nein
692,4134,1001260,"Pork, ham from shoulder, raw",,Sausages and cold meats/Cooked sausage products,,per 100g edible portion,445,Automated calculation,,106,Automated calculation,,3.3,-,1032,1.3,-,1032,1.6,-,1032,0.2,-,1032,42,-,1032,0.4,-,1032,0.4,-,1032,0,Estimation,22,0,-,22,18.6,-,1032,2.2,Automated calculation,,0,-,22,74.5,-,1032,4,Automated calculation,,4,Automated calculation,,4,-,8,0,Estimation,51,0,Estimation,51,0.51,-,1032,0.18,-,1032,0.34,-,1032,tr.,-,1032,4.9,-,1032,2,-,9,1,-,1032,63.8,-,1032,tr.,-,22,0.22,-,9,460,-,1032,870,-,1032,1190,-,1032,15,-,1032,21,-,1032,300,-,1032,0.8,-,1032,3.6,-,9,2.5,-,1032,10,-,1032,Nein
13289,,,"Pork, knuckle, braised (without addition of fat and salt)",,Meat and offal/Pork,,per 100g edible portion,1120,Automated calculation,,266,Automated calculation,,11.6,Calculation on the basis of ingredients,,4.2,Calculation on the basis of ingredients,,5.2,Calculation on the basis of ingredients,,1.2,Calculation on the basis of ingredients,,108,Calculation on the basis of ingredients,,1,Calculation on the basis of ingredients,,0,Calculation on the basis of ingredients,,0,Calculation on the basis of ingredients,,0,Calculation on the basis of ingredients,,39.4,Calculation on the basis of ingredients,,0.1,Automated calculation,,0,Calculation on the basis of ingredients,,48,Automated calculation,,4,Automated calculation,,4,Automated calculation,,4,Calculation on the basis of ingredients,,0,Calculation on the basis of ingredients,,0,Calculation on the basis of ingredients,,0.61,Calculation on the basis of ingredients,,0.26,Calculation on the basis of ingredients,,0.34,Calculation on the basis of ingredients,,1.85,Calculation on the basis of ingredients,,3.79,Calculation on the basis of ingredients,,3.2,Calculation on the basis of ingredients,,0.53,Calculation on the basis of ingredients,,0,Calculation on the basis of ingredients,,0,Calculation on the basis of ingredients,,0.59,Calculation on the basis of ingredients,,250,Calculation on the basis of ingredients,,57,Calculation on the basis of ingredients,,100,Calculation on the basis of ingredients,,2.6,Calculation on the basis of ingredients,,25,Calculation on the basis of ingredients,,170,Calculation on the basis of ingredients,,1.7,Calculation on the basis of ingredients,,1.5,Calculation on the basis of ingredients,,2.4,Calculation on the basis of ingredients,,n.d.,,,Ja
678,4598,1001241,"Pork, knuckle, raw",,Meat and offal/Pork,,per 100g edible portion,726,Automated calculation,,173,Automated calculation,,7.6,-,50,2.7,-,9,3.4,-,9,0.8,-,9,70,-,9,0.7,-,50,0,-,22,0,Estimation,51,0,-,22,25.6,-,22,0.2,Automated calculation,,0,-,22,64.2,-,50,3,Automated calculation,,3,Automated calculation,,3,-,94,0,Estimation,51,0,Estimation,51,0.89,-,9,0.23,-,9,0.49,-,9,2,-,9,4.93,-,9,3,-,9,0.69,-,9,0,-,9,tr.,-,22,0.45,-,9,300,-,9,74,-,9,68,-,9,2,-,9,25,-,9,170,-,9,1.1,-,9,1,-,9,2,-,9,n.d.,,,Nein
594,4606,1001132,Pork lard,,Fats and oils/Fats,0.9,per 100g edible portion,3660,Automated calculation,,891,Automated calculation,,99,-,43,42.4,-,43,41.4,-,43,8.9,-,43,95,-,43,0,-,43,0,-,43,0,-,43,0,-,43,0,-,43,0,Automated calculation,,0,-,43,0.2,-,43,9,Automated calculation,,9,Automated calculation,,9,-,145,0,-,145,0,Estimation,51,0,-,43,0,-,43,0,-,43,0,-,43,0,-,43,0,-,43,0,-,43,0,-,43,0,-,43,1.6,-,43,1,-,43,2,-,43,4,-,9,1,-,43,1,-,43,3,-,43,0,-,43,9.7,-,36,0.1,-,9,n.d.,,,Nein
689,4599,1001255,"Pork, liver, raw",,Meat and offal/Pork,,per 100g edible portion,549,Automated calculation,,131,Automated calculation,,4.9,-,36,1.7,-,36,0.5,-,36,1.4,-,36,354,-,36,0.9,-,36,0,-,8,0.9,-,36,0,-,22,20.7,-,36,0.2,Automated calculation,,0,Estimation,22,71.9,-,36,11502,Automated calculation,,11501,Automated calculation,,11500,-,115,11,-,145,11,Estimation,1698,0.31,-,36,3.2,-,36,0.59,-,36,39,-,36,16,-,36,136,-,36,6.8,-,36,23,-,36,tr.,-,1009,0.6,-,36,360,-,36,77,-,36,68,-,36,7.6,-,36,23,-,36,410,-,36,18,-,36,14,-,36,6.5,-,36,n.d.,,,Nein
42,4474,812087,"Pork, loin, raw",,Meat and offal/Pork,,per 100g edible portion,578,Automated calculation,,138,Automated calculation,,5.1,-,146,2,-,146,2.4,-,146,0.6,-,146,56,-,146,0,Estimation,51,0,Estimation,51,n.d.,,,0,Estimation,51,22.9,-,146,0.1,Automated calculation,,0,Estimation,51,69.5,-,146,3,Automated calculation,,3,Automated calculation,,3,-,94,0,Estimation,51,0,Estimation,51,0.9,-,112,0.1,-,112,0.59,-,146,0.7,-,34,n.d.,,,2,-,34,0.89,-,34,0,Estimation,1530,0.4,-,117,0.27,-,107,370,-,146,38,-,146,66,-,8,3.7,-,146,21,-,146,200,-,146,0.4,-,146,1.2,-,88,1.3,-,146,13,-,1406;1544,Nein
7,4435,811083,"Pork, minced, raw",,Meat and offal/Pork,,per 100g edible portion,663,Automated calculation,,159,Automated calculation,,8.5,-,1406,3.1,-,1406,4.2,-,1406,0.8,-,1406,63,-,1406,0,Estimation,51,0,Estimation,51,n.d.,,,0,Estimation,51,20.5,-,1406,0.1,Automated calculation,,0,Estimation,51,70.3,-,1406,3,Automated calculation,,3,Automated calculation,,3,-,94,0,Estimation,51,0,Estimation,51,0.84,-,108,0.16,-,108,0.39,-,1406,0.8,-,34,4.93,Estimation,,4,-,34,0.7,-,34,0,Estimation,1530,0.4,-,117,0.27,-,107,330,-,1406,46,-,1406,56,-,8,4.2,-,1406,19,-,1406,180,-,1406,1.1,-,1406,1,-,88,2.7,-,146,n.d.,,,Nein
9,4748,811089,"Pork, ragout, raw",,Meat and offal/Pork,,per 100g edible portion,566,Automated calculation,,135,Automated calculation,,5.7,-,146,2.1,-,146,2.9,-,146,0.6,-,146,63,-,146,0,Estimation,51,0,Estimation,51,n.d.,,,0,Estimation,51,20.9,-,146,0.1,Automated calculation,,0,Estimation,51,72.1,-,146,3,Automated calculation,,3,Automated calculation,,3,-,94,0,Estimation,51,0,Estimation,51,0.7,-,108,0.31,-,108,0.39,-,146,0.7,-,34,4.93,Estimation,,2,-,34,0.78,-,34,0,Estimation,1530,0.4,-,117,0.52,-,107,340,-,146,46,-,146,56,-,8,4.7,-,146,19,-,146,190,-,146,0.8,-,146,0.8,-,88,2.5,-,146,n.d.,,,Nein
1671,,,"Pork ragout with sauce, prepared",,Prepared dishes/Other savoury dishes,,per 100g edible portion,472,Automated calculation,,113,Automated calculation,,5.5,Calculation on the basis of ingredients,,1.4,Calculation on the basis of ingredients,,3.3,Calculation on the basis of ingredients,,0.7,Calculation on the basis of ingredients,,36,Calculation on the basis of ingredients,,3.1,Calculation on the basis of ingredients,,1.6,Calculation on the basis of ingredients,,1.5,Calculation on the basis of ingredients,,0.6,Calculation on the basis of ingredients,,12.4,Calculation on the basis of ingredients,,0.8,Automated calculation,,0,Calculation on the basis of ingredients,,78.4,Automated calculation,,169,Automated calculation,,85,Automated calculation,,2,Calculation on the basis of ingredients,,1007,Calculation on the basis of ingredients,,724,Calculation on the basis of ingredients,,0.19,Calculation on the basis of ingredients,,0.14,Calculation on the basis of ingredients,,0.12,Calculation on the basis of ingredients,,0.24,Calculation on the basis of ingredients,,n.d.,,,3.6,Calculation on the basis of ingredients,,0.27,Calculation on the basis of ingredients,,0.9,Calculation on the basis of ingredients,,0.2,Calculation on the basis of ingredients,,1.01,Calculation on the basis of ingredients,,130,Calculation on the basis of ingredients,,300,Calculation on the basis of ingredients,,470,Calculation on the basis of ingredients,,10,Calculation on the basis of ingredients,,9.2,Calculation on the basis of ingredients,,77,Calculation on the basis of ingredients,,0.5,Calculation on the basis of ingredients,,1,Calculation on the basis of ingredients,,1.2,Calculation on the basis of ingredients,,n.d.,,,Ja
13270,,,"Pork, round, schnitzel, pan fried (without addition of fat and salt)",,Meat and offal/Pork,,per 100g edible portion,744,Automated calculation,,176,Automated calculation,,4.1,Calculation on the basis of ingredients,,1.1,Calculation on the basis of ingredients,,1.5,Calculation on the basis of ingredients,,0.5,Calculation on the basis of ingredients,,97,Calculation on the basis of ingredients,,0,Calculation on the basis of ingredients,,0,Calculation on the basis of ingredients,,0,Calculation on the basis of ingredients,,0,Calculation on the basis of ingredients,,34.8,Calculation on the basis of ingredients,,0.2,Automated calculation,,0,Calculation on the basis of ingredients,,61.1,Automated calculation,,4,Automated calculation,,4,Automated calculation,,4,Calculation on the basis of ingredients,,0,Calculation on the basis of ingredients,,0,Calculation on the basis of ingredients,,0.62,Calculation on the basis of ingredients,,0.25,Calculation on the basis of ingredients,,0.36,Calculation on the basis of ingredients,,1.23,Calculation on the basis of ingredients,,4.96,Calculation on the basis of ingredients,,11.8,Calculation on the basis of ingredients,,0.84,Calculation on the basis of ingredients,,0,Calculation on the basis of ingredients,,0,Calculation on the basis of ingredients,,0.75,Calculation on the basis of ingredients,,270,Calculation on the basis of ingredients,,94,Calculation on the basis of ingredients,,110,Calculation on the basis of ingredients,,12,Calculation on the basis of ingredients,,27,Calculation on the basis of ingredients,,220,Calculation on the basis of ingredients,,2.6,Calculation on the basis of ingredients,,1.5,Calculation on the basis of ingredients,,4,Calculation on the basis of ingredients,,18,Calculation on the basis of ingredients,,Ja
679,4725,1001243,"Pork, round, schnitzel, raw",,Meat and offal/Pork,,per 100g edible portion,484,Automated calculation,,115,Automated calculation,,2.7,-,24,0.7,-,24,1,-,24,0.4,-,24,63,-,24,0,-,24,0,-,22,0,Estimation,51,0,-,22,22.6,-,24,0.2,Automated calculation,,0,-,22,73.7,-,24,3,Automated calculation,,3,Automated calculation,,3,-,94,0,Estimation,51,0,Estimation,51,0.8,-,9,0.19,-,9,0.39,-,9,1,-,9,4.3,-,9,9,-,9,0.68,-,9,0,-,9,tr.,-,22,0.57,-,9,290,-,9,72,-,9,69,-,9,9,-,9,21,-,9,170,-,9,1.7,-,9,1,-,9,2.6,-,9,11,-,1544,Nein
1085,4310,,Pork sausage (Schweinsbratwurst),,Sausages and cold meats/Boiled sausage products,,per 100g edible portion,980,Automated calculation,,236,Automated calculation,,18.8,-,1032,7.4,-,1032,8.8,-,1032,1.8,-,1032,67,-,1032,0.5,-,1032,0.5,-,1011,0,Estimation,1003,0,Estimation,1003,16.2,-,1032,1.9,Automated calculation,,0,Estimation,1003,61.8,-,1032,0,Automated calculation,,0,Automated calculation,,0,-,1003,n.d.,,,n.d.,,,0.48,-,1032,0.12,-,1032,0.21,-,1032,0.4,-,1032,4.7,-,1032,n.d.,,,0.7,-,1032,2.2,-,1032,tr.,-,1032,tr.,-,1032,260,-,1032,760,-,1032,1060,-,1032,10,-,1032,18,-,1032,160,-,1032,1,-,1032,n.d.,,,2.1,-,1032,8.3,-,1032,Nein
1086,4309,,Pork sausage (Schweinswurst),,Sausages and cold meats/Boiled sausage products,,per 100g edible portion,1110,Automated calculation,,268,Automated calculation,,22.4,-,1032,9,-,1032,10.4,-,1032,1.9,-,1032,61,-,1032,0.5,-,1032,0.5,-,1011,0,Estimation,1003,0,Estimation,1003,16.2,-,1032,2.3,Automated calculation,,0,Estimation,1003,57.8,-,1032,0,Automated calculation,,0,Automated calculation,,tr.,-,1003,n.d.,,,n.d.,,,0.29,-,1032,0.13,-,1032,0.16,-,1032,0.8,-,1032,4,-,1032,n.d.,,,0.6,-,1032,34.6,-,1032,tr.,-,1032,tr.,-,1032,260,-,1032,930,-,1032,1290,-,1032,10,-,1032,17,-,1032,190,-,1032,1,-,1032,n.d.,,,2.3,-,1032,8.4,-,1032,Nein
39,4473,812082,"Pork, spare ribs, raw",,Meat and offal/Pork,,per 100g edible portion,993,Automated calculation,,239,Automated calculation,,18.6,-,146,7.2,-,146,8.9,-,146,1.8,-,146,59,-,146,0,Estimation,51,0,Estimation,51,n.d.,,,0,Estimation,51,17.9,-,146,0.1,Automated calculation,,0,Estimation,51,61.4,-,146,3,Automated calculation,,3,Automated calculation,,3,-,94,0,Estimation,51,0,Estimation,51,0.7,-,108,0.31,-,108,0.51,-,146,0.7,-,34,5,Estimation,,2,-,34,0.89,-,34,0,Estimation,1530,0.4,-,117,0.27,-,107,310,-,146,54,-,146,67,-,8,6,-,146,19,-,146,170,-,146,0.7,-,146,1.1,-,88,2.2,-,146,n.d.,,,Nein
13284,,,"Pork, throat, pan fried (without addition of fat and salt)",,Meat and offal/Pork,,per 100g edible portion,1240,Automated calculation,,298,Automated calculation,,20.7,Calculation on the basis of ingredients,,8,Calculation on the basis of ingredients,,9.6,Calculation on the basis of ingredients,,2.1,Calculation on the basis of ingredients,,88,Calculation on the basis of ingredients,,0,Calculation on the basis of ingredients,,0,Calculation on the basis of ingredients,,n.d.,,,0,Calculation on the basis of ingredients,,27.8,Calculation on the basis of ingredients,,0.1,Automated calculation,,0,Calculation on the basis of ingredients,,51.5,Automated calculation,,4,Automated calculation,,4,Automated calculation,,4,Calculation on the basis of ingredients,,0,Calculation on the basis of ingredients,,0,Calculation on the basis of ingredients,,0.66,Calculation on the basis of ingredients,,0.13,Calculation on the basis of ingredients,,0.39,Calculation on the basis of ingredients,,0.82,Calculation on the basis of ingredients,,n.d.,,,2.5,Calculation on the basis of ingredients,,1.05,Calculation on the basis of ingredients,,0,Calculation on the basis of ingredients,,0.5,Calculation on the basis of ingredients,,0.34,Calculation on the basis of ingredients,,290,Calculation on the basis of ingredients,,59,Calculation on the basis of ingredients,,97,Calculation on the basis of ingredients,,5,Calculation on the basis of ingredients,,23,Calculation on the basis of ingredients,,220,Calculation on the basis of ingredients,,1.3,Calculation on the basis of ingredients,,1.7,Calculation on the basis of ingredients,,4.1,Calculation on the basis of ingredients,,24,Calculation on the basis of ingredients,,Ja
41,4302,812085,"Pork, throat, raw",,Meat and offal/Pork,,per 100g edible portion,843,Automated calculation,,203,Automated calculation,,14.1,-,146,5.5,-,146,6.5,-,146,1.4,-,146,60,-,146,0,Estimation,51,0,Estimation,51,n.d.,,,0,Estimation,51,18.9,-,146,0.1,Automated calculation,,0,Estimation,51,65.4,-,146,3,Automated calculation,,3,Automated calculation,,3,-,94,0,Estimation,51,0,Estimation,51,0.9,-,112,0.1,-,112,0.44,-,146,0.7,-,34,n.d.,,,2,-,34,0.89,-,34,0,Estimation,1530,0.4,-,117,0.27,-,107,330,-,146,47,-,146,66,-,8,3.8,-,146,18,-,146,180,-,146,0.9,-,146,1.1,-,88,2.8,-,146,16,-,1406,Nein
1511,,,"Porridge, prepared (with full fat milk, without addition of sugar)",,Sweets/Creams and puddings;Prepared dishes/Muesli and pudding,,per 100g edible portion,633,Automated calculation,,151,Automated calculation,,6.3,Calculation on the basis of ingredients,,3.2,Calculation on the basis of ingredients,,1.7,Calculation on the basis of ingredients,,0.8,Calculation on the basis of ingredients,,19,Calculation on the basis of ingredients,,16.3,Calculation on the basis of ingredients,,5.7,Calculation on the basis of ingredients,,10.5,Calculation on the basis of ingredients,,1.9,Calculation on the basis of ingredients,,6.3,Calculation on the basis of ingredients,,0.2,Automated calculation,,0,Calculation on the basis of ingredients,,69.2,Automated calculation,,57,Automated calculation,,55,Automated calculation,,53,Calculation on the basis of ingredients,,22,Calculation on the basis of ingredients,,23,Calculation on the basis of ingredients,,0.07,Calculation on the basis of ingredients,,0.27,Calculation on the basis of ingredients,,0.04,Calculation on the basis of ingredients,,0.18,Calculation on the basis of ingredients,,0.26,Calculation on the basis of ingredients,,9.8,Calculation on the basis of ingredients,,0.48,Calculation on the basis of ingredients,,0.9,Calculation on the basis of ingredients,,0.1,Calculation on the basis of ingredients,,0.29,Calculation on the basis of ingredients,,250,Calculation on the basis of ingredients,,89,Calculation on the basis of ingredients,,180,Calculation on the basis of ingredients,,150,Calculation on the basis of ingredients,,33,Calculation on the basis of ingredients,,180,Calculation on the basis of ingredients,,0.7,Calculation on the basis of ingredients,,12,Calculation on the basis of ingredients,,1,Calculation on the basis of ingredients,,n.d.,,,Nein
1512,,,"Porridge, prepared (with partially skimmed milk, without addition of sugar)",,Sweets/Creams and puddings;Prepared dishes/Muesli and pudding,,per 100g edible portion,558,Automated calculation,,132,Automated calculation,,3.6,Calculation on the basis of ingredients,,2.1,Calculation on the basis of ingredients,,0.8,Calculation on the basis of ingredients,,0.3,Calculation on the basis of ingredients,,14,Calculation on the basis of ingredients,,18.5,Calculation on the basis of ingredients,,5.7,Calculation on the basis of ingredients,,12.7,Calculation on the basis of ingredients,,0.6,Calculation on the basis of ingredients,,6.2,Calculation on the basis of ingredients,,0.2,Automated calculation,,0,Calculation on the basis of ingredients,,71.2,Automated calculation,,42,Automated calculation,,40,Automated calculation,,39,Calculation on the basis of ingredients,,18,Calculation on the basis of ingredients,,18,Calculation on the basis of ingredients,,0.03,Calculation on the basis of ingredients,,0.22,Calculation on the basis of ingredients,,0.03,Calculation on the basis of ingredients,,0.17,Calculation on the basis of ingredients,,0.46,Calculation on the basis of ingredients,,11.1,Calculation on the basis of ingredients,,0.43,Calculation on the basis of ingredients,,0.4,Calculation on the basis of ingredients,,0.1,Calculation on the basis of ingredients,,0.12,Calculation on the basis of ingredients,,210,Calculation on the basis of ingredients,,85,Calculation on the basis of ingredients,,190,Calculation on the basis of ingredients,,150,Calculation on the basis of ingredients,,17,Calculation on the basis of ingredients,,130,Calculation on the basis of ingredients,,0.2,Calculation on the basis of ingredients,,13,Calculation on the basis of ingredients,,0.8,Calculation on the basis of ingredients,,n.d.,,,Nein
516,4687,1001021,"Port, 18.5 vol%",,Alcoholic beverages/Wine,1,per 100ml food volume,636,Automated calculation,,152,Automated calculation,,0,-,5,0,-,5,0,-,5,0,-,5,0,Estimation,51,12,-,9,12,-,22,0,-,22,0,-,5,0.2,-,9,0,Automated calculation,,14.8,-,9,72.3,-,9,0,Automated calculation,,0,Automated calculation,,0,Estimation,51,0,-,145,0,Estimation,51,0,-,9,0.01,-,9,0.01,-,9,0.1,-,9,0.05,-,9,1,-,9,0.03,-,9,0,-,5,0,-,5,0,-,5,75,-,9,9,-,9,10,-,9,7,-,9,9,-,9,12,-,9,0.4,-,9,10,-,9,0.3,-,9,n.d.,,,Nein
12983,,,Potato chips fat reduced,,Savoury snacks/Chips/Crisps,,per 100g edible portion,1960,Automated calculation,,468,Automated calculation,,22.1,Calculation on the basis of ingredients,,2.5,Calculation on the basis of ingredients,,6.6,Calculation on the basis of ingredients,,11.9,Calculation on the basis of ingredients,,0,Calculation on the basis of ingredients,,59.2,Calculation on the basis of ingredients,,3,Calculation on the basis of ingredients,,56.3,Calculation on the basis of ingredients,,4.5,Calculation on the basis of ingredients,,5.9,Calculation on the basis of ingredients,,1.2,Automated calculation,,0,Calculation on the basis of ingredients,,8.3,Automated calculation,,3,Automated calculation,,2,Automated calculation,,0,Calculation on the basis of ingredients,,20,Calculation on the basis of ingredients,,15,Calculation on the basis of ingredients,,0.46,Calculation on the basis of ingredients,,0.06,Calculation on the basis of ingredients,,1.27,Calculation on the basis of ingredients,,0,Calculation on the basis of ingredients,,1.48,Calculation on the basis of ingredients,,72.8,Calculation on the basis of ingredients,,1.04,Calculation on the basis of ingredients,,39,Calculation on the basis of ingredients,,0,Calculation on the basis of ingredients,,2.63,Calculation on the basis of ingredients,,1060,Calculation on the basis of ingredients,,490,Calculation on the basis of ingredients,,880,Calculation on the basis of ingredients,,17,Calculation on the basis of ingredients,,48,Calculation on the basis of ingredients,,110,Calculation on the basis of ingredients,,1.1,Calculation on the basis of ingredients,,9.6,Calculation on the basis of ingredients,,0.8,Calculation on the basis of ingredients,,n.d.,,,Ja
1057,4272,,"Potatoe, peeled, steamed (without addition of salt)",,"Cereal products, pulses and potatoes/Potatoes",,per 100g edible portion,326,Automated calculation,,77,Automated calculation,,0.1,Calculation on the basis of ingredients,,0,Calculation on the basis of ingredients,,0,Calculation on the basis of ingredients,,0.1,Calculation on the basis of ingredients,,0,Calculation on the basis of ingredients,,15.9,Calculation on the basis of ingredients,,0.7,Calculation on the basis of ingredients,,15,Calculation on the basis of ingredients,,2.1,Calculation on the basis of ingredients,,2,Calculation on the basis of ingredients,,0,Automated calculation,,0,Calculation on the basis of ingredients,,79.8,Automated calculation,,1,Automated calculation,,1,Automated calculation,,0,Calculation on the basis of ingredients,,7,Calculation on the basis of ingredients,,5,Calculation on the basis of ingredients,,0.07,Calculation on the basis of ingredients,,0.05,Calculation on the basis of ingredients,,0.15,Calculation on the basis of ingredients,,0,Calculation on the basis of ingredients,,1.1,Calculation on the basis of ingredients,,12.7,Calculation on the basis of ingredients,,0.33,Calculation on the basis of ingredients,,9.2,Calculation on the basis of ingredients,,0,Calculation on the basis of ingredients,,0.06,Calculation on the basis of ingredients,,340,Calculation on the basis of ingredients,,2.8,Calculation on the basis of ingredients,,48,Calculation on the basis of ingredients,,5.8,Calculation on the basis of ingredients,,18,Calculation on the basis of ingredients,,47,Calculation on the basis of ingredients,,0.4,Calculation on the basis of ingredients,,3.9,Calculation on the basis of ingredients,,0.3,Calculation on the basis of ingredients,,n.d.,,,Ja
1599,,,"Potatoes au gratin dauphinois"", prepared""",,"Prepared dishes/Cakes, pies and gratins",,per 100g edible portion,534,Automated calculation,,128,Automated calculation,,7.8,Calculation on the basis of ingredients,,4.6,Calculation on the basis of ingredients,,1.8,Calculation on the basis of ingredients,,0.4,Calculation on the basis of ingredients,,23,Calculation on the basis of ingredients,,11.3,Calculation on the basis of ingredients,,2.4,Calculation on the basis of ingredients,,8.8,Calculation on the basis of ingredients,,1.3,Calculation on the basis of ingredients,,2.5,Calculation on the basis of ingredients,,0.3,Automated calculation,,0,Calculation on the basis of ingredients,,77.1,Automated calculation,,90,Automated calculation,,87,Automated calculation,,84,Calculation on the basis of ingredients,,36,Calculation on the basis of ingredients,,35,Calculation on the basis of ingredients,,0.05,Calculation on the basis of ingredients,,0.11,Calculation on the basis of ingredients,,0.11,Calculation on the basis of ingredients,,0.07,Calculation on the basis of ingredients,,0.71,Calculation on the basis of ingredients,,10.4,Calculation on the basis of ingredients,,0.33,Calculation on the basis of ingredients,,6.2,Calculation on the basis of ingredients,,0.1,Calculation on the basis of ingredients,,0.22,Calculation on the basis of ingredients,,300,Calculation on the basis of ingredients,,130,Calculation on the basis of ingredients,,240,Calculation on the basis of ingredients,,53,Calculation on the basis of ingredients,,16,Calculation on the basis of ingredients,,69,Calculation on the basis of ingredients,,0.3,Calculation on the basis of ingredients,,6.4,Calculation on the basis of ingredients,,0.3,Calculation on the basis of ingredients,,n.d.,,,Nein
1600,,,"Potatoes au gratin savoyard"", prepared""",,"Prepared dishes/Cakes, pies and gratins",,per 100g edible portion,313,Automated calculation,,75,Automated calculation,,2.3,Calculation on the basis of ingredients,,1.3,Calculation on the basis of ingredients,,0.5,Calculation on the basis of ingredients,,0.2,Calculation on the basis of ingredients,,6,Calculation on the basis of ingredients,,10.6,Calculation on the basis of ingredients,,0.5,Calculation on the basis of ingredients,,9.9,Calculation on the basis of ingredients,,1.4,Calculation on the basis of ingredients,,2.2,Calculation on the basis of ingredients,,0.4,Automated calculation,,0,Calculation on the basis of ingredients,,83.5,Automated calculation,,22,Automated calculation,,21,Automated calculation,,20,Calculation on the basis of ingredients,,14,Calculation on the basis of ingredients,,12,Calculation on the basis of ingredients,,0.09,Calculation on the basis of ingredients,,0.04,Calculation on the basis of ingredients,,0.11,Calculation on the basis of ingredients,,0.04,Calculation on the basis of ingredients,,0.79,Calculation on the basis of ingredients,,11.3,Calculation on the basis of ingredients,,0.25,Calculation on the basis of ingredients,,6.6,Calculation on the basis of ingredients,,0,Calculation on the basis of ingredients,,0.08,Calculation on the basis of ingredients,,270,Calculation on the basis of ingredients,,150,Calculation on the basis of ingredients,,170,Calculation on the basis of ingredients,,32,Calculation on the basis of ingredients,,15,Calculation on the basis of ingredients,,51,Calculation on the basis of ingredients,,0.3,Calculation on the basis of ingredients,,5,Calculation on the basis of ingredients,,0.3,Calculation on the basis of ingredients,,n.d.,,,Nein
860,3620,1001531,"Potato flakes, with milk powder and salt (instant mashed potatoes)",,"Cereal products, pulses and potatoes/Potatoes",,per 100g edible portion,1540,Automated calculation,,365,Automated calculation,,5.3,Calculation on the basis of ingredients,,3.1,Calculation on the basis of ingredients,,1.2,Calculation on the basis of ingredients,,0.5,Calculation on the basis of ingredients,,13,Calculation on the basis of ingredients,,65.5,Calculation on the basis of ingredients,,10.3,Calculation on the basis of ingredients,,55.3,Calculation on the basis of ingredients,,4.7,Calculation on the basis of ingredients,,11.3,Calculation on the basis of ingredients,,3.1,Automated calculation,,0,Calculation on the basis of ingredients,,13,Automated calculation,,0,Automated calculation,,0,Automated calculation,,n.d.,,,n.d.,,,n.d.,,,0.13,Calculation on the basis of ingredients,,0.41,Calculation on the basis of ingredients,,0.69,Calculation on the basis of ingredients,,0.29,Calculation on the basis of ingredients,,4.51,Calculation on the basis of ingredients,,26.4,Calculation on the basis of ingredients,,1.22,Calculation on the basis of ingredients,,17.7,Calculation on the basis of ingredients,,0.2,Calculation on the basis of ingredients,,0.31,Calculation on the basis of ingredients,,1230,Calculation on the basis of ingredients,,1260,Calculation on the basis of ingredients,,2350,Calculation on the basis of ingredients,,230,Calculation on the basis of ingredients,,71,Calculation on the basis of ingredients,,380,Calculation on the basis of ingredients,,2,Calculation on the basis of ingredients,,6,Calculation on the basis of ingredients,,1.2,Calculation on the basis of ingredients,,n.d.,,,Ja
813,4390,1001482,"Potato, peeled, raw",,"Cereal products, pulses and potatoes/Potatoes",,per 100g edible portion,320,Automated calculation,,76,Automated calculation,,0.1,-,8,0,-,8,0,-,8,0.1,-,8,0,-,8,15.6,-,8,0.7,-,8,14.7,-,8,2.1,-,8,2,-,8,0,Automated calculation,,0,-,8,78.7,-,8,1,Automated calculation,,1,Automated calculation,,0,Estimation,51,7,Estimation,51,5,-,121,0.08,-,8;1671,0.05,-,8,0.17,-,8;1671,0,-,8,1.2,-,8,20.7,-,8;1669,0.38,-,8,11.3,-,8;1671,0,-,8,0.06,-,8,400,-,8,3,-,8,50,-,8,6,-,8,19,-,8,48,-,8,0.4,-,8,4,-,8,0.3,-,8,n.d.,,,Nein
1516,,,Potato salad with mayonnaise yogurt dressing,,Prepared dishes/Salads,,per 100g edible portion,340,Automated calculation,,81,Automated calculation,,2.2,Calculation on the basis of ingredients,,0.4,Calculation on the basis of ingredients,,0.6,Calculation on the basis of ingredients,,1.1,Calculation on the basis of ingredients,,4,Calculation on the basis of ingredients,,12.6,Calculation on the basis of ingredients,,0.8,Calculation on the basis of ingredients,,11.7,Calculation on the basis of ingredients,,1.7,Calculation on the basis of ingredients,,1.8,Calculation on the basis of ingredients,,0.2,Automated calculation,,0,Calculation on the basis of ingredients,,81.7,Automated calculation,,4,Automated calculation,,3,Automated calculation,,1,Calculation on the basis of ingredients,,16,Calculation on the basis of ingredients,,15,Calculation on the basis of ingredients,,0.07,Calculation on the basis of ingredients,,0.05,Calculation on the basis of ingredients,,0.12,Calculation on the basis of ingredients,,0.02,Calculation on the basis of ingredients,,0.87,Calculation on the basis of ingredients,,10.9,Calculation on the basis of ingredients,,0.28,Calculation on the basis of ingredients,,7.5,Calculation on the basis of ingredients,,0,Calculation on the basis of ingredients,,1.1,Calculation on the basis of ingredients,,280,Calculation on the basis of ingredients,,70,Calculation on the basis of ingredients,,110,Calculation on the basis of ingredients,,10,Calculation on the basis of ingredients,,16,Calculation on the basis of ingredients,,42,Calculation on the basis of ingredients,,0.3,Calculation on the basis of ingredients,,4.4,Calculation on the basis of ingredients,,0.3,Calculation on the basis of ingredients,,n.d.,,,Ja
1517,,,Potato salad with oil and vinagre dressing,,Prepared dishes/Salads,,per 100g edible portion,406,Automated calculation,,97,Automated calculation,,3.8,Calculation on the basis of ingredients,,0.3,Calculation on the basis of ingredients,,2.2,Calculation on the basis of ingredients,,1.1,Calculation on the basis of ingredients,,0,Calculation on the basis of ingredients,,13.1,Calculation on the basis of ingredients,,0.6,Calculation on the basis of ingredients,,12.3,Calculation on the basis of ingredients,,1.8,Calculation on the basis of ingredients,,1.7,Calculation on the basis of ingredients,,0.2,Automated calculation,,0,Calculation on the basis of ingredients,,79.6,Automated calculation,,1,Automated calculation,,1,Automated calculation,,0,Calculation on the basis of ingredients,,7,Calculation on the basis of ingredients,,5,Calculation on the basis of ingredients,,0.07,Calculation on the basis of ingredients,,0.04,Calculation on the basis of ingredients,,0.12,Calculation on the basis of ingredients,,0,Calculation on the basis of ingredients,,0.91,Calculation on the basis of ingredients,,10.5,Calculation on the basis of ingredients,,0.27,Calculation on the basis of ingredients,,7.5,Calculation on the basis of ingredients,,0,Calculation on the basis of ingredients,,1.28,Calculation on the basis of ingredients,,280,Calculation on the basis of ingredients,,61,Calculation on the basis of ingredients,,100,Calculation on the basis of ingredients,,5.1,Calculation on the basis of ingredients,,16,Calculation on the basis of ingredients,,39,Calculation on the basis of ingredients,,0.3,Calculation on the basis of ingredients,,3.8,Calculation on the basis of ingredients,,0.2,Calculation on the basis of ingredients,,n.d.,,,Ja
497,4530,1000984,Potato starch,,"Cereal products, pulses and potatoes/Flour and starch;Various/Gelling and binding agents",,per 100g edible portion,1430,Automated calculation,,336,Automated calculation,,0.1,-,9,0,-,9,0,-,9,0.1,-,9,0,-,9,83.1,-,9,0,-,22,83.1,-,9,0.1,-,9,0.6,-,9,0,Automated calculation,,0,-,9,15.7,-,9,0,Automated calculation,,0,Automated calculation,,0,-,145,0,-,145,0,Estimation,51,0.01,-,9,0.01,-,9,0.01,-,9,0,-,9,0.14,-,9,0,-,9,0.01,-,9,0,-,9,0,-,9,tr.,-,9,15,-,9,8,-,9,5,-,9,35,-,9,6,-,9,7,-,9,1.8,-,9,1,-,9,0.2,-,9,n.d.,,,Nein
1100,3998,,"Poultry (average excluding offal), raw",,Meat and offal/Poultry,,per 100g edible portion,550,Automated calculation,,131,Automated calculation,,4.8,Calculation on the basis of ingredients,,1.5,Calculation on the basis of ingredients,,2.2,Calculation on the basis of ingredients,,1,Calculation on the basis of ingredients,,68,Calculation on the basis of ingredients,,0,Calculation on the basis of ingredients,,0,Calculation on the basis of ingredients,,0,Calculation on the basis of ingredients,,0,Calculation on the basis of ingredients,,21.9,Calculation on the basis of ingredients,,0.1,Automated calculation,,0,Calculation on the basis of ingredients,,73.3,Automated calculation,,10,Automated calculation,,10,Automated calculation,,10,Calculation on the basis of ingredients,,0,Calculation on the basis of ingredients,,0,Calculation on the basis of ingredients,,0.11,Calculation on the basis of ingredients,,0.15,Calculation on the basis of ingredients,,0.56,Calculation on the basis of ingredients,,0.43,Calculation on the basis of ingredients,,8.31,Calculation on the basis of ingredients,,10.1,Calculation on the basis of ingredients,,0.86,Calculation on the basis of ingredients,,0.2,Calculation on the basis of ingredients,,1.1,Calculation on the basis of ingredients,,0.49,Calculation on the basis of ingredients,,320,Calculation on the basis of ingredients,,56,Calculation on the basis of ingredients,,74,Calculation on the basis of ingredients,,6.5,Calculation on the basis of ingredients,,24,Calculation on the basis of ingredients,,200,Calculation on the basis of ingredients,,0.6,Calculation on the basis of ingredients,,5.4,Calculation on the basis of ingredients,,0.9,Calculation on the basis of ingredients,,n.d.,,,Ja
1108,3997,,"Poultry without skin (average excluding offal), raw",,Meat and offal/Poultry,,per 100g edible portion,482,Automated calculation,,114,Automated calculation,,2.5,Calculation on the basis of ingredients,,0.8,Calculation on the basis of ingredients,,1.1,Calculation on the basis of ingredients,,0.6,Calculation on the basis of ingredients,,63,Calculation on the basis of ingredients,,0.1,Calculation on the basis of ingredients,,0,Calculation on the basis of ingredients,,0,Calculation on the basis of ingredients,,0,Calculation on the basis of ingredients,,22.9,Calculation on the basis of ingredients,,0.1,Automated calculation,,0,Calculation on the basis of ingredients,,74.6,Automated calculation,,5,Automated calculation,,5,Automated calculation,,5,Calculation on the basis of ingredients,,0,Calculation on the basis of ingredients,,0,Calculation on the basis of ingredients,,0.12,Calculation on the basis of ingredients,,0.16,Calculation on the basis of ingredients,,0.56,Calculation on the basis of ingredients,,0.45,Calculation on the basis of ingredients,,10.35,Calculation on the basis of ingredients,,10.5,Calculation on the basis of ingredients,,0.85,Calculation on the basis of ingredients,,0,Calculation on the basis of ingredients,,1,Calculation on the basis of ingredients,,0.48,Calculation on the basis of ingredients,,330,Calculation on the basis of ingredients,,58,Calculation on the basis of ingredients,,67,Calculation on the basis of ingredients,,6.7,Calculation on the basis of ingredients,,26,Calculation on the basis of ingredients,,210,Calculation on the basis of ingredients,,0.6,Calculation on the basis of ingredients,,2.2,Calculation on the basis of ingredients,,1,Calculation on the basis of ingredients,,n.d.,,,Ja
1109,4025,,"Poultry with skin (average), raw",,Meat and offal/Poultry,,per 100g edible portion,631,Automated calculation,,151,Automated calculation,,7.6,Calculation on the basis of ingredients,,2.4,Calculation on the basis of ingredients,,3.5,Calculation on the basis of ingredients,,1.5,Calculation on the basis of ingredients,,74,Calculation on the basis of ingredients,,0,Calculation on the basis of ingredients,,0,Calculation on the basis of ingredients,,0,Calculation on the basis of ingredients,,0,Calculation on the basis of ingredients,,20.7,Calculation on the basis of ingredients,,0.1,Automated calculation,,0,Calculation on the basis of ingredients,,71.8,Automated calculation,,16,Automated calculation,,16,Automated calculation,,16,Calculation on the basis of ingredients,,0,Calculation on the basis of ingredients,,0,Calculation on the basis of ingredients,,0.1,Calculation on the basis of ingredients,,0.14,Calculation on the basis of ingredients,,0.55,Calculation on the basis of ingredients,,0.4,Calculation on the basis of ingredients,,5.24,Calculation on the basis of ingredients,,9.6,Calculation on the basis of ingredients,,0.88,Calculation on the basis of ingredients,,0.5,Calculation on the basis of ingredients,,1.2,Calculation on the basis of ingredients,,0.51,Calculation on the basis of ingredients,,300,Calculation on the basis of ingredients,,53,Calculation on the basis of ingredients,,81,Calculation on the basis of ingredients,,6.2,Calculation on the basis of ingredients,,22,Calculation on the basis of ingredients,,190,Calculation on the basis of ingredients,,0.6,Calculation on the basis of ingredients,,9.2,Calculation on the basis of ingredients,,0.8,Calculation on the basis of ingredients,,n.d.,,,Ja
947,4205,1001620,Pretzel sticks (dry lye pretzel),,Savoury snacks/Salt sticks and pretzels,,per 100g edible portion,1530,Automated calculation,,361,Automated calculation,,4.1,Calculation on the basis of ingredients,,1,Calculation on the basis of ingredients,,1.6,Calculation on the basis of ingredients,,1.2,Calculation on the basis of ingredients,,0,Calculation on the basis of ingredients,,72.1,Calculation on the basis of ingredients,,0.4,Calculation on the basis of ingredients,,71.4,Calculation on the basis of ingredients,,0.7,Calculation on the basis of ingredients,,8.6,Calculation on the basis of ingredients,,4.3,Automated calculation,,0,Calculation on the basis of ingredients,,14.5,Automated calculation,,0,Automated calculation,,0,Automated calculation,,n.d.,,,n.d.,,,n.d.,,,0.01,Calculation on the basis of ingredients,,0.04,Calculation on the basis of ingredients,,0,Calculation on the basis of ingredients,,0,Calculation on the basis of ingredients,,0.67,Calculation on the basis of ingredients,,0,Calculation on the basis of ingredients,,0,Calculation on the basis of ingredients,,0,Calculation on the basis of ingredients,,0.1,Calculation on the basis of ingredients,,1.12,Calculation on the basis of ingredients,,120,Calculation on the basis of ingredients,,1710,Calculation on the basis of ingredients,,2490,Calculation on the basis of ingredients,,140,Calculation on the basis of ingredients,,0,Calculation on the basis of ingredients,,120,Calculation on the basis of ingredients,,0.7,Calculation on the basis of ingredients,,0,Calculation on the basis of ingredients,,0.5,Calculation on the basis of ingredients,,n.d.,,,Ja
558,4528,1001079,"Processed cheese, 15% fidm, slice",,Milk and dairy products/Cheese products,,per 100g edible portion,648,Automated calculation,,155,Automated calculation,,8.6,-,22,5.2,-,3,2,-,3,0.4,-,3,26,-,3,0,Estimation,1408,0,Estimation,1408,0,-,22,0,-,22,19.4,Estimation,1662,3,Automated calculation,,0,-,22,59,-,9,48,Automated calculation,,47,Automated calculation,,45,-,8,20,Estimation,51,20,-,8,0.03,-,9,0.32,-,9;1659,0.07,-,9,1.62,-,9;1659,0.2,-,9,3,-,9,0.74,-,9;1659,tr.,-,22,0.2,-,9;1659,0.2,-,9,150,-,9,1200,-,9,900,-,9,600,-,9,45,-,9,1200,-,9,0.9,-,9,35,-,9,4,-,9,n.d.,,,Nein
560,4526,1001081,"Processed cheese, 15% fidm, spreadable",,Milk and dairy products/Cheese products,,per 100g edible portion,624,Automated calculation,,150,Automated calculation,,9.3,-,22,5.6,-,3,2.2,-,3,0.4,-,3,28,-,3,0,Estimation,1408,0,Estimation,1408,0,-,22,0,-,22,16.4,Estimation,1662,3,Automated calculation,,0,-,22,61.9,-,1641,48,Automated calculation,,47,Automated calculation,,45,-,8,20,Estimation,51,20,-,8,0.03,-,9,0.38,-,9,0.07,-,9,2,-,9,0.2,-,9,3,-,9,1,-,9,tr.,-,22,0.2,-,9,0.27,-,9,200,-,9,1200,-,9,900,-,9,600,-,9,30,-,9,1100,-,9,0.9,-,9,35,-,9,4,-,9,n.d.,,,Nein
559,4525,1001080,"Processed cheese, 45% fidm, slice",,Milk and dairy products/Cheese products,,per 100g edible portion,1310,Automated calculation,,316,Automated calculation,,25,-,22,15,-,3,5.9,-,3,1.2,-,3,75,-,3,0,Estimation,1408,0,Estimation,1408,0,-,22,0,-,22,22.8,-,1661,3,Automated calculation,,0,-,22,49.5,-,9,257,Automated calculation,,248,Automated calculation,,238,-,61,114,Estimation,51,114,-,61,0.03,-,9,0.23,-,9;1659,0.07,-,9,1.17,-,9;1659,0.2,-,9,3,-,9,0.42,-,22;1659,tr.,-,22,0.7,-,22;1659,0.54,-,9,150,-,9,1200,-,9,900,-,9,600,-,9,45,-,9,800,-,9,0.9,-,9,35,-,9,4,-,9,n.d.,,,Nein
561,4139,1001082,"Processed cheese, 45% fidm, spreadable",,Milk and dairy products/Cheese products,,per 100g edible portion,1020,Automated calculation,,247,Automated calculation,,21.2,-,28,12.7,-,3,5,-,3,1,-,3,64,-,3,0,Estimation,1408,0,Estimation,1408,0,-,22,0,-,22,14.1,-,1640,3,Automated calculation,,0,-,22,51.3,-,1009,257,Automated calculation,,248,Automated calculation,,238,-,61,114,Estimation,51,114,-,61,0.03,-,9,0.38,-,9,0.07,-,9,2,-,9,0.2,-,9,3,-,9,1,-,9,tr.,-,22,0.5,-,9,0.67,-,9,150,-,9,1200,-,9,900,-,9,500,-,9,30,-,9,700,-,9,0.9,-,9,35,-,9,4,-,9,n.d.,,,Nein
563,4524,1001084,"Processed cheese, 50% fidm, slice",,Milk and dairy products/Cheese products,,per 100g edible portion,1350,Automated calculation,,327,Automated calculation,,30,-,9,18,-,3,7,-,3,1.4,-,3,90,-,3,0,Estimation,1408,0,Estimation,1408,0,-,22,0,-,22,14.3,-,1660,3,Automated calculation,,0,-,22,47,-,9,348,Automated calculation,,334,Automated calculation,,320,-,127,170,-,127,n.d.,,,0.04,-,9,0.37,-,9,0.07,-,9,2,-,9,0.2,-,9,3,-,9,1,-,9,tr.,-,22,0.9,-,9,0.65,-,9,100,-,9,1200,-,9,900,-,9,550,-,9,45,-,9,750,-,9,0.9,-,9,35,-,9,4,-,9,n.d.,,,Nein
565,3616,1001086,"Processed cheese, 50% fidm, spreadable",,Milk and dairy products/Cheese products,,per 100g edible portion,1310,Automated calculation,,316,Automated calculation,,29.4,-,9,17.6,-,3,6.9,-,3,1.3,-,3,88,-,3,0,Estimation,1408,0,Estimation,1408,0,-,22,0,-,22,12.9,-,1640,2.8,Automated calculation,,0,-,22,50.3,-,9,327,Automated calculation,,313,Automated calculation,,300,-,8,160,Estimation,51,160,-,8,0.04,-,9,0.37,-,9,0.07,-,9,2,-,9,0.15,-,9,3,-,9,1,-,9,tr.,-,22,0.6,-,9,0.89,-,9,150,-,9,1100,-,9,780,-,9,400,-,9,30,-,9,600,-,9,0.9,-,9,35,-,9,4,-,9,n.d.,,,Nein
475,4049,1000960,"Prune, dried",,Fruit/Dried fruit,,per 100g edible portion,858,Automated calculation,,204,Automated calculation,,0.3,-,43,0,-,43,0.2,-,43,0.1,-,43,0,-,43,39.8,-,43,39.8,-,43,0,-,43,16,-,43,2.5,-,43,0,Automated calculation,,0,-,43,39,-,43,148,Automated calculation,,74,Automated calculation,,0,Estimation,51,890,Estimation,1530,784,-,164,0.1,-,43,0.2,-,43,0.13,-,43,0,-,43,1.7,-,43,7.1,-,43,0.5,-,43,2,-,43,0,-,43,2.3,-,43,950,-,43,12,-,43,11,-,9,50,-,43,40,-,43,95,-,43,2.9,-,43,0.8,-,36,0.3,-,9,n.d.,,,Nein
479,4535,1000964,"Prune plum, fresh",,Fruit/Fresh fruit,,per 100g edible portion,182,Automated calculation,,43,Automated calculation,,0.1,-,9,0,-,9,0,-,9,0.1,-,9,0,-,9,8.8,-,9,8.8,-,9,0,-,9,2.3,-,9,0.6,-,9,0,Automated calculation,,0,-,9,86.3,-,9,27,Automated calculation,,13,Automated calculation,,0,Estimation,51,160,-,51;1662,146,-,121;1670,0.03,-,9;1670,0.02,-,9;1670,0.03,-,9;1670,0,-,9,0.41,-,9;1670,3,-,9,0.14,-,9;1670,3.4,-,9;1670,0,-,9,0.61,-,9,240,-,9,2,-,9,1,-,9,13,-,9,8,-,9,23,-,9,0.4,-,9,0.1,-,9,0.1,-,9,n.d.,,,Nein
1531,,,"Prune plum pie, baked (with cake dough)",,"Sweets/Cakes and tarts;Prepared dishes/Cakes, pies and gratins",,per 100g edible portion,571,Automated calculation,,136,Automated calculation,,6,Calculation on the basis of ingredients,,3.3,Calculation on the basis of ingredients,,1.5,Calculation on the basis of ingredients,,0.5,Calculation on the basis of ingredients,,37,Calculation on the basis of ingredients,,16.8,Calculation on the basis of ingredients,,7.7,Calculation on the basis of ingredients,,9,Calculation on the basis of ingredients,,1.9,Calculation on the basis of ingredients,,2.9,Calculation on the basis of ingredients,,0.2,Automated calculation,,0,Calculation on the basis of ingredients,,72.6,Automated calculation,,80,Automated calculation,,69,Automated calculation,,58,Calculation on the basis of ingredients,,131,Calculation on the basis of ingredients,,109,Calculation on the basis of ingredients,,0.04,Calculation on the basis of ingredients,,0.05,Calculation on the basis of ingredients,,0.05,Calculation on the basis of ingredients,,0.08,Calculation on the basis of ingredients,,0.35,Calculation on the basis of ingredients,,4.1,Calculation on the basis of ingredients,,0.24,Calculation on the basis of ingredients,,1.9,Calculation on the basis of ingredients,,0.2,Calculation on the basis of ingredients,,0.57,Calculation on the basis of ingredients,,190,Calculation on the basis of ingredients,,90,Calculation on the basis of ingredients,,140,Calculation on the basis of ingredients,,24,Calculation on the basis of ingredients,,11,Calculation on the basis of ingredients,,51,Calculation on the basis of ingredients,,0.6,Calculation on the basis of ingredients,,2.6,Calculation on the basis of ingredients,,0.3,Calculation on the basis of ingredients,,n.d.,,,Nein
1529,,,"Prune plum pie, baked (with puff pastry)",,"Sweets/Cakes and tarts;Prepared dishes/Cakes, pies and gratins",,per 100g edible portion,559,Automated calculation,,134,Automated calculation,,6.8,Calculation on the basis of ingredients,,3.9,Calculation on the basis of ingredients,,1.7,Calculation on the basis of ingredients,,0.5,Calculation on the basis of ingredients,,39,Calculation on the basis of ingredients,,14.6,Calculation on the basis of ingredients,,7.7,Calculation on the basis of ingredients,,6.9,Calculation on the basis of ingredients,,1.8,Calculation on the basis of ingredients,,2.5,Calculation on the basis of ingredients,,0.2,Automated calculation,,0,Calculation on the basis of ingredients,,74.3,Automated calculation,,89,Automated calculation,,78,Automated calculation,,67,Calculation on the basis of ingredients,,135,Calculation on the basis of ingredients,,112,Calculation on the basis of ingredients,,0.04,Calculation on the basis of ingredients,,0.05,Calculation on the basis of ingredients,,0.04,Calculation on the basis of ingredients,,0.08,Calculation on the basis of ingredients,,0.33,Calculation on the basis of ingredients,,3.8,Calculation on the basis of ingredients,,0.23,Calculation on the basis of ingredients,,1.9,Calculation on the basis of ingredients,,0.2,Calculation on the basis of ingredients,,0.58,Calculation on the basis of ingredients,,180,Calculation on the basis of ingredients,,93,Calculation on the basis of ingredients,,140,Calculation on the basis of ingredients,,24,Calculation on the basis of ingredients,,10,Calculation on the basis of ingredients,,47,Calculation on the basis of ingredients,,0.5,Calculation on the basis of ingredients,,2.6,Calculation on the basis of ingredients,,0.3,Calculation on the basis of ingredients,,n.d.,,,Nein
1056,3770,,"Prune plum, stewed, drained (without addition of sugar)",,Fruit/Cooked fruit (incl. cans),,per 100g edible portion,225,Automated calculation,,53,Automated calculation,,0.1,Calculation on the basis of ingredients,,0,Calculation on the basis of ingredients,,0,Calculation on the basis of ingredients,,0.1,Calculation on the basis of ingredients,,0,Calculation on the basis of ingredients,,10.9,Calculation on the basis of ingredients,,10.9,Calculation on the basis of ingredients,,0,Calculation on the basis of ingredients,,2.8,Calculation on the basis of ingredients,,0.7,Calculation on the basis of ingredients,,0,Automated calculation,,0,Calculation on the basis of ingredients,,85.4,Automated calculation,,33,Automated calculation,,16,Automated calculation,,0,Calculation on the basis of ingredients,,198,Calculation on the basis of ingredients,,135,Calculation on the basis of ingredients,,0.03,Calculation on the basis of ingredients,,0.02,Calculation on the basis of ingredients,,0.04,Calculation on the basis of ingredients,,0,Calculation on the basis of ingredients,,0.45,Calculation on the basis of ingredients,,2.6,Calculation on the basis of ingredients,,0.15,Calculation on the basis of ingredients,,2.9,Calculation on the basis of ingredients,,0,Calculation on the basis of ingredients,,0.75,Calculation on the basis of ingredients,,270,Calculation on the basis of ingredients,,2.5,Calculation on the basis of ingredients,,1.2,Calculation on the basis of ingredients,,15,Calculation on the basis of ingredients,,9.9,Calculation on the basis of ingredients,,28,Calculation on the basis of ingredients,,0.5,Calculation on the basis of ingredients,,0.1,Calculation on the basis of ingredients,,0.1,Calculation on the basis of ingredients,,n.d.,,,Ja
874,3710,,Prussian cookie,,Sweets/Cookies/Biscuits,,per 100g edible portion,1830,Automated calculation,,438,Automated calculation,,22.4,Calculation on the basis of ingredients,,13.2,Calculation on the basis of ingredients,,5.2,Calculation on the basis of ingredients,,1.3,Calculation on the basis of ingredients,,59,Calculation on the basis of ingredients,,53.8,Calculation on the basis of ingredients,,27.4,Calculation on the basis of ingredients,,26,Calculation on the basis of ingredients,,1.2,Calculation on the basis of ingredients,,4.7,Calculation on the basis of ingredients,,0.8,Automated calculation,,0,Calculation on the basis of ingredients,,18.3,Automated calculation,,228,Automated calculation,,220,Automated calculation,,211,Calculation on the basis of ingredients,,100,Calculation on the basis of ingredients,,89,Calculation on the basis of ingredients,,0.06,Calculation on the basis of ingredients,,0.02,Calculation on the basis of ingredients,,0.06,Calculation on the basis of ingredients,,0,Calculation on the basis of ingredients,,0.29,Calculation on the basis of ingredients,,3,Calculation on the basis of ingredients,,0.14,Calculation on the basis of ingredients,,0,Calculation on the basis of ingredients,,0.4,Calculation on the basis of ingredients,,0.58,Calculation on the basis of ingredients,,75,Calculation on the basis of ingredients,,310,Calculation on the basis of ingredients,,480,Calculation on the basis of ingredients,,10,Calculation on the basis of ingredients,,14,Calculation on the basis of ingredients,,52,Calculation on the basis of ingredients,,0.6,Calculation on the basis of ingredients,,0.6,Calculation on the basis of ingredients,,0.5,Calculation on the basis of ingredients,,n.d.,,,Nein
806,4717,1001473,"Pudding, caramel",,Sweets/Creams and puddings,,per 100g edible portion,527,Automated calculation,,125,Automated calculation,,2.1,-,16,1.4,-,5,0.6,-,5,0.1,-,5,12,-,5,23,-,16,20.1,-,5,2.9,-,5,0.1,-,5,3.4,-,16,0.2,Automated calculation,,0,-,5,69.3,-,22,38,Automated calculation,,38,Automated calculation,,37,Estimation,51,8,-,81,n.d.,,,0.03,-,5,0.2,-,5,0.03,-,5,0.3,-,8,0.1,-,5,8,-,5,tr.,-,22,0,-,5,0.1,-,5,0.16,-,5,150,-,5,70,-,5,95,-,8,94,-,5,9,-,8,77,-,5,tr.,-,5,6.2,-,9,0.3,-,5,n.d.,,,Nein
810,4719,1001477,"Pudding, chocolate",,Sweets/Creams and puddings,,per 100g edible portion,511,Automated calculation,,121,Automated calculation,,2.6,-,22,0.5,-,5,1.1,-,5,0.9,-,5,3,-,5,21,-,22,12.1,-,5,8.9,-,5,1,-,5,3,-,22,0.3,Automated calculation,,0,-,5,71.2,-,22,25,Automated calculation,,24,Automated calculation,,22,-,155,19,Estimation,51,19,-,155,0.14,-,47,0.16,-,5,0.02,-,47,0.08,-,47,0.3,-,5,3,-,5,0.2,-,9,2,-,5,0,-,5,0.11,-,9,180,-,5,130,-,5,51,-,9,90,-,5,14,-,9,80,-,5,0.5,-,5,3.2,-,9,0.4,-,5,n.d.,,,Nein
809,4720,1001476,"Pudding, vanilla",,Sweets/Creams and puddings,,per 100g edible portion,429,Automated calculation,,102,Automated calculation,,2.1,-,41,0.3,-,5,0.9,-,5,0.8,-,5,7,-,5,18,-,41,10.4,-,5,7.6,-,5,0.1,-,5,2.8,-,41,0.3,Automated calculation,,0,-,5,76.2,-,22,31,Automated calculation,,30,Automated calculation,,29,-,8,13,Estimation,51,13,-,8,0.1,-,47,0.14,-,5,0.02,-,47,0.09,-,47,0.3,-,5,0,-,5,0.3,-,9,0,-,5,0,-,5,0.13,-,5,120,-,41,140,-,5,120,-,9,96,-,41,10,-,9,40,-,41,0.1,-,5,5.9,-,9,0.3,-,5,n.d.,,,Nein
904,4338,1001577,"Puff pastry home-made (with butter), raw",,"Cereal products, pulses and potatoes/Dough",,per 100g edible portion,1510,Automated calculation,,364,Automated calculation,,24.7,Calculation on the basis of ingredients,,14.6,Calculation on the basis of ingredients,,5.8,Calculation on the basis of ingredients,,1.4,Calculation on the basis of ingredients,,65,Calculation on the basis of ingredients,,29.4,Calculation on the basis of ingredients,,0.3,Calculation on the basis of ingredients,,28.8,Calculation on the basis of ingredients,,1.3,Calculation on the basis of ingredients,,5.2,Calculation on the basis of ingredients,,0.8,Automated calculation,,0,Calculation on the basis of ingredients,,39.8,Automated calculation,,252,Automated calculation,,243,Automated calculation,,234,Calculation on the basis of ingredients,,110,Calculation on the basis of ingredients,,109,Calculation on the basis of ingredients,,0.09,Calculation on the basis of ingredients,,0.02,Calculation on the basis of ingredients,,0.07,Calculation on the basis of ingredients,,0,Calculation on the basis of ingredients,,0.33,Calculation on the basis of ingredients,,6.7,Calculation on the basis of ingredients,,0.2,Calculation on the basis of ingredients,,0,Calculation on the basis of ingredients,,0.4,Calculation on the basis of ingredients,,0.64,Calculation on the basis of ingredients,,82,Calculation on the basis of ingredients,,340,Calculation on the basis of ingredients,,530,Calculation on the basis of ingredients,,11,Calculation on the basis of ingredients,,15,Calculation on the basis of ingredients,,57,Calculation on the basis of ingredients,,0.6,Calculation on the basis of ingredients,,0.7,Calculation on the basis of ingredients,,0.5,Calculation on the basis of ingredients,,n.d.,,,Ja
905,4234,1001578,"Puff pastry home-made (with vegetable fat), raw",,"Cereal products, pulses and potatoes/Dough",,per 100g edible portion,1490,Automated calculation,,358,Automated calculation,,24.1,Calculation on the basis of ingredients,,6.7,Calculation on the basis of ingredients,,11.1,Calculation on the basis of ingredients,,4.4,Calculation on the basis of ingredients,,0,Calculation on the basis of ingredients,,29.4,Calculation on the basis of ingredients,,0.1,Calculation on the basis of ingredients,,28.9,Calculation on the basis of ingredients,,1.3,Calculation on the basis of ingredients,,5.2,Calculation on the basis of ingredients,,0.9,Automated calculation,,0,Calculation on the basis of ingredients,,40.5,Automated calculation,,253,Automated calculation,,244,Automated calculation,,235,Calculation on the basis of ingredients,,106,Calculation on the basis of ingredients,,106,Calculation on the basis of ingredients,,0.09,Calculation on the basis of ingredients,,0.02,Calculation on the basis of ingredients,,0.07,Calculation on the basis of ingredients,,0.03,Calculation on the basis of ingredients,,0.39,Calculation on the basis of ingredients,,7.3,Calculation on the basis of ingredients,,0.23,Calculation on the basis of ingredients,,0,Calculation on the basis of ingredients,,1.5,Calculation on the basis of ingredients,,6,Calculation on the basis of ingredients,,88,Calculation on the basis of ingredients,,360,Calculation on the basis of ingredients,,550,Calculation on the basis of ingredients,,9.6,Calculation on the basis of ingredients,,15,Calculation on the basis of ingredients,,58,Calculation on the basis of ingredients,,0.7,Calculation on the basis of ingredients,,1.1,Calculation on the basis of ingredients,,0.5,Calculation on the basis of ingredients,,n.d.,,,Ja
928,4678,1001601,Puff pastry sticks,,Savoury snacks/Puff pastry snacks,,per 100g edible portion,2060,Automated calculation,,496,Automated calculation,,33.5,Calculation on the basis of ingredients,,14.7,Calculation on the basis of ingredients,,11.6,Calculation on the basis of ingredients,,4,Calculation on the basis of ingredients,,45,Calculation on the basis of ingredients,,40.4,Calculation on the basis of ingredients,,0.3,Calculation on the basis of ingredients,,39.7,Calculation on the basis of ingredients,,1.8,Calculation on the basis of ingredients,,7.1,Calculation on the basis of ingredients,,2.6,Automated calculation,,0,Calculation on the basis of ingredients,,17.7,Automated calculation,,347,Automated calculation,,335,Automated calculation,,322,Calculation on the basis of ingredients,,148,Calculation on the basis of ingredients,,133,Calculation on the basis of ingredients,,0.09,Calculation on the basis of ingredients,,0.03,Calculation on the basis of ingredients,,0.09,Calculation on the basis of ingredients,,0.02,Calculation on the basis of ingredients,,0.48,Calculation on the basis of ingredients,,4.8,Calculation on the basis of ingredients,,0.22,Calculation on the basis of ingredients,,0,Calculation on the basis of ingredients,,1.3,Calculation on the basis of ingredients,,4.56,Calculation on the basis of ingredients,,120,Calculation on the basis of ingredients,,1030,Calculation on the basis of ingredients,,1570,Calculation on the basis of ingredients,,14,Calculation on the basis of ingredients,,21,Calculation on the basis of ingredients,,79,Calculation on the basis of ingredients,,0.9,Calculation on the basis of ingredients,,1.5,Calculation on the basis of ingredients,,0.7,Calculation on the basis of ingredients,,n.d.,,,Ja
1662,,,"Pumpkin piccata, prepared",,Prepared dishes/Other savoury dishes,,per 100g edible portion,686,Automated calculation,,165,Automated calculation,,12,Calculation on the basis of ingredients,,4.7,Calculation on the basis of ingredients,,4.9,Calculation on the basis of ingredients,,1.1,Calculation on the basis of ingredients,,92,Calculation on the basis of ingredients,,9,Calculation on the basis of ingredients,,3.9,Calculation on the basis of ingredients,,5.1,Calculation on the basis of ingredients,,1.1,Calculation on the basis of ingredients,,4.7,Calculation on the basis of ingredients,,0.7,Automated calculation,,0,Calculation on the basis of ingredients,,73.2,Automated calculation,,413,Automated calculation,,252,Automated calculation,,91,Calculation on the basis of ingredients,,1932,Calculation on the basis of ingredients,,1527,Calculation on the basis of ingredients,,0.03,Calculation on the basis of ingredients,,0.13,Calculation on the basis of ingredients,,0.09,Calculation on the basis of ingredients,,0.32,Calculation on the basis of ingredients,,0.39,Calculation on the basis of ingredients,,17.5,Calculation on the basis of ingredients,,0.69,Calculation on the basis of ingredients,,2.6,Calculation on the basis of ingredients,,0.6,Calculation on the basis of ingredients,,0.48,Calculation on the basis of ingredients,,240,Calculation on the basis of ingredients,,260,Calculation on the basis of ingredients,,410,Calculation on the basis of ingredients,,82,Calculation on the basis of ingredients,,10,Calculation on the basis of ingredients,,94,Calculation on the basis of ingredients,,0.6,Calculation on the basis of ingredients,,8.2,Calculation on the basis of ingredients,,1.2,Calculation on the basis of ingredients,,n.d.,,,Ja
480,4051,1000965,"Pumpkin, raw",,Vegetables/Fresh vegetables,,per 100g edible portion,98,Automated calculation,,23,Automated calculation,,0.1,-,43,0.1,-,43,0,-,1030,0,-,1030,0,-,43,4.5,-,43,3.9,-,43,0.6,-,43,1,-,43,0.6,-,43,0,Automated calculation,,0,-,43,93.3,-,43,368,Automated calculation,,184,Automated calculation,,0,Estimation,51,2205,-,51;1662,2149,-,105;1669,0.01,-,43;1669,0.07,-,43,0.1,-,43;1669,0,-,43,0.5,-,43,25,-,43,0.48,-,43;1669,5,-,43,0,-,43,0.1,-,43,270,-,43,1,-,43,25,-,9,18,-,43,7,-,43,20,-,43,0.4,-,43,0.2,-,1007,0.9,-,9,n.d.,,,Nein
13404,,,Pumpkin seed oil,,Fats and oils/Oils,0.9,per 100g edible portion,3700,Automated calculation,,900,Automated calculation,,100,-,1640,16.4,-,1640,28.5,-,1640,49.5,-,1640,0,Estimation,1648,0,Estimation,1648,0,Estimation,1648,0,Estimation,1648,0,Estimation,1648,0,Estimation,1648,0,Automated calculation,,0,Estimation,1648,0,Estimation,1648,777,Automated calculation,,389,Automated calculation,,0,Estimation,1648,4664,-,1662,4664,-,1667,0,Estimation,1648,0,Estimation,1648,0,Estimation,1648,0,Estimation,1648,0,Estimation,1648,0,Estimation,1648,0,Estimation,1648,0,Estimation,1648,0,Estimation,1648,13.42,Automated calculation,,0,Estimation,1648,0,Estimation,1648,0,Estimation,1648,0,Estimation,1648,0,Estimation,1648,0,Estimation,1648,0,Estimation,1648,0,Estimation,1648,0,Estimation,1648,n.d.,,,Nein
276,4127,841010,Pumpkin seeds,,"Nuts, seeds and oleaginous fruit",,per 100g edible portion,2550,Automated calculation,,615,Automated calculation,,49.1,-,1002,8.7,-,1002,16.2,-,1002,21,-,1002,0,Estimation,1003,4.7,Estimation,1003,1.4,-,1002,1.5,-,1002,6,-,1002,35.6,Estimation,1662,0,Automated calculation,,0,Estimation,51,5.6,-,165,38,Automated calculation,,19,Automated calculation,,0,Estimation,51,228,Estimation,51,228,-,156,0.21,-,156,0.32,-,156,0.22,-,156,0,-,156,1.7,-,156,58,-,156,0.34,-,156,2,-,156,0,-,8,56.44,-,126,950,-,77;1542,9.9,-,77;1542,80,-,8,78,-,77;1542,530,-,77;1542,1100,-,77;1542,9.1,-,77;1542,12,-,8,8.2,-,77,n.d.,,,Nein
1020,4238,,"Pumpkin, steamed (without addition of salt)",,Vegetables/Cooked vegetables (incl. cans),,per 100g edible portion,98,Automated calculation,,23,Automated calculation,,0.1,Calculation on the basis of ingredients,,0.1,Calculation on the basis of ingredients,,0,Calculation on the basis of ingredients,,0,Calculation on the basis of ingredients,,0,Calculation on the basis of ingredients,,4.5,Calculation on the basis of ingredients,,3.9,Calculation on the basis of ingredients,,0.6,Calculation on the basis of ingredients,,1,Calculation on the basis of ingredients,,0.6,Calculation on the basis of ingredients,,0,Automated calculation,,0,Calculation on the basis of ingredients,,93.8,Automated calculation,,368,Automated calculation,,184,Automated calculation,,0,Calculation on the basis of ingredients,,2205,Calculation on the basis of ingredients,,1934,Calculation on the basis of ingredients,,0.01,Calculation on the basis of ingredients,,0.06,Calculation on the basis of ingredients,,0.08,Calculation on the basis of ingredients,,0,Calculation on the basis of ingredients,,0.4,Calculation on the basis of ingredients,,15,Calculation on the basis of ingredients,,0.41,Calculation on the basis of ingredients,,3.8,Calculation on the basis of ingredients,,0,Calculation on the basis of ingredients,,0.1,Calculation on the basis of ingredients,,230,Calculation on the basis of ingredients,,0.9,Calculation on the basis of ingredients,,24,Calculation on the basis of ingredients,,17,Calculation on the basis of ingredients,,6.3,Calculation on the basis of ingredients,,19,Calculation on the basis of ingredients,,0.3,Calculation on the basis of ingredients,,0.1,Calculation on the basis of ingredients,,0.8,Calculation on the basis of ingredients,,n.d.,,,Ja
1541,,,"Quiche Lorraine, baked (with cake dough)",,"Prepared dishes/Cakes, pies and gratins",,per 100g edible portion,1280,Automated calculation,,309,Automated calculation,,23.7,Calculation on the basis of ingredients,,12.3,Calculation on the basis of ingredients,,7.1,Calculation on the basis of ingredients,,1.7,Calculation on the basis of ingredients,,149,Calculation on the basis of ingredients,,14.5,Calculation on the basis of ingredients,,1.6,Calculation on the basis of ingredients,,12.8,Calculation on the basis of ingredients,,0.6,Calculation on the basis of ingredients,,9,Calculation on the basis of ingredients,,1.2,Automated calculation,,0,Calculation on the basis of ingredients,,52.4,Automated calculation,,211,Automated calculation,,205,Automated calculation,,199,Calculation on the basis of ingredients,,72,Calculation on the basis of ingredients,,67,Calculation on the basis of ingredients,,0.13,Calculation on the basis of ingredients,,0.14,Calculation on the basis of ingredients,,0.08,Calculation on the basis of ingredients,,0.34,Calculation on the basis of ingredients,,0.79,Calculation on the basis of ingredients,,9.3,Calculation on the basis of ingredients,,0.6,Calculation on the basis of ingredients,,4.2,Calculation on the basis of ingredients,,1,Calculation on the basis of ingredients,,0.52,Calculation on the basis of ingredients,,140,Calculation on the basis of ingredients,,460,Calculation on the basis of ingredients,,740,Calculation on the basis of ingredients,,49,Calculation on the basis of ingredients,,14,Calculation on the basis of ingredients,,120,Calculation on the basis of ingredients,,0.7,Calculation on the basis of ingredients,,9.9,Calculation on the basis of ingredients,,1,Calculation on the basis of ingredients,,n.d.,,,Nein
1542,,,"Quiche Lorraine, baked (with puff pastry)",,"Prepared dishes/Cakes, pies and gratins",,per 100g edible portion,1260,Automated calculation,,305,Automated calculation,,24.9,Calculation on the basis of ingredients,,13,Calculation on the basis of ingredients,,7.3,Calculation on the basis of ingredients,,1.7,Calculation on the basis of ingredients,,153,Calculation on the basis of ingredients,,11.5,Calculation on the basis of ingredients,,1.6,Calculation on the basis of ingredients,,9.7,Calculation on the basis of ingredients,,0.5,Calculation on the basis of ingredients,,8.5,Calculation on the basis of ingredients,,1.2,Automated calculation,,0,Calculation on the basis of ingredients,,54.8,Automated calculation,,224,Automated calculation,,217,Automated calculation,,211,Calculation on the basis of ingredients,,78,Calculation on the basis of ingredients,,72,Calculation on the basis of ingredients,,0.12,Calculation on the basis of ingredients,,0.14,Calculation on the basis of ingredients,,0.07,Calculation on the basis of ingredients,,0.34,Calculation on the basis of ingredients,,0.76,Calculation on the basis of ingredients,,8.9,Calculation on the basis of ingredients,,0.59,Calculation on the basis of ingredients,,4.2,Calculation on the basis of ingredients,,1,Calculation on the basis of ingredients,,0.54,Calculation on the basis of ingredients,,140,Calculation on the basis of ingredients,,460,Calculation on the basis of ingredients,,750,Calculation on the basis of ingredients,,49,Calculation on the basis of ingredients,,12,Calculation on the basis of ingredients,,120,Calculation on the basis of ingredients,,0.7,Calculation on the basis of ingredients,,9.9,Calculation on the basis of ingredients,,1,Calculation on the basis of ingredients,,n.d.,,,Nein
1055,3765,,"Quince, cooked, drained (without addition of sugar)",,Fruit/Cooked fruit (incl. cans),,per 100g edible portion,214,Automated calculation,,51,Automated calculation,,0.3,Calculation on the basis of ingredients,,0,Calculation on the basis of ingredients,,0.1,Calculation on the basis of ingredients,,0.1,Calculation on the basis of ingredients,,0,Calculation on the basis of ingredients,,7.9,Calculation on the basis of ingredients,,7.9,Calculation on the basis of ingredients,,0,Calculation on the basis of ingredients,,8,Calculation on the basis of ingredients,,0.4,Calculation on the basis of ingredients,,0,Automated calculation,,0,Calculation on the basis of ingredients,,83.5,Automated calculation,,5,Automated calculation,,3,Automated calculation,,0,Calculation on the basis of ingredients,,30,Calculation on the basis of ingredients,,n.d.,,,0.02,Calculation on the basis of ingredients,,0.02,Calculation on the basis of ingredients,,0.05,Calculation on the basis of ingredients,,0,Calculation on the basis of ingredients,,0.23,Calculation on the basis of ingredients,,7,Calculation on the basis of ingredients,,0.11,Calculation on the basis of ingredients,,13.1,Calculation on the basis of ingredients,,0,Calculation on the basis of ingredients,,0.5,Calculation on the basis of ingredients,,230,Calculation on the basis of ingredients,,3.8,Calculation on the basis of ingredients,,2.1,Calculation on the basis of ingredients,,17,Calculation on the basis of ingredients,,7.5,Calculation on the basis of ingredients,,24,Calculation on the basis of ingredients,,0.4,Calculation on the basis of ingredients,,1.3,Calculation on the basis of ingredients,,0.3,Calculation on the basis of ingredients,,n.d.,,,Ja
476,4533,1000961,"Quince, fresh",,Fruit/Fresh fruit,,per 100g edible portion,171,Automated calculation,,41,Automated calculation,,0.2,-,43,tr.,-,43,0.1,-,43,0.1,-,43,0,-,43,6.3,-,43,6.3,-,43,tr.,-,43,6.4,-,43,0.3,-,43,0,Automated calculation,,0,-,43,84.2,-,43,4,Automated calculation,,2,Automated calculation,,0,Estimation,51,24,-,145,n.d.,,,0.02,-,43,0.02,-,43,0.04,-,43,0,-,43,0.2,-,43,8,-,9,0.1,-,43,15,-,43,0,-,43,0.4,-,9,200,-,43,3,-,43,1.7,-,36,14,-,43,6,-,43,19,-,43,0.3,-,43,1,-,9,0.2,-,36,n.d.,,,Nein
13396,,,"Quinoa, cooked (without addition of salt and fat)",,"Cereal products, pulses and potatoes/Other cereal products",,per 100g edible portion,535,Automated calculation,,127,Automated calculation,,1.7,Calculation on the basis of ingredients,,0.2,Calculation on the basis of ingredients,,0.5,Calculation on the basis of ingredients,,0.9,Calculation on the basis of ingredients,,0,Calculation on the basis of ingredients,,21.5,Calculation on the basis of ingredients,,0.6,Calculation on the basis of ingredients,,20.7,Calculation on the basis of ingredients,,2.3,Calculation on the basis of ingredients,,5.1,Calculation on the basis of ingredients,,0,Automated calculation,,0,Calculation on the basis of ingredients,,69.3,Automated calculation,,0,Automated calculation,,0,Automated calculation,,0,Calculation on the basis of ingredients,,3,Calculation on the basis of ingredients,,3,Calculation on the basis of ingredients,,0.09,Calculation on the basis of ingredients,,0.08,Calculation on the basis of ingredients,,0.09,Calculation on the basis of ingredients,,0,Calculation on the basis of ingredients,,0.13,Calculation on the basis of ingredients,,29.6,Calculation on the basis of ingredients,,0.24,Calculation on the basis of ingredients,,0.1,Calculation on the basis of ingredients,,0,Calculation on the basis of ingredients,,1.38,Calculation on the basis of ingredients,,220,Calculation on the basis of ingredients,,3.3,Calculation on the basis of ingredients,,37,Calculation on the basis of ingredients,,32,Calculation on the basis of ingredients,,95,Calculation on the basis of ingredients,,110,Calculation on the basis of ingredients,,2.7,Calculation on the basis of ingredients,,0.6,Calculation on the basis of ingredients,,0.8,Calculation on the basis of ingredients,,n.d.,,,Ja
13394,,,"Quinoa, raw",,"Cereal products, pulses and potatoes/Other cereal products",,per 100g edible portion,1550,Automated calculation,,368,Automated calculation,,5,-,1640,0.5,-,1640,1.3,-,1640,2.6,-,1640,n.d.,,,62.4,-,1528,1.8,-,1528,59.9,-,1528,6.6,-,1640,14.8,-,1640,0,Automated calculation,,0,Estimation,1648,12.6,-,1640,1,Automated calculation,,1,Automated calculation,,0,Estimation,1648,8,Estimation,1648,8,-,1650,0.41,-,1642,0.32,-,1650,0.42,-,1642,0,Estimation,1648,0.45,-,1640,114.6,-,1642,0.83,-,1642,0.5,-,1528,0,Estimation,1648,4,-,1640,800,-,1640,9.6,-,1640,110,-,1640,80,-,1640,280,-,1640,330,-,1640,8,-,1640,1.6,-,1528,2.5,-,1640,n.d.,,,Nein
532,3898,1001046,Raclette cheese,,Milk and dairy products/Hard cheese,,per 100g edible portion,1480,Automated calculation,,357,Automated calculation,,27.9,-,184,16.7,-,184,6.5,-,184,1.3,-,184,84,-,184,0,Estimation,1408,0,Estimation,1408,0,-,22,0,-,22,25.9,Estimation,1662,1.8,Automated calculation,,0,-,22,41.4,-,184,272,Automated calculation,,264,Automated calculation,,255,Estimation,51,100,Estimation,51,100,-,61,0.01,-,184,0.29,-,184;1659,0.06,-,184,1.55,-,43;1659,0.2,-,43,49,-,43,0.25,-,43;1659,tr.,-,22,0.3,-,43;1659,0.68,-,184,70,-,184,730,-,184,1100,-,184,670,-,184,27,-,184,490,-,184,0.1,-,184,11,-,1399,3.9,-,184,n.d.,,,Nein
458,4417,1000939,"Radicchio red, raw",,Vegetables/Fresh vegetables,,per 100g edible portion,79,Automated calculation,,19,Automated calculation,,0.1,-,5,0,-,5,tr.,-,5,0.1,-,5,0,-,5,1.6,-,5,1.6,-,5,0,-,22,3,-,5,1.4,-,5,0,Automated calculation,,0,-,5,94,-,5,133,Automated calculation,,67,Automated calculation,,0,Estimation,51,800,Estimation,51,800,-,8,0.06,-,5;1669,0.05,-,5,0.05,-,5;1669,0,-,22,0.3,-,5,14.1,-,5;1669,0.19,-,22;1669,10,-,5,0,-,5,0.57,-,5,180,-,5,7,-,5,tr.,-,22,36,-,5,tr.,-,22,30,-,5,0.3,-,5,tr.,-,22,0.2,-,5,n.d.,,,Nein
361,4078,1000824,"Radish, raw",,Vegetables/Fresh vegetables,,per 100g edible portion,76,Automated calculation,,18,Automated calculation,,0.3,-,43,tr.,-,43,tr.,-,43,tr.,-,43,0,-,43,2.6,-,43,2.6,-,43,0,-,43,1.2,-,43,0.6,-,43,0,Automated calculation,,0,-,43,94.8,-,43,3,Automated calculation,,2,Automated calculation,,0,Estimation,51,20,-,145,20,Estimation,1698,0.03,-,43,0.04,-,43,0.07,-,43,0,-,43,0.3,-,43,50,-,43,0.1,-,43,23,-,43,0,-,43,0,-,43,240,-,43,12,-,43,44,-,36,20,-,43,7,-,43,18,-,43,0.8,-,43,1.2,-,36,0.2,-,36,n.d.,,,Nein
456,3825,1000937,"Radish, red, raw",,Vegetables/Fresh vegetables,,per 100g edible portion,72,Automated calculation,,17,Automated calculation,,0.1,-,36,0,-,22,0,-,22,0.1,-,22,0,-,22,2.1,-,36,2.1,-,36,0,-,22,1.6,-,36,1.1,-,36,0.1,Automated calculation,,0,-,22,94.1,-,36,3,Automated calculation,,1,Automated calculation,,0,Estimation,51,15,-,145,n.d.,,,0.02,-,36;1669,0.03,-,36,0.05,-,36;1669,0,-,8,0.25,-,36,24,-,36,0.18,-,36,23.2,-,36;1669,0,-,8,0.01,-,22,240,-,36,21,-,36,44,-,36,26,-,36,9.4,-,36,18,-,36,0.4,-,36,1.2,-,36,0.2,-,36,n.d.,,,Nein
477,4694,1000962,"Raisins, dried (grape)/ sultanas",,Fruit/Dried fruit,,per 100g edible portion,1260,Automated calculation,,297,Automated calculation,,0.6,-,1009,0.2,-,43,0.1,-,43,0.1,-,43,0,-,43,68,-,36,67.1,-,36,0,-,36,5.2,-,36,2.5,-,36,0.1,Automated calculation,,0,-,43,15.7,-,36,0,Automated calculation,,0,Automated calculation,,0,Estimation,51,0,Estimation,51,0,-,90,0.12,-,36,0.06,-,36,0.11,-,36,0,-,43,0.5,-,36,4,-,36,0.1,-,36,1,-,36,0,-,43,0,-,43,780,-,36,21,-,36,10,-,36,80,-,36,41,-,36,110,-,36,2.3,-,36,2,-,9,0.2,-,36,n.d.,,,Nein
600,3969,1001139,Rapeseed oil,,Fats and oils/Oils,0.9,per 100ml food volume,3330,Automated calculation,,810,Automated calculation,,90,-,1660,6.5,-,1660,53.7,-,1660,24.2,-,1660,0,Estimation,1648,0,Estimation,1648,0,Estimation,1648,0,Estimation,1648,0,Estimation,1648,0,Estimation,1648,0,Automated calculation,,0,Estimation,1648,0,Estimation,1648,4,Automated calculation,,2,Automated calculation,,0,-,92,24,-,1648;1662,16,-,92;1667,0,Estimation,1648,0,Estimation,1648,0,Estimation,1648,0,Estimation,1648,0,Estimation,1648,0,Estimation,1648,0,Estimation,1648,0,Estimation,1648,0,Estimation,1648,30.18,Automated calculation,,0,Estimation,1648,0,Estimation,1648,0,Estimation,1648,0,Estimation,1648,0,Estimation,1648,0,Estimation,1648,0,Estimation,1648,0,Estimation,1648,0,Estimation,1648,n.d.,,,Nein
1069,4269,,"Rapeseed oil HOLL (high oleic, low linolenic)",,Fats and oils/Oils,0.9,per 100ml food volume,3330,Automated calculation,,810,Automated calculation,,90,-,1027,6.3,-,1029,68.4,-,1029,10.8,-,1029,0,-,1027,0,-,1027,0,Estimation,1003,0,Estimation,1003,0,Estimation,1003,0,-,1027,0,Automated calculation,,0,Estimation,1003,0,Estimation,1003,0,Automated calculation,,0,Automated calculation,,0,Estimation,1648,0,-,1662,0,-,1667,0,Estimation,1648,0,Estimation,1648,0,Estimation,1648,0,Estimation,1648,0,Estimation,1648,0,Estimation,1648,0,Estimation,1648,0,Estimation,1648,0,Estimation,1648,28.3,Automated calculation,,0,Estimation,1648,0,Estimation,1648,0,Estimation,1648,0,Estimation,1648,0,Estimation,1648,0,Estimation,1648,0,Estimation,1648,0,Estimation,1648,0,Estimation,1648,n.d.,,,Nein
917,4677,1001590,Rascal (Shortbread cookie with jam),,Sweets/Other sweet pastries,,per 100g edible portion,2090,Automated calculation,,499,Automated calculation,,25.6,Calculation on the basis of ingredients,,15.1,Calculation on the basis of ingredients,,5.9,Calculation on the basis of ingredients,,1.4,Calculation on the basis of ingredients,,67,Calculation on the basis of ingredients,,60.3,Calculation on the basis of ingredients,,30.9,Calculation on the basis of ingredients,,29.1,Calculation on the basis of ingredients,,1.9,Calculation on the basis of ingredients,,5.8,Calculation on the basis of ingredients,,0.1,Automated calculation,,0,Calculation on the basis of ingredients,,6.9,Automated calculation,,262,Automated calculation,,251,Automated calculation,,241,Calculation on the basis of ingredients,,127,Calculation on the basis of ingredients,,109,Calculation on the basis of ingredients,,0.07,Calculation on the basis of ingredients,,0.04,Calculation on the basis of ingredients,,0.06,Calculation on the basis of ingredients,,0,Calculation on the basis of ingredients,,0.54,Calculation on the basis of ingredients,,3.7,Calculation on the basis of ingredients,,0.17,Calculation on the basis of ingredients,,1,Calculation on the basis of ingredients,,0.4,Calculation on the basis of ingredients,,0.52,Calculation on the basis of ingredients,,110,Calculation on the basis of ingredients,,33,Calculation on the basis of ingredients,,60,Calculation on the basis of ingredients,,14,Calculation on the basis of ingredients,,16,Calculation on the basis of ingredients,,60,Calculation on the basis of ingredients,,1,Calculation on the basis of ingredients,,0.9,Calculation on the basis of ingredients,,0.6,Calculation on the basis of ingredients,,n.d.,,,Ja
390,4558,1000853,"Raspberry, raw",,Fruit/Fresh fruit,,per 100g edible portion,215,Automated calculation,,52,Automated calculation,,0.6,-,43,0,-,43,0.1,-,43,0.3,-,43,0,-,43,7,-,43,7,-,43,tr.,-,43,6.7,-,43,1.2,-,43,0,Automated calculation,,0,-,43,84,-,43,5,Automated calculation,,3,Automated calculation,,0,Estimation,51,30,Estimation,51,11,-,121,0.02,-,43;1670,0.05,-,43;1670,0.06,-,43;1670,0,-,43,0.51,-,43;1670,27.2,-,43;1670,0.25,-,43;1670,25.3,-,43;1670,0,-,43,0.2,-,43,220,-,43,3,-,43,22,-,9,22,-,43,20,-,43,29,-,43,0.7,-,43,3,-,36,0.5,-,9,n.d.,,,Nein
1665,,,"Ratatouille, prepared",,Vegetables/Cooked vegetables (incl. cans),,per 100g edible portion,200,Automated calculation,,48,Automated calculation,,2.1,Calculation on the basis of ingredients,,0.3,Calculation on the basis of ingredients,,1.4,Calculation on the basis of ingredients,,0.3,Calculation on the basis of ingredients,,0,Calculation on the basis of ingredients,,4.6,Calculation on the basis of ingredients,,4.3,Calculation on the basis of ingredients,,0.3,Calculation on the basis of ingredients,,2.1,Calculation on the basis of ingredients,,1.5,Calculation on the basis of ingredients,,0.5,Automated calculation,,0,Calculation on the basis of ingredients,,89.6,Automated calculation,,104,Automated calculation,,52,Automated calculation,,0,Calculation on the basis of ingredients,,625,Calculation on the basis of ingredients,,532,Calculation on the basis of ingredients,,0.05,Calculation on the basis of ingredients,,0.04,Calculation on the basis of ingredients,,0.15,Calculation on the basis of ingredients,,0,Calculation on the basis of ingredients,,0.66,Calculation on the basis of ingredients,,24.9,Calculation on the basis of ingredients,,0.24,Calculation on the basis of ingredients,,40.3,Calculation on the basis of ingredients,,0,Calculation on the basis of ingredients,,1.09,Calculation on the basis of ingredients,,260,Calculation on the basis of ingredients,,180,Calculation on the basis of ingredients,,310,Calculation on the basis of ingredients,,22,Calculation on the basis of ingredients,,16,Calculation on the basis of ingredients,,30,Calculation on the basis of ingredients,,0.6,Calculation on the basis of ingredients,,1.8,Calculation on the basis of ingredients,,0.2,Calculation on the basis of ingredients,,n.d.,,,Ja
1117,4035,,Raw cured meat raw (average),,Sausages and cold meats/Raw sausage products,,per 100g edible portion,1120,Automated calculation,,269,Automated calculation,,17.2,Calculation on the basis of ingredients,,6.3,Calculation on the basis of ingredients,,7.7,Calculation on the basis of ingredients,,1.7,Calculation on the basis of ingredients,,65,Calculation on the basis of ingredients,,0.4,Calculation on the basis of ingredients,,0.3,Calculation on the basis of ingredients,,0,Calculation on the basis of ingredients,,0,Calculation on the basis of ingredients,,28.1,Calculation on the basis of ingredients,,4,Automated calculation,,0,Calculation on the basis of ingredients,,54.2,Automated calculation,,2,Automated calculation,,2,Automated calculation,,2,Calculation on the basis of ingredients,,0,Calculation on the basis of ingredients,,0,Calculation on the basis of ingredients,,0.39,Calculation on the basis of ingredients,,0.22,Calculation on the basis of ingredients,,0.37,Calculation on the basis of ingredients,,0.53,Calculation on the basis of ingredients,,5.06,Calculation on the basis of ingredients,,3.5,Calculation on the basis of ingredients,,0.89,Calculation on the basis of ingredients,,4,Calculation on the basis of ingredients,,0.6,Calculation on the basis of ingredients,,0.07,Calculation on the basis of ingredients,,400,Calculation on the basis of ingredients,,1610,Calculation on the basis of ingredients,,1640,Calculation on the basis of ingredients,,8.8,Calculation on the basis of ingredients,,18,Calculation on the basis of ingredients,,220,Calculation on the basis of ingredients,,2.4,Calculation on the basis of ingredients,,0,Calculation on the basis of ingredients,,3.5,Calculation on the basis of ingredients,,n.d.,,,Ja
1114,3610,,Raw sausages (average),,Sausages and cold meats/Raw sausage products,,per 100g edible portion,1890,Automated calculation,,456,Automated calculation,,40.7,Calculation on the basis of ingredients,,15.6,Calculation on the basis of ingredients,,18.6,Calculation on the basis of ingredients,,3.7,Calculation on the basis of ingredients,,80,Calculation on the basis of ingredients,,0.3,Calculation on the basis of ingredients,,0.3,Calculation on the basis of ingredients,,0,Calculation on the basis of ingredients,,0,Calculation on the basis of ingredients,,22,Calculation on the basis of ingredients,,3.7,Automated calculation,,0,Calculation on the basis of ingredients,,36.9,Automated calculation,,4,Automated calculation,,4,Automated calculation,,3,Calculation on the basis of ingredients,,5,Calculation on the basis of ingredients,,5,Calculation on the basis of ingredients,,0.46,Calculation on the basis of ingredients,,0.19,Calculation on the basis of ingredients,,0.29,Calculation on the basis of ingredients,,2.24,Calculation on the basis of ingredients,,5.96,Calculation on the basis of ingredients,,2.5,Calculation on the basis of ingredients,,0.7,Calculation on the basis of ingredients,,31.7,Calculation on the basis of ingredients,,0.8,Calculation on the basis of ingredients,,0.34,Calculation on the basis of ingredients,,340,Calculation on the basis of ingredients,,1490,Calculation on the basis of ingredients,,2300,Calculation on the basis of ingredients,,6.8,Calculation on the basis of ingredients,,19,Calculation on the basis of ingredients,,180,Calculation on the basis of ingredients,,1.5,Calculation on the basis of ingredients,,0.8,Calculation on the basis of ingredients,,3,Calculation on the basis of ingredients,,n.d.,,,Ja
1115,4055,,Raw sausages with interrupted maturation (average),,Sausages and cold meats/Raw sausage products,,per 100g edible portion,1470,Automated calculation,,356,Automated calculation,,31.8,Calculation on the basis of ingredients,,11.8,Calculation on the basis of ingredients,,14.8,Calculation on the basis of ingredients,,3.2,Calculation on the basis of ingredients,,63,Calculation on the basis of ingredients,,0.7,Calculation on the basis of ingredients,,0.7,Calculation on the basis of ingredients,,0,Calculation on the basis of ingredients,,0.2,Calculation on the basis of ingredients,,16.5,Calculation on the basis of ingredients,,2.2,Automated calculation,,0.1,Calculation on the basis of ingredients,,50.8,Automated calculation,,4,Automated calculation,,3,Automated calculation,,3,Calculation on the basis of ingredients,,7,Calculation on the basis of ingredients,,7,Calculation on the basis of ingredients,,0.47,Calculation on the basis of ingredients,,0.14,Calculation on the basis of ingredients,,0.24,Calculation on the basis of ingredients,,1.07,Calculation on the basis of ingredients,,4.11,Calculation on the basis of ingredients,,5.2,Calculation on the basis of ingredients,,0.62,Calculation on the basis of ingredients,,38,Calculation on the basis of ingredients,,0,Calculation on the basis of ingredients,,0.35,Calculation on the basis of ingredients,,220,Calculation on the basis of ingredients,,890,Calculation on the basis of ingredients,,1310,Calculation on the basis of ingredients,,11,Calculation on the basis of ingredients,,18,Calculation on the basis of ingredients,,130,Calculation on the basis of ingredients,,0.9,Calculation on the basis of ingredients,,1.3,Calculation on the basis of ingredients,,1.8,Calculation on the basis of ingredients,,n.d.,,,Ja
533,3714,1001047,Reblochon cheese,,Milk and dairy products/Soft cheese,,per 100g edible portion,1270,Automated calculation,,307,Automated calculation,,25.2,-,184,15.1,-,184,5.9,-,184,1.2,-,184,76,-,184,0,Estimation,1408,0,Estimation,1408,0,-,22,0,-,22,19.9,Estimation,1662,2,Automated calculation,,0,-,22,51.7,-,184,241,Automated calculation,,231,Automated calculation,,221,Estimation,51,115,Estimation,51,115,-,61,0.01,-,184,0.36,-,184,0.19,-,184,1.5,-,43,0.1,-,43,25,-,43,0.3,-,43,tr.,-,22,0.2,-,43,0.75,-,184,84,-,184,800,-,184,1050,-,184,390,-,184,20,-,184,320,-,184,0.1,-,184,tr.,-,22,2.2,-,184,n.d.,,,Nein
364,4100,1000827,"Red cabbage, raw",,Vegetables/Fresh vegetables,,per 100g edible portion,127,Automated calculation,,30,Automated calculation,,0.3,-,43,0,-,43,0,-,43,0.2,-,43,0,-,43,4,-,43,4,-,43,0,-,43,3,-,43,1.4,-,43,0,Automated calculation,,0,-,43,90.6,-,43,5,Automated calculation,,3,Automated calculation,,0,Estimation,51,31,-,123;1698,21,-,123;1693,0.06,-,43;1669;1693,0.03,-,43,0.16,-,43;1669;1693,0,-,43,0.4,-,43,43,-,43,0.37,-,43;1669;1693,57.5,-,43;1669;1693,0,-,43,0.9,-,43,250,-,43,10,-,43,100,-,36,52,-,43,13,-,43,36,-,43,0.5,-,43,2.9,-,36,0.2,-,36,n.d.,,,Nein
1022,4258,,"Red cabbage, stewed (without addition of fat and salt)",,Vegetables/Cooked vegetables (incl. cans),,per 100g edible portion,118,Automated calculation,,28,Automated calculation,,0.3,Calculation on the basis of ingredients,,0,Calculation on the basis of ingredients,,0,Calculation on the basis of ingredients,,0.1,Calculation on the basis of ingredients,,0,Calculation on the basis of ingredients,,3.7,Calculation on the basis of ingredients,,3.7,Calculation on the basis of ingredients,,0,Calculation on the basis of ingredients,,2.8,Calculation on the basis of ingredients,,1.3,Calculation on the basis of ingredients,,0,Automated calculation,,0,Calculation on the basis of ingredients,,91.9,Automated calculation,,5,Automated calculation,,2,Automated calculation,,0,Calculation on the basis of ingredients,,29,Calculation on the basis of ingredients,,18,Calculation on the basis of ingredients,,0.05,Calculation on the basis of ingredients,,0.02,Calculation on the basis of ingredients,,0.12,Calculation on the basis of ingredients,,0,Calculation on the basis of ingredients,,0.3,Calculation on the basis of ingredients,,23.9,Calculation on the basis of ingredients,,0.28,Calculation on the basis of ingredients,,27.7,Calculation on the basis of ingredients,,0,Calculation on the basis of ingredients,,0.83,Calculation on the basis of ingredients,,180,Calculation on the basis of ingredients,,8.1,Calculation on the basis of ingredients,,88,Calculation on the basis of ingredients,,47,Calculation on the basis of ingredients,,10,Calculation on the basis of ingredients,,32,Calculation on the basis of ingredients,,0.4,Calculation on the basis of ingredients,,2.6,Calculation on the basis of ingredients,,0.2,Calculation on the basis of ingredients,,n.d.,,,Ja
1595,,,"Red currant pie, baked (with cake dough)",,"Sweets/Cakes and tarts;Prepared dishes/Cakes, pies and gratins",,per 100g edible portion,575,Automated calculation,,138,Automated calculation,,6.2,Calculation on the basis of ingredients,,3.3,Calculation on the basis of ingredients,,1.4,Calculation on the basis of ingredients,,0.4,Calculation on the basis of ingredients,,37,Calculation on the basis of ingredients,,14.3,Calculation on the basis of ingredients,,5.1,Calculation on the basis of ingredients,,9,Calculation on the basis of ingredients,,5.9,Calculation on the basis of ingredients,,3.2,Calculation on the basis of ingredients,,0.2,Automated calculation,,0,Calculation on the basis of ingredients,,70.6,Automated calculation,,64,Automated calculation,,61,Automated calculation,,58,Calculation on the basis of ingredients,,33,Calculation on the basis of ingredients,,27,Calculation on the basis of ingredients,,0.05,Calculation on the basis of ingredients,,0.08,Calculation on the basis of ingredients,,0.06,Calculation on the basis of ingredients,,0.08,Calculation on the basis of ingredients,,0.17,Calculation on the basis of ingredients,,7.3,Calculation on the basis of ingredients,,0.22,Calculation on the basis of ingredients,,21.3,Calculation on the basis of ingredients,,0.2,Calculation on the basis of ingredients,,0.24,Calculation on the basis of ingredients,,210,Calculation on the basis of ingredients,,90,Calculation on the basis of ingredients,,150,Calculation on the basis of ingredients,,39,Calculation on the basis of ingredients,,14,Calculation on the basis of ingredients,,55,Calculation on the basis of ingredients,,1.1,Calculation on the basis of ingredients,,3.2,Calculation on the basis of ingredients,,0.4,Calculation on the basis of ingredients,,n.d.,,,Nein
1593,,,"Red currant pie, baked (with puff pastry)",,"Sweets/Cakes and tarts;Prepared dishes/Cakes, pies and gratins",,per 100g edible portion,563,Automated calculation,,135,Automated calculation,,7.1,Calculation on the basis of ingredients,,3.8,Calculation on the basis of ingredients,,1.6,Calculation on the basis of ingredients,,0.4,Calculation on the basis of ingredients,,39,Calculation on the basis of ingredients,,12.1,Calculation on the basis of ingredients,,5.1,Calculation on the basis of ingredients,,6.9,Calculation on the basis of ingredients,,5.8,Calculation on the basis of ingredients,,2.8,Calculation on the basis of ingredients,,0.2,Automated calculation,,0,Calculation on the basis of ingredients,,72.3,Automated calculation,,73,Automated calculation,,70,Automated calculation,,67,Calculation on the basis of ingredients,,37,Calculation on the basis of ingredients,,31,Calculation on the basis of ingredients,,0.04,Calculation on the basis of ingredients,,0.07,Calculation on the basis of ingredients,,0.05,Calculation on the basis of ingredients,,0.08,Calculation on the basis of ingredients,,0.15,Calculation on the basis of ingredients,,7,Calculation on the basis of ingredients,,0.21,Calculation on the basis of ingredients,,21.3,Calculation on the basis of ingredients,,0.2,Calculation on the basis of ingredients,,0.25,Calculation on the basis of ingredients,,210,Calculation on the basis of ingredients,,93,Calculation on the basis of ingredients,,150,Calculation on the basis of ingredients,,39,Calculation on the basis of ingredients,,14,Calculation on the basis of ingredients,,52,Calculation on the basis of ingredients,,1,Calculation on the basis of ingredients,,3.2,Calculation on the basis of ingredients,,0.4,Calculation on the basis of ingredients,,n.d.,,,Nein
1592,,,"Red currant pie, baked (with sweet short pastry base)",,"Sweets/Cakes and tarts;Prepared dishes/Cakes, pies and gratins",,per 100g edible portion,831,Automated calculation,,200,Automated calculation,,11.4,Calculation on the basis of ingredients,,6.4,Calculation on the basis of ingredients,,2.6,Calculation on the basis of ingredients,,0.7,Calculation on the basis of ingredients,,47,Calculation on the basis of ingredients,,18.5,Calculation on the basis of ingredients,,7.7,Calculation on the basis of ingredients,,10.7,Calculation on the basis of ingredients,,5.3,Calculation on the basis of ingredients,,3.2,Calculation on the basis of ingredients,,0.2,Automated calculation,,0,Calculation on the basis of ingredients,,61.8,Automated calculation,,121,Automated calculation,,116,Automated calculation,,112,Calculation on the basis of ingredients,,54,Calculation on the basis of ingredients,,48,Calculation on the basis of ingredients,,0.05,Calculation on the basis of ingredients,,0.07,Calculation on the basis of ingredients,,0.06,Calculation on the basis of ingredients,,0.07,Calculation on the basis of ingredients,,0.18,Calculation on the basis of ingredients,,9.1,Calculation on the basis of ingredients,,0.22,Calculation on the basis of ingredients,,23.3,Calculation on the basis of ingredients,,0.3,Calculation on the basis of ingredients,,0.34,Calculation on the basis of ingredients,,210,Calculation on the basis of ingredients,,89,Calculation on the basis of ingredients,,150,Calculation on the basis of ingredients,,34,Calculation on the basis of ingredients,,14,Calculation on the basis of ingredients,,54,Calculation on the basis of ingredients,,1,Calculation on the basis of ingredients,,2.7,Calculation on the basis of ingredients,,0.4,Calculation on the basis of ingredients,,n.d.,,,Nein
1548,,,"Rhubarb pie, baked (with cake dough)",,"Sweets/Cakes and tarts;Prepared dishes/Cakes, pies and gratins",,per 100g edible portion,484,Automated calculation,,116,Automated calculation,,6,Calculation on the basis of ingredients,,3.3,Calculation on the basis of ingredients,,1.4,Calculation on the basis of ingredients,,0.4,Calculation on the basis of ingredients,,37,Calculation on the basis of ingredients,,11.6,Calculation on the basis of ingredients,,2.5,Calculation on the basis of ingredients,,9,Calculation on the basis of ingredients,,2.1,Calculation on the basis of ingredients,,2.9,Calculation on the basis of ingredients,,0.2,Automated calculation,,0,Calculation on the basis of ingredients,,77.6,Automated calculation,,69,Automated calculation,,64,Automated calculation,,58,Calculation on the basis of ingredients,,65,Calculation on the basis of ingredients,,59,Calculation on the basis of ingredients,,0.04,Calculation on the basis of ingredients,,0.06,Calculation on the basis of ingredients,,0.04,Calculation on the basis of ingredients,,0.08,Calculation on the basis of ingredients,,0.3,Calculation on the basis of ingredients,,6.6,Calculation on the basis of ingredients,,0.21,Calculation on the basis of ingredients,,6.1,Calculation on the basis of ingredients,,0.2,Calculation on the basis of ingredients,,0.3,Calculation on the basis of ingredients,,240,Calculation on the basis of ingredients,,90,Calculation on the basis of ingredients,,180,Calculation on the basis of ingredients,,73,Calculation on the basis of ingredients,,14,Calculation on the basis of ingredients,,48,Calculation on the basis of ingredients,,0.5,Calculation on the basis of ingredients,,4.1,Calculation on the basis of ingredients,,0.4,Calculation on the basis of ingredients,,n.d.,,,Nein
1547,,,"Rhubarb pie, baked (with puff pastry)",,"Sweets/Cakes and tarts;Prepared dishes/Cakes, pies and gratins",,per 100g edible portion,472,Automated calculation,,113,Automated calculation,,6.8,Calculation on the basis of ingredients,,3.8,Calculation on the basis of ingredients,,1.6,Calculation on the basis of ingredients,,0.4,Calculation on the basis of ingredients,,39,Calculation on the basis of ingredients,,9.4,Calculation on the basis of ingredients,,2.5,Calculation on the basis of ingredients,,6.9,Calculation on the basis of ingredients,,2,Calculation on the basis of ingredients,,2.5,Calculation on the basis of ingredients,,0.2,Automated calculation,,0,Calculation on the basis of ingredients,,79.3,Automated calculation,,78,Automated calculation,,73,Automated calculation,,67,Calculation on the basis of ingredients,,69,Calculation on the basis of ingredients,,63,Calculation on the basis of ingredients,,0.04,Calculation on the basis of ingredients,,0.06,Calculation on the basis of ingredients,,0.04,Calculation on the basis of ingredients,,0.08,Calculation on the basis of ingredients,,0.28,Calculation on the basis of ingredients,,6.3,Calculation on the basis of ingredients,,0.2,Calculation on the basis of ingredients,,6.1,Calculation on the basis of ingredients,,0.2,Calculation on the basis of ingredients,,0.31,Calculation on the basis of ingredients,,230,Calculation on the basis of ingredients,,93,Calculation on the basis of ingredients,,180,Calculation on the basis of ingredients,,73,Calculation on the basis of ingredients,,14,Calculation on the basis of ingredients,,45,Calculation on the basis of ingredients,,0.4,Calculation on the basis of ingredients,,4.1,Calculation on the basis of ingredients,,0.4,Calculation on the basis of ingredients,,n.d.,,,Nein
362,4365,1000825,"Rhubarb, raw",,Fruit/Fresh fruit,,per 100g edible portion,51,Automated calculation,,12,Automated calculation,,0.1,-,43,tr.,-,43,tr.,-,43,tr.,-,43,0,-,43,1,-,43,1,-,43,0,-,43,2.5,-,43,0.6,-,43,0,Automated calculation,,0,-,43,93.5,-,43,10,Automated calculation,,5,Automated calculation,,0,Estimation,51,61,Estimation,51,61,-,90,0.03,-,43,0.03,-,43,0.03,-,43,0,-,43,0.3,-,43,8,-,43,0.1,-,43,12,-,43,0,-,43,0.2,-,43,290,-,43,3,-,43,60,-,36,86,-,43,13,-,43,19,-,43,0.3,-,43,2.3,-,36,0.2,-,36,n.d.,,,Nein
1065,4699,,"Rice parboiled, cooked in salted water (uniodised)",,"Cereal products, pulses and potatoes/Rice",,per 100g edible portion,514,Automated calculation,,121,Automated calculation,,0.3,Calculation on the basis of ingredients,,0.1,Calculation on the basis of ingredients,,0.1,Calculation on the basis of ingredients,,0.1,Calculation on the basis of ingredients,,0,Calculation on the basis of ingredients,,26.7,Calculation on the basis of ingredients,,0.1,Calculation on the basis of ingredients,,24.5,Calculation on the basis of ingredients,,0.4,Calculation on the basis of ingredients,,2.5,Calculation on the basis of ingredients,,1.4,Automated calculation,,0,Calculation on the basis of ingredients,,70.1,Automated calculation,,0,Automated calculation,,0,Automated calculation,,0,Calculation on the basis of ingredients,,0,Calculation on the basis of ingredients,,0,Calculation on the basis of ingredients,,0.05,Calculation on the basis of ingredients,,0.01,Calculation on the basis of ingredients,,0.02,Calculation on the basis of ingredients,,0,Calculation on the basis of ingredients,,1.28,Calculation on the basis of ingredients,,3.1,Calculation on the basis of ingredients,,0.2,Calculation on the basis of ingredients,,0,Calculation on the basis of ingredients,,0,Calculation on the basis of ingredients,,0.02,Calculation on the basis of ingredients,,29,Calculation on the basis of ingredients,,540,Calculation on the basis of ingredients,,830,Calculation on the basis of ingredients,,24,Calculation on the basis of ingredients,,11,Calculation on the basis of ingredients,,56,Calculation on the basis of ingredients,,0.1,Calculation on the basis of ingredients,,1,Calculation on the basis of ingredients,,0.6,Calculation on the basis of ingredients,,n.d.,,,Ja
419,3972,1000891,"Rice parboiled, raw",,"Cereal products, pulses and potatoes/Rice",,per 100g edible portion,1510,Automated calculation,,356,Automated calculation,,1,-,1643,0.2,-,1643,0.3,-,1643,0.3,-,1643,0,-,1643,78.6,-,1643,0.4,-,1643,72.1,-,1643,1.3,-,1643,7.5,-,1660,0,Automated calculation,,0,-,1643,11.3,-,1643,0,Automated calculation,,0,Automated calculation,,0,Estimation,1648,0,Estimation,1648,0,-,99,0.28,-,1642,0.04,-,1643,0.12,-,1642,0,-,1643,5.02,-,1643,13,-,1643,0.79,-,1642,0,-,1643,0,-,1643,0.05,-,1652,160,-,1542,0.9,-,1542,40,-,1528,58,-,1542,32,-,1542,170,-,1542,0.4,-,1542,2.2,-,1528,1.7,-,1652,n.d.,,,Nein
1066,4702,,"Rice polished, cooked in salted water (uniodised)",,"Cereal products, pulses and potatoes/Rice",,per 100g edible portion,496,Automated calculation,,117,Automated calculation,,0.3,Calculation on the basis of ingredients,,0.1,Calculation on the basis of ingredients,,0.1,Calculation on the basis of ingredients,,0.1,Calculation on the basis of ingredients,,0,Calculation on the basis of ingredients,,25.9,Calculation on the basis of ingredients,,0.1,Calculation on the basis of ingredients,,25.9,Calculation on the basis of ingredients,,0.3,Calculation on the basis of ingredients,,2.5,Calculation on the basis of ingredients,,1.3,Automated calculation,,0,Calculation on the basis of ingredients,,71.1,Automated calculation,,0,Automated calculation,,0,Automated calculation,,0,Calculation on the basis of ingredients,,0,Calculation on the basis of ingredients,,0,Calculation on the basis of ingredients,,0.02,Calculation on the basis of ingredients,,0.01,Calculation on the basis of ingredients,,0.01,Calculation on the basis of ingredients,,0,Calculation on the basis of ingredients,,0.48,Calculation on the basis of ingredients,,4.5,Calculation on the basis of ingredients,,0.11,Calculation on the basis of ingredients,,0,Calculation on the basis of ingredients,,0,Calculation on the basis of ingredients,,0.02,Calculation on the basis of ingredients,,15,Calculation on the basis of ingredients,,530,Calculation on the basis of ingredients,,800,Calculation on the basis of ingredients,,6.6,Calculation on the basis of ingredients,,8.8,Calculation on the basis of ingredients,,37,Calculation on the basis of ingredients,,0.1,Calculation on the basis of ingredients,,0.9,Calculation on the basis of ingredients,,0.3,Calculation on the basis of ingredients,,n.d.,,,Ja
427,4700,1000900,"Rice polished, raw",,"Cereal products, pulses and potatoes/Rice",,per 100g edible portion,1500,Automated calculation,,353,Automated calculation,,0.9,-,1643,0.2,-,1643,0.3,-,1643,0.3,-,1643,0,Estimation,1648,78.2,-,1643,0.2,-,1643,78.1,-,1643,1,-,1643,7.4,-,1660,0,Automated calculation,,0,-,1643,12.3,-,1643,0,Automated calculation,,0,Automated calculation,,0,Estimation,1648,0,Estimation,1648,0,-,99,0.09,-,1642,0.04,-,1643,0.08,-,1642,0,-,1643,1.92,-,1643,19.3,-,1643,0.43,-,1642,0,-,1643,0,-,1643,0.05,-,1652,85,-,1542,0.5,-,1542,27,-,1528,5.8,-,1542,24,-,1542,120,-,1542,0.2,-,1542,1.9,-,1640,1.1,-,1640,n.d.,,,Nein
1514,,,"Rice pudding, prepared (with full fat milk, without addition of sugar)",,Sweets/Creams and puddings,,per 100g edible portion,614,Automated calculation,,146,Automated calculation,,5.1,Calculation on the basis of ingredients,,3.1,Calculation on the basis of ingredients,,1.2,Calculation on the basis of ingredients,,0.3,Calculation on the basis of ingredients,,19,Calculation on the basis of ingredients,,19.7,Calculation on the basis of ingredients,,5.6,Calculation on the basis of ingredients,,14.1,Calculation on the basis of ingredients,,0.2,Calculation on the basis of ingredients,,5.2,Calculation on the basis of ingredients,,0.2,Automated calculation,,0,Calculation on the basis of ingredients,,69.7,Automated calculation,,57,Automated calculation,,55,Automated calculation,,53,Calculation on the basis of ingredients,,22,Calculation on the basis of ingredients,,23,Calculation on the basis of ingredients,,0.03,Calculation on the basis of ingredients,,0.26,Calculation on the basis of ingredients,,0.04,Calculation on the basis of ingredients,,0.18,Calculation on the basis of ingredients,,0.43,Calculation on the basis of ingredients,,6,Calculation on the basis of ingredients,,0.44,Calculation on the basis of ingredients,,0.9,Calculation on the basis of ingredients,,0.1,Calculation on the basis of ingredients,,0.17,Calculation on the basis of ingredients,,200,Calculation on the basis of ingredients,,85,Calculation on the basis of ingredients,,180,Calculation on the basis of ingredients,,150,Calculation on the basis of ingredients,,17,Calculation on the basis of ingredients,,130,Calculation on the basis of ingredients,,0.1,Calculation on the basis of ingredients,,12,Calculation on the basis of ingredients,,0.6,Calculation on the basis of ingredients,,n.d.,,,Nein
1513,,,"Rice pudding, prepared (with partially skimmed milk, without addition of sugar)",,Sweets/Creams and puddings,,per 100g edible portion,558,Automated calculation,,132,Automated calculation,,3.5,Calculation on the basis of ingredients,,2.1,Calculation on the basis of ingredients,,0.8,Calculation on the basis of ingredients,,0.2,Calculation on the basis of ingredients,,14,Calculation on the basis of ingredients,,19.7,Calculation on the basis of ingredients,,5.6,Calculation on the basis of ingredients,,14.1,Calculation on the basis of ingredients,,0.2,Calculation on the basis of ingredients,,5.3,Calculation on the basis of ingredients,,0.2,Automated calculation,,0,Calculation on the basis of ingredients,,71.2,Automated calculation,,41,Automated calculation,,40,Automated calculation,,39,Calculation on the basis of ingredients,,17,Calculation on the basis of ingredients,,17,Calculation on the basis of ingredients,,0.03,Calculation on the basis of ingredients,,0.22,Calculation on the basis of ingredients,,0.04,Calculation on the basis of ingredients,,0.17,Calculation on the basis of ingredients,,0.43,Calculation on the basis of ingredients,,6,Calculation on the basis of ingredients,,0.45,Calculation on the basis of ingredients,,0.4,Calculation on the basis of ingredients,,0.1,Calculation on the basis of ingredients,,0.11,Calculation on the basis of ingredients,,200,Calculation on the basis of ingredients,,85,Calculation on the basis of ingredients,,180,Calculation on the basis of ingredients,,150,Calculation on the basis of ingredients,,17,Calculation on the basis of ingredients,,130,Calculation on the basis of ingredients,,0.1,Calculation on the basis of ingredients,,13,Calculation on the basis of ingredients,,0.6,Calculation on the basis of ingredients,,n.d.,,,Nein
1067,4701,,"Rice unpolished, cooked in salted water (uniodised)",,"Cereal products, pulses and potatoes/Rice",,per 100g edible portion,562,Automated calculation,,133,Automated calculation,,1.1,Calculation on the basis of ingredients,,0.2,Calculation on the basis of ingredients,,0.3,Calculation on the basis of ingredients,,0.4,Calculation on the basis of ingredients,,0,Calculation on the basis of ingredients,,27,Calculation on the basis of ingredients,,0.2,Calculation on the basis of ingredients,,26.8,Calculation on the basis of ingredients,,1.9,Calculation on the basis of ingredients,,2.8,Calculation on the basis of ingredients,,1.5,Automated calculation,,0,Calculation on the basis of ingredients,,67.3,Automated calculation,,0,Automated calculation,,0,Automated calculation,,0,Calculation on the basis of ingredients,,0,Calculation on the basis of ingredients,,0,Calculation on the basis of ingredients,,0.07,Calculation on the basis of ingredients,,0.01,Calculation on the basis of ingredients,,0.02,Calculation on the basis of ingredients,,0,Calculation on the basis of ingredients,,1.22,Calculation on the basis of ingredients,,12.7,Calculation on the basis of ingredients,,0.29,Calculation on the basis of ingredients,,0,Calculation on the basis of ingredients,,0,Calculation on the basis of ingredients,,0.08,Calculation on the basis of ingredients,,66,Calculation on the basis of ingredients,,610,Calculation on the basis of ingredients,,1000,Calculation on the basis of ingredients,,8.6,Calculation on the basis of ingredients,,45,Calculation on the basis of ingredients,,59,Calculation on the basis of ingredients,,0.4,Calculation on the basis of ingredients,,1.1,Calculation on the basis of ingredients,,0.6,Calculation on the basis of ingredients,,n.d.,,,Ja
428,4357,1000901,"Rice unpolished (wholemeal), raw",,"Cereal products, pulses and potatoes/Rice",,per 100g edible portion,1480,Automated calculation,,350,Automated calculation,,2.8,-,1643,0.6,-,1643,0.9,-,1643,1,-,1643,0,-,1643,71.4,-,1643,0.6,-,1643,70.8,-,1643,5,-,1643,7.4,-,1660,0,Automated calculation,,0,-,1643,12.6,-,1643,0,Automated calculation,,0,Automated calculation,,0,Estimation,1648,0,-,1652,0,Estimation,1698,0.35,-,1642;1643,0.05,-,1643,0.12,-,1642;1643,0,-,1643,4.3,-,1641,48,-,1643,1.02,-,1642;1643,0,-,1643,0,-,1643,0.2,-,1643,220,-,1643,4.1,-,1643,230,-,1528,11,-,1643,120,-,1643,160,-,1643,1.1,-,1641,2.2,-,1640,1.6,-,1640,n.d.,,,Nein
1465,,,Ring cake grandmother style,,Sweets/Cakes and tarts,,per 100g edible portion,1910,Automated calculation,,460,Automated calculation,,32.1,Calculation on the basis of ingredients,,13.2,Calculation on the basis of ingredients,,14,Calculation on the basis of ingredients,,2.3,Calculation on the basis of ingredients,,118,Calculation on the basis of ingredients,,32.8,Calculation on the basis of ingredients,,27.1,Calculation on the basis of ingredients,,5.2,Calculation on the basis of ingredients,,3.1,Calculation on the basis of ingredients,,8.6,Calculation on the basis of ingredients,,0.4,Automated calculation,,0,Calculation on the basis of ingredients,,24.2,Automated calculation,,176,Automated calculation,,170,Automated calculation,,164,Calculation on the basis of ingredients,,72,Calculation on the basis of ingredients,,60,Calculation on the basis of ingredients,,0.08,Calculation on the basis of ingredients,,0.15,Calculation on the basis of ingredients,,0.11,Calculation on the basis of ingredients,,0.26,Calculation on the basis of ingredients,,0.4,Calculation on the basis of ingredients,,15.6,Calculation on the basis of ingredients,,0.58,Calculation on the basis of ingredients,,0.3,Calculation on the basis of ingredients,,0.7,Calculation on the basis of ingredients,,5.03,Calculation on the basis of ingredients,,330,Calculation on the basis of ingredients,,140,Calculation on the basis of ingredients,,220,Calculation on the basis of ingredients,,50,Calculation on the basis of ingredients,,53,Calculation on the basis of ingredients,,130,Calculation on the basis of ingredients,,2.2,Calculation on the basis of ingredients,,8.4,Calculation on the basis of ingredients,,1.2,Calculation on the basis of ingredients,,n.d.,,,Nein
1584,,,"Risotto without cheese, cooked",,"Cereal products, pulses and potatoes/Rice",,per 100g edible portion,529,Automated calculation,,125,Automated calculation,,1.5,Calculation on the basis of ingredients,,0.2,Calculation on the basis of ingredients,,1,Calculation on the basis of ingredients,,0.2,Calculation on the basis of ingredients,,0,Calculation on the basis of ingredients,,25.1,Calculation on the basis of ingredients,,0.8,Calculation on the basis of ingredients,,24.3,Calculation on the basis of ingredients,,0.5,Calculation on the basis of ingredients,,2.4,Calculation on the basis of ingredients,,0.6,Automated calculation,,0,Calculation on the basis of ingredients,,70.6,Automated calculation,,0,Automated calculation,,0,Automated calculation,,0,Calculation on the basis of ingredients,,1,Calculation on the basis of ingredients,,1,Calculation on the basis of ingredients,,0.02,Calculation on the basis of ingredients,,0.01,Calculation on the basis of ingredients,,0.02,Calculation on the basis of ingredients,,0,Calculation on the basis of ingredients,,0.47,Calculation on the basis of ingredients,,4.6,Calculation on the basis of ingredients,,0.11,Calculation on the basis of ingredients,,0.3,Calculation on the basis of ingredients,,0,Calculation on the basis of ingredients,,0.32,Calculation on the basis of ingredients,,20,Calculation on the basis of ingredients,,250,Calculation on the basis of ingredients,,380,Calculation on the basis of ingredients,,8.6,Calculation on the basis of ingredients,,8.8,Calculation on the basis of ingredients,,38,Calculation on the basis of ingredients,,0.1,Calculation on the basis of ingredients,,0.9,Calculation on the basis of ingredients,,0.3,Calculation on the basis of ingredients,,n.d.,,,Nein
1189,4712,,"Ristretto with coffee cream, no sugar added",,Non-alcoholic beverages/Coffee,,per 100g edible portion,194,Automated calculation,,47,Automated calculation,,4.3,Calculation on the basis of ingredients,,2.6,Calculation on the basis of ingredients,,1,Calculation on the basis of ingredients,,0.2,Calculation on the basis of ingredients,,14,Calculation on the basis of ingredients,,1.3,Calculation on the basis of ingredients,,1.1,Calculation on the basis of ingredients,,0,Calculation on the basis of ingredients,,0.1,Calculation on the basis of ingredients,,0.8,Calculation on the basis of ingredients,,0.1,Automated calculation,,0,Calculation on the basis of ingredients,,93.6,Automated calculation,,43,Automated calculation,,41,Automated calculation,,39,Calculation on the basis of ingredients,,23,Calculation on the basis of ingredients,,23,Calculation on the basis of ingredients,,0,Calculation on the basis of ingredients,,0.04,Calculation on the basis of ingredients,,0.01,Calculation on the basis of ingredients,,0.14,Calculation on the basis of ingredients,,0.12,Calculation on the basis of ingredients,,0.8,Calculation on the basis of ingredients,,0.12,Calculation on the basis of ingredients,,0.3,Calculation on the basis of ingredients,,0.1,Calculation on the basis of ingredients,,0.1,Calculation on the basis of ingredients,,59,Calculation on the basis of ingredients,,23,Calculation on the basis of ingredients,,21,Calculation on the basis of ingredients,,33,Calculation on the basis of ingredients,,4.7,Calculation on the basis of ingredients,,28,Calculation on the basis of ingredients,,0,Calculation on the basis of ingredients,,3.2,Calculation on the basis of ingredients,,0.1,Calculation on the basis of ingredients,,n.d.,,,Ja
1675,,,"Riz Casimir with chicken, prepared",,Prepared dishes/Other savoury dishes,,per 100g edible portion,536,Automated calculation,,127,Automated calculation,,3.4,Calculation on the basis of ingredients,,0.8,Calculation on the basis of ingredients,,1.7,Calculation on the basis of ingredients,,0.7,Calculation on the basis of ingredients,,16,Calculation on the basis of ingredients,,16.1,Calculation on the basis of ingredients,,3.4,Calculation on the basis of ingredients,,11.8,Calculation on the basis of ingredients,,1.1,Calculation on the basis of ingredients,,7.6,Calculation on the basis of ingredients,,0.7,Automated calculation,,0,Calculation on the basis of ingredients,,72,Automated calculation,,65,Automated calculation,,38,Automated calculation,,10,Calculation on the basis of ingredients,,333,Calculation on the basis of ingredients,,326,Calculation on the basis of ingredients,,0.06,Calculation on the basis of ingredients,,0.07,Calculation on the basis of ingredients,,0.16,Calculation on the basis of ingredients,,0.05,Calculation on the basis of ingredients,,2.31,Calculation on the basis of ingredients,,5.5,Calculation on the basis of ingredients,,0.27,Calculation on the basis of ingredients,,3.9,Calculation on the basis of ingredients,,0.2,Calculation on the basis of ingredients,,1.1,Calculation on the basis of ingredients,,140,Calculation on the basis of ingredients,,300,Calculation on the basis of ingredients,,480,Calculation on the basis of ingredients,,23,Calculation on the basis of ingredients,,21,Calculation on the basis of ingredients,,80,Calculation on the basis of ingredients,,0.5,Calculation on the basis of ingredients,,1.3,Calculation on the basis of ingredients,,0.6,Calculation on the basis of ingredients,,n.d.,,,Ja
1677,,,"Riz Casimir with veal, prepared",,Prepared dishes/Other savoury dishes,,per 100g edible portion,527,Automated calculation,,125,Automated calculation,,3.4,Calculation on the basis of ingredients,,0.8,Calculation on the basis of ingredients,,1.7,Calculation on the basis of ingredients,,0.7,Calculation on the basis of ingredients,,17,Calculation on the basis of ingredients,,16.1,Calculation on the basis of ingredients,,3.4,Calculation on the basis of ingredients,,11.8,Calculation on the basis of ingredients,,1.1,Calculation on the basis of ingredients,,7.1,Calculation on the basis of ingredients,,0.8,Automated calculation,,0,Calculation on the basis of ingredients,,72.6,Automated calculation,,65,Automated calculation,,38,Automated calculation,,10,Calculation on the basis of ingredients,,334,Calculation on the basis of ingredients,,326,Calculation on the basis of ingredients,,0.05,Calculation on the basis of ingredients,,0.07,Calculation on the basis of ingredients,,0.1,Calculation on the basis of ingredients,,0.22,Calculation on the basis of ingredients,,0.83,Calculation on the basis of ingredients,,5.2,Calculation on the basis of ingredients,,0.39,Calculation on the basis of ingredients,,3.9,Calculation on the basis of ingredients,,0.9,Calculation on the basis of ingredients,,1.1,Calculation on the basis of ingredients,,140,Calculation on the basis of ingredients,,300,Calculation on the basis of ingredients,,480,Calculation on the basis of ingredients,,23,Calculation on the basis of ingredients,,20,Calculation on the basis of ingredients,,81,Calculation on the basis of ingredients,,0.6,Calculation on the basis of ingredients,,1.5,Calculation on the basis of ingredients,,1.2,Calculation on the basis of ingredients,,n.d.,,,Ja
468,4736,1000951,"Rocket, raw",,Vegetables/Fresh vegetables,,per 100g edible portion,119,Automated calculation,,28,Automated calculation,,0.7,-,36,0.1,-,5,0.1,-,5,0.3,-,5,0,-,5,2.1,-,36,2.1,-,5,tr.,-,5,1.6,-,36,2.6,-,36,0.1,Automated calculation,,0,-,36,91.7,-,36,473,Automated calculation,,237,Automated calculation,,0,Estimation,51,2840,Estimation,51,2840,-,130,0.04,-,36,0.09,-,36,0.07,-,36,0,-,22,0.3,-,36,97,-,5,tr.,-,22,15,-,5,0,-,5,0.43,-,5,370,-,36,27,-,36,tr.,-,22,160,-,36,tr.,-,22,52,-,5,1.5,-,36,tr.,-,22,0.4,-,36,n.d.,,,Nein
28,4106,812069,"Roe (deer), ragout, raw",,Meat and offal/Game,,per 100g edible portion,444,Automated calculation,,105,Automated calculation,,1.9,-,146,0.5,-,146,0.3,-,146,0.5,-,146,65,-,146,0,Estimation,51,0,Estimation,51,n.d.,,,0,Estimation,51,22,-,146,0.1,Automated calculation,,0,Estimation,51,74,-,146,0,Automated calculation,,0,Automated calculation,,0,Estimation,51,0,Estimation,51,0,Estimation,51,0.26,-,110,0.6,-,110,0.39,-,146,6.3,-,110,n.d.,,,6,-,110,0.69,-,156,0,Estimation,51,0.3,-,110,0.76,-,81,310,-,146,45,-,146,40,-,8,3.7,-,146,20,-,146,180,-,146,2.7,-,146,0.8,-,88,4.7,-,146,n.d.,,,Nein
488,4537,1000975,"Roe (deer), raw",,Meat and offal/Game,,per 100g edible portion,512,Automated calculation,,122,Automated calculation,,3.6,-,9,1.6,-,9,1.5,-,9,0.2,-,9,70,-,9,0,-,5,0,-,5,0,Estimation,51,0,-,5,22.4,-,9,0.2,Automated calculation,,0,-,5,72.9,-,9,0,Automated calculation,,0,Automated calculation,,0,Estimation,51,0,Estimation,51,0,Estimation,51,0.1,-,9,0.25,-,9,0.3,-,9,1,-,9,6.4,-,5,5,-,9,0.8,-,9,0,-,5,0.4,-,5,0.76,-,9,340,-,9,84,-,9,40,-,9,25,-,9,20,-,9,220,-,9,3,-,9,0.6,-,9,3,-,9,n.d.,,,Nein
29,3691,812070,"Roe (deer), schnitzel, raw",,Meat and offal/Game,,per 100g edible portion,445,Automated calculation,,105,Automated calculation,,1.7,-,146,0.7,-,146,0.5,-,146,0.5,-,146,75,-,146,0,Estimation,51,0,Estimation,51,n.d.,,,0,Estimation,51,22.5,-,146,0.1,Automated calculation,,0,Estimation,51,72.5,-,146,0,Automated calculation,,0,Automated calculation,,0,Estimation,51,0,Estimation,51,0,Estimation,51,0.26,-,110,0.6,-,110,0.71,-,146,6.3,-,110,6.4,-,81,6,-,110,0.69,-,156,0,Estimation,51,0.3,-,110,0.76,-,81,330,-,146,44,-,146,40,-,8,4.2,-,146,22,-,146,200,-,146,2.8,-,146,0.8,-,88,2.1,-,146,n.d.,,,Nein
13333,,,"Rolled smoked ham, cooked (without addition of fat and salt)",,Sausages and cold meats/Other sausages and cold meats,,per 100g edible portion,947,Automated calculation,,227,Automated calculation,,13.3,Calculation on the basis of ingredients,,5.1,Calculation on the basis of ingredients,,6.3,Calculation on the basis of ingredients,,0.9,Calculation on the basis of ingredients,,62,Calculation on the basis of ingredients,,1.5,Calculation on the basis of ingredients,,1.5,Calculation on the basis of ingredients,,0,Calculation on the basis of ingredients,,0,Calculation on the basis of ingredients,,25.4,Calculation on the basis of ingredients,,2.2,Automated calculation,,0,Calculation on the basis of ingredients,,59.9,Automated calculation,,5,Automated calculation,,5,Automated calculation,,5,Calculation on the basis of ingredients,,0,Calculation on the basis of ingredients,,0,Calculation on the basis of ingredients,,0.49,Calculation on the basis of ingredients,,0.17,Calculation on the basis of ingredients,,0.23,Calculation on the basis of ingredients,,1.5,Calculation on the basis of ingredients,,4.2,Calculation on the basis of ingredients,,2.3,Calculation on the basis of ingredients,,0.78,Calculation on the basis of ingredients,,9.5,Calculation on the basis of ingredients,,0,Calculation on the basis of ingredients,,0.28,Calculation on the basis of ingredients,,350,Calculation on the basis of ingredients,,860,Calculation on the basis of ingredients,,2160,Calculation on the basis of ingredients,,8,Calculation on the basis of ingredients,,20,Calculation on the basis of ingredients,,210,Calculation on the basis of ingredients,,0.8,Calculation on the basis of ingredients,,1.4,Calculation on the basis of ingredients,,3.2,Calculation on the basis of ingredients,,12,Calculation on the basis of ingredients,,Ja
805,4718,1001472,Rollmops (pickled herring),,Fish/Fish products,,per 100g edible portion,1130,Automated calculation,,270,Automated calculation,,15.9,-,13,3.7,-,13,7.9,-,13,3,-,13,60,-,13,19.6,-,13,18,-,13,0,Estimation,51,0,-,22,12,-,13,3,Automated calculation,,0,-,9,49.3,-,13,13,Automated calculation,,13,Automated calculation,,13,-,145,0,Estimation,51,0,Estimation,51,0.03,-,13,0.17,-,13,tr.,-,22,6.6,-,13,2.5,-,13,1.8,-,13,0.1,-,43,0,-,13,12.4,-,13;61;993;998;999,1.6,-,13,44,-,13,1180,-,13,tr.,-,22,30,-,13,6.4,-,13,52,-,13,0.9,-,9,32,-,13,0.6,-,9,n.d.,,,Nein
718,3726,1001306,"Rollschinken, cured and smoked pork meat",,Sausages and cold meats/Cooked sausage products,,per 100g edible portion,758,Automated calculation,,181,Automated calculation,,10.6,-,1032,4.1,-,1032,5,-,1032,0.7,-,1032,50,-,1032,1.2,-,1032,1.2,-,1032,0,Estimation,22,0,-,22,20.3,-,1032,2.9,Automated calculation,,0,-,22,64.8,-,1032,4,Automated calculation,,4,Automated calculation,,4,-,8,0,Estimation,51,0,Estimation,51,0.67,-,1032,0.16,-,1032,0.34,-,1032,2,-,9,5.7,-,1032,3,-,9,1,-,1032,10.8,-,1032,tr.,-,22,0.29,-,9,460,-,1032,1170,-,1032,1730,-,1032,7.7,-,1032,21,-,1032,220,-,1032,0.7,-,1032,1.1,-,9,2.7,-,1032,9.2,-,1032,Nein
441,4006,1000923,Romaine lettuce (cos lettuce),,Vegetables/Fresh vegetables,,per 100g edible portion,66,Automated calculation,,16,Automated calculation,,0.3,-,43,0,-,43,0,-,43,0.2,-,43,0,-,43,1.3,-,43,1.3,-,43,tr.,-,43,1.5,-,43,1.2,-,43,0,Automated calculation,,0,-,43,94.5,-,43,420,Automated calculation,,210,Automated calculation,,0,Estimation,51,2522,Estimation,51,2522,-,61,0.08,-,43,0.07,-,43,0.05,-,43,0,-,43,0.4,-,43,84,-,43,0.2,-,43,8,-,43,0,-,43,0.5,-,43,230,-,43,8,-,43,tr.,-,22,37,-,43,11,-,43,24,-,43,0.3,-,43,3.3,-,9,tr.,-,22,n.d.,,,Nein
1161,3651,,"Root and tuber vegetables (average), boiled (without addition of fat and salt)",,Vegetables/Cooked vegetables (incl. cans),,per 100g edible portion,159,Automated calculation,,38,Automated calculation,,0.3,Calculation on the basis of ingredients,,0,Calculation on the basis of ingredients,,0,Calculation on the basis of ingredients,,0.1,Calculation on the basis of ingredients,,0,Calculation on the basis of ingredients,,6.3,Calculation on the basis of ingredients,,6.1,Calculation on the basis of ingredients,,0.2,Calculation on the basis of ingredients,,2.9,Calculation on the basis of ingredients,,1.1,Calculation on the basis of ingredients,,0.1,Automated calculation,,0,Calculation on the basis of ingredients,,89.5,Automated calculation,,1113,Automated calculation,,557,Automated calculation,,0,Calculation on the basis of ingredients,,6680,Calculation on the basis of ingredients,,4788,Calculation on the basis of ingredients,,0.03,Calculation on the basis of ingredients,,0.04,Calculation on the basis of ingredients,,0.07,Calculation on the basis of ingredients,,0,Calculation on the basis of ingredients,,0.48,Calculation on the basis of ingredients,,20.1,Calculation on the basis of ingredients,,0.21,Calculation on the basis of ingredients,,5,Calculation on the basis of ingredients,,0,Calculation on the basis of ingredients,,0.45,Calculation on the basis of ingredients,,100,Calculation on the basis of ingredients,,22,Calculation on the basis of ingredients,,66,Calculation on the basis of ingredients,,33,Calculation on the basis of ingredients,,7.5,Calculation on the basis of ingredients,,31,Calculation on the basis of ingredients,,0.3,Calculation on the basis of ingredients,,1.5,Calculation on the basis of ingredients,,0.1,Calculation on the basis of ingredients,,n.d.,,,Ja
1267,,,"Root and tuber vegetables (average), raw",,Vegetables/Fresh vegetables,,per 100g edible portion,151,Automated calculation,,36,Automated calculation,,0.3,Calculation on the basis of ingredients,,0,Calculation on the basis of ingredients,,0,Calculation on the basis of ingredients,,0.1,Calculation on the basis of ingredients,,0,Calculation on the basis of ingredients,,6,Calculation on the basis of ingredients,,5.7,Calculation on the basis of ingredients,,0.2,Calculation on the basis of ingredients,,2.8,Calculation on the basis of ingredients,,1,Calculation on the basis of ingredients,,0.1,Automated calculation,,0,Calculation on the basis of ingredients,,90,Automated calculation,,1058,Automated calculation,,529,Automated calculation,,0,Calculation on the basis of ingredients,,6346,Calculation on the basis of ingredients,,5054,Calculation on the basis of ingredients,,0.04,Calculation on the basis of ingredients,,0.05,Calculation on the basis of ingredients,,0.09,Calculation on the basis of ingredients,,0,Calculation on the basis of ingredients,,0.66,Calculation on the basis of ingredients,,38.1,Calculation on the basis of ingredients,,0.33,Calculation on the basis of ingredients,,9.2,Calculation on the basis of ingredients,,0,Calculation on the basis of ingredients,,0.43,Calculation on the basis of ingredients,,210,Calculation on the basis of ingredients,,38,Calculation on the basis of ingredients,,70,Calculation on the basis of ingredients,,33,Calculation on the basis of ingredients,,12,Calculation on the basis of ingredients,,33,Calculation on the basis of ingredients,,0.3,Calculation on the basis of ingredients,,1.6,Calculation on the basis of ingredients,,0.2,Calculation on the basis of ingredients,,n.d.,,,Ja
1162,3649,,"Root and tuber vegetables (average), steamed (without addition of salt)",,Vegetables/Cooked vegetables (incl. cans),,per 100g edible portion,168,Automated calculation,,40,Automated calculation,,0.3,Calculation on the basis of ingredients,,0,Calculation on the basis of ingredients,,0,Calculation on the basis of ingredients,,0.1,Calculation on the basis of ingredients,,0,Calculation on the basis of ingredients,,6.6,Calculation on the basis of ingredients,,6.4,Calculation on the basis of ingredients,,0.2,Calculation on the basis of ingredients,,3.1,Calculation on the basis of ingredients,,1.1,Calculation on the basis of ingredients,,0.1,Automated calculation,,0,Calculation on the basis of ingredients,,88.9,Automated calculation,,1175,Automated calculation,,588,Automated calculation,,0,Calculation on the basis of ingredients,,7051,Calculation on the basis of ingredients,,5054,Calculation on the basis of ingredients,,0.04,Calculation on the basis of ingredients,,0.05,Calculation on the basis of ingredients,,0.08,Calculation on the basis of ingredients,,0,Calculation on the basis of ingredients,,0.59,Calculation on the basis of ingredients,,25.4,Calculation on the basis of ingredients,,0.31,Calculation on the basis of ingredients,,7.9,Calculation on the basis of ingredients,,0,Calculation on the basis of ingredients,,0.48,Calculation on the basis of ingredients,,200,Calculation on the basis of ingredients,,34,Calculation on the basis of ingredients,,74,Calculation on the basis of ingredients,,35,Calculation on the basis of ingredients,,11,Calculation on the basis of ingredients,,35,Calculation on the basis of ingredients,,0.3,Calculation on the basis of ingredients,,1.6,Calculation on the basis of ingredients,,0.2,Calculation on the basis of ingredients,,n.d.,,,Ja
1163,3707,,"Root and tuber vegetables (average), stewed (without addition of fat and salt)",,Vegetables/Cooked vegetables (incl. cans),,per 100g edible portion,148,Automated calculation,,35,Automated calculation,,0.3,Calculation on the basis of ingredients,,0,Calculation on the basis of ingredients,,0,Calculation on the basis of ingredients,,0.1,Calculation on the basis of ingredients,,0,Calculation on the basis of ingredients,,5.8,Calculation on the basis of ingredients,,5.6,Calculation on the basis of ingredients,,0.2,Calculation on the basis of ingredients,,2.7,Calculation on the basis of ingredients,,1,Calculation on the basis of ingredients,,0.1,Automated calculation,,0,Calculation on the basis of ingredients,,90.2,Automated calculation,,1037,Automated calculation,,518,Automated calculation,,0,Calculation on the basis of ingredients,,6222,Calculation on the basis of ingredients,,4459,Calculation on the basis of ingredients,,0.04,Calculation on the basis of ingredients,,0.05,Calculation on the basis of ingredients,,0.08,Calculation on the basis of ingredients,,0,Calculation on the basis of ingredients,,0.62,Calculation on the basis of ingredients,,26.2,Calculation on the basis of ingredients,,0.29,Calculation on the basis of ingredients,,7.4,Calculation on the basis of ingredients,,0,Calculation on the basis of ingredients,,0.42,Calculation on the basis of ingredients,,210,Calculation on the basis of ingredients,,37,Calculation on the basis of ingredients,,69,Calculation on the basis of ingredients,,33,Calculation on the basis of ingredients,,12,Calculation on the basis of ingredients,,33,Calculation on the basis of ingredients,,0.3,Calculation on the basis of ingredients,,1.5,Calculation on the basis of ingredients,,0.2,Calculation on the basis of ingredients,,n.d.,,,Ja
484,4345,1000970,Roquefort cheese,,Milk and dairy products/Hard cheese,,per 100g edible portion,1500,Automated calculation,,363,Automated calculation,,31.7,-,43,19,-,3,7.4,-,3,1.5,-,3,95,-,3,0.2,-,23,0,-,43,0,-,22,0,-,22,19.2,-,1660,4,Automated calculation,,0,-,22,42.6,-,43,253,Automated calculation,,253,Automated calculation,,253,-,61,0,Estimation,51,0,-,61,0.05,-,43,0.81,-,43;1659,0.12,-,43,0.54,-,43;1659,0.7,-,43,40,-,43,0.57,-,43;1659,tr.,-,43,0.4,-,43;1659,0.8,-,43,120,-,43,1600,-,43,2400,-,9,600,-,43,27,-,43,430,-,43,0.4,-,43,40,-,9,2.5,-,9,n.d.,,,Nein
462,4423,1000944,"Rosemary, fresh",,Vegetables/Herbs,,per 100g edible portion,260,Automated calculation,,62,Automated calculation,,2.5,-,9,0.5,-,9,0.1,-,9,1.4,-,9,0,-,9,7.7,-,9,7.6,-,9,0.1,-,9,2.9,-,9,0.8,-,9,0,Automated calculation,,0,-,9,85,-,9,92,Automated calculation,,46,Automated calculation,,0,Estimation,51,550,-,81,n.d.,,,0.09,-,9,0.12,-,5,0.05,-,5,0,-,9,0.17,-,9,0,-,9,0,-,9,16.5,-,5,0,-,9,0.86,-,5,160,-,9,8,-,9,33,-,9,210,-,9,36,-,9,12,-,9,4.8,-,9,1,-,9,0.5,-,9,n.d.,,,Nein
858,4693,1001529,"Rosti (shredded potatoes, ready to fry)",,"Cereal products, pulses and potatoes/Potatoes",,per 100g edible portion,495,Automated calculation,,118,Automated calculation,,3.7,Calculation on the basis of ingredients,,1.6,Calculation on the basis of ingredients,,1.3,Calculation on the basis of ingredients,,0.4,Calculation on the basis of ingredients,,0,Calculation on the basis of ingredients,,18.5,Calculation on the basis of ingredients,,0.9,Calculation on the basis of ingredients,,17.7,Calculation on the basis of ingredients,,1.4,Calculation on the basis of ingredients,,2,Calculation on the basis of ingredients,,1.1,Automated calculation,,0,Calculation on the basis of ingredients,,74.4,Automated calculation,,1,Automated calculation,,1,Automated calculation,,0,Calculation on the basis of ingredients,,6,Calculation on the basis of ingredients,,4,Calculation on the basis of ingredients,,0.15,Calculation on the basis of ingredients,,0.02,Calculation on the basis of ingredients,,0.39,Calculation on the basis of ingredients,,0,Calculation on the basis of ingredients,,0.45,Calculation on the basis of ingredients,,22,Calculation on the basis of ingredients,,0.31,Calculation on the basis of ingredients,,11.2,Calculation on the basis of ingredients,,0,Calculation on the basis of ingredients,,0.39,Calculation on the basis of ingredients,,320,Calculation on the basis of ingredients,,430,Calculation on the basis of ingredients,,660,Calculation on the basis of ingredients,,5.6,Calculation on the basis of ingredients,,15,Calculation on the basis of ingredients,,34,Calculation on the basis of ingredients,,0.3,Calculation on the basis of ingredients,,28,Calculation on the basis of ingredients,,0.2,Calculation on the basis of ingredients,,n.d.,,,Ja
930,4142,,Rusk,,"Bread, flakes and breakfast cereals/Crispbreads, rusks, crackers and wafers",,per 100g edible portion,1810,Automated calculation,,428,Automated calculation,,9.5,Calculation on the basis of ingredients,,4.9,Calculation on the basis of ingredients,,2.7,Calculation on the basis of ingredients,,1.1,Calculation on the basis of ingredients,,13,Calculation on the basis of ingredients,,69.6,Calculation on the basis of ingredients,,14.4,Calculation on the basis of ingredients,,54.6,Calculation on the basis of ingredients,,2.7,Calculation on the basis of ingredients,,14.7,Calculation on the basis of ingredients,,2,Automated calculation,,0,Calculation on the basis of ingredients,,4.4,Automated calculation,,48,Automated calculation,,46,Automated calculation,,44,Calculation on the basis of ingredients,,21,Calculation on the basis of ingredients,,19,Calculation on the basis of ingredients,,0.13,Calculation on the basis of ingredients,,0.22,Calculation on the basis of ingredients,,0.06,Calculation on the basis of ingredients,,0.1,Calculation on the basis of ingredients,,0.81,Calculation on the basis of ingredients,,24.3,Calculation on the basis of ingredients,,0.46,Calculation on the basis of ingredients,,0.4,Calculation on the basis of ingredients,,0.1,Calculation on the basis of ingredients,,0.5,Calculation on the basis of ingredients,,260,Calculation on the basis of ingredients,,800,Calculation on the basis of ingredients,,1220,Calculation on the basis of ingredients,,69,Calculation on the basis of ingredients,,21,Calculation on the basis of ingredients,,100,Calculation on the basis of ingredients,,0.6,Calculation on the basis of ingredients,,49,Calculation on the basis of ingredients,,0.6,Calculation on the basis of ingredients,,n.d.,,,Nein
929,4146,,Rusk wholemeal,,"Bread, flakes and breakfast cereals/Crispbreads, rusks, crackers and wafers",,per 100g edible portion,1740,Automated calculation,,412,Automated calculation,,9,Calculation on the basis of ingredients,,4,Calculation on the basis of ingredients,,2.4,Calculation on the basis of ingredients,,1.6,Calculation on the basis of ingredients,,9,Calculation on the basis of ingredients,,61.2,Calculation on the basis of ingredients,,13.8,Calculation on the basis of ingredients,,47.2,Calculation on the basis of ingredients,,7.8,Calculation on the basis of ingredients,,17.6,Calculation on the basis of ingredients,,1.9,Automated calculation,,0,Calculation on the basis of ingredients,,5.1,Automated calculation,,36,Automated calculation,,35,Automated calculation,,33,Calculation on the basis of ingredients,,20,Calculation on the basis of ingredients,,17,Calculation on the basis of ingredients,,0.29,Calculation on the basis of ingredients,,0.27,Calculation on the basis of ingredients,,0.32,Calculation on the basis of ingredients,,0.12,Calculation on the basis of ingredients,,3.53,Calculation on the basis of ingredients,,32.4,Calculation on the basis of ingredients,,0.85,Calculation on the basis of ingredients,,0.1,Calculation on the basis of ingredients,,0.1,Calculation on the basis of ingredients,,1.43,Calculation on the basis of ingredients,,390,Calculation on the basis of ingredients,,740,Calculation on the basis of ingredients,,1160,Calculation on the basis of ingredients,,99,Calculation on the basis of ingredients,,98,Calculation on the basis of ingredients,,320,Calculation on the basis of ingredients,,3.6,Calculation on the basis of ingredients,,48,Calculation on the basis of ingredients,,2.7,Calculation on the basis of ingredients,,n.d.,,,Nein
1607,,,"Russian salad, prepared",,Prepared dishes/Salads,,per 100g edible portion,820,Automated calculation,,198,Automated calculation,,15.9,Calculation on the basis of ingredients,,2.1,Calculation on the basis of ingredients,,11.4,Calculation on the basis of ingredients,,1.3,Calculation on the basis of ingredients,,43,Calculation on the basis of ingredients,,9.9,Calculation on the basis of ingredients,,1.9,Calculation on the basis of ingredients,,7.9,Calculation on the basis of ingredients,,2.3,Calculation on the basis of ingredients,,2.6,Calculation on the basis of ingredients,,0.3,Automated calculation,,0,Calculation on the basis of ingredients,,69.3,Automated calculation,,185,Automated calculation,,104,Automated calculation,,23,Calculation on the basis of ingredients,,973,Calculation on the basis of ingredients,,714,Calculation on the basis of ingredients,,0.08,Calculation on the basis of ingredients,,0.07,Calculation on the basis of ingredients,,0.12,Calculation on the basis of ingredients,,0.18,Calculation on the basis of ingredients,,0.82,Calculation on the basis of ingredients,,22.8,Calculation on the basis of ingredients,,0.5,Calculation on the basis of ingredients,,8.6,Calculation on the basis of ingredients,,0.2,Calculation on the basis of ingredients,,4.76,Calculation on the basis of ingredients,,230,Calculation on the basis of ingredients,,140,Calculation on the basis of ingredients,,250,Calculation on the basis of ingredients,,21,Calculation on the basis of ingredients,,17,Calculation on the basis of ingredients,,62,Calculation on the basis of ingredients,,0.7,Calculation on the basis of ingredients,,3.5,Calculation on the basis of ingredients,,0.4,Calculation on the basis of ingredients,,n.d.,,,Ja
824,4115,1001493,Rye bread from Valais,,"Bread, flakes and breakfast cereals/Bread and bread products",,per 100g edible portion,960,Automated calculation,,227,Automated calculation,,1,Calculation on the basis of ingredients,,0.1,Calculation on the basis of ingredients,,0.1,Calculation on the basis of ingredients,,0.5,Calculation on the basis of ingredients,,0,Calculation on the basis of ingredients,,42.6,Calculation on the basis of ingredients,,3.4,Calculation on the basis of ingredients,,38.9,Calculation on the basis of ingredients,,8.8,Calculation on the basis of ingredients,,7.6,Calculation on the basis of ingredients,,1.4,Automated calculation,,0,Calculation on the basis of ingredients,,40.6,Automated calculation,,0,Automated calculation,,0,Automated calculation,,0,Calculation on the basis of ingredients,,0,Calculation on the basis of ingredients,,0,Calculation on the basis of ingredients,,0.19,Calculation on the basis of ingredients,,0.15,Calculation on the basis of ingredients,,0.21,Calculation on the basis of ingredients,,tr.,Calculation on the basis of ingredients,,1.29,Calculation on the basis of ingredients,,32.7,Calculation on the basis of ingredients,,0.56,Calculation on the basis of ingredients,,tr.,Calculation on the basis of ingredients,,0,Calculation on the basis of ingredients,,0.53,Calculation on the basis of ingredients,,250,Calculation on the basis of ingredients,,570,Calculation on the basis of ingredients,,900,Calculation on the basis of ingredients,,20,Calculation on the basis of ingredients,,53,Calculation on the basis of ingredients,,220,Calculation on the basis of ingredients,,2.1,Calculation on the basis of ingredients,,3,Calculation on the basis of ingredients,,2.2,Calculation on the basis of ingredients,,n.d.,,,Nein
846,4133,1001515,Rye bread with rye grist,,"Bread, flakes and breakfast cereals/Bread and bread products",,per 100g edible portion,994,Automated calculation,,235,Automated calculation,,1,Calculation on the basis of ingredients,,0.2,Calculation on the basis of ingredients,,0.1,Calculation on the basis of ingredients,,0.5,Calculation on the basis of ingredients,,0,Calculation on the basis of ingredients,,44.1,Calculation on the basis of ingredients,,3.8,Calculation on the basis of ingredients,,40.1,Calculation on the basis of ingredients,,9.4,Calculation on the basis of ingredients,,7.7,Calculation on the basis of ingredients,,1.4,Automated calculation,,0,Calculation on the basis of ingredients,,38.3,Automated calculation,,0,Automated calculation,,0,Automated calculation,,0,Calculation on the basis of ingredients,,<0,Calculation on the basis of ingredients,,<0,Calculation on the basis of ingredients,,0.2,Calculation on the basis of ingredients,,0.14,Calculation on the basis of ingredients,,0.21,Calculation on the basis of ingredients,,tr.,Calculation on the basis of ingredients,,1.24,Calculation on the basis of ingredients,,23.1,Calculation on the basis of ingredients,,0.55,Calculation on the basis of ingredients,,tr.,Calculation on the basis of ingredients,,0,Calculation on the basis of ingredients,,0.58,Calculation on the basis of ingredients,,260,Calculation on the basis of ingredients,,570,Calculation on the basis of ingredients,,900,Calculation on the basis of ingredients,,21,Calculation on the basis of ingredients,,56,Calculation on the basis of ingredients,,230,Calculation on the basis of ingredients,,2.2,Calculation on the basis of ingredients,,3.3,Calculation on the basis of ingredients,,2.4,Calculation on the basis of ingredients,,n.d.,,,Nein
830,4113,1001499,Rye bread with sour dough,,"Bread, flakes and breakfast cereals/Bread and bread products",,per 100g edible portion,910,Automated calculation,,215,Automated calculation,,0.9,Calculation on the basis of ingredients,,0.1,Calculation on the basis of ingredients,,0.1,Calculation on the basis of ingredients,,0.4,Calculation on the basis of ingredients,,0,Calculation on the basis of ingredients,,41.5,Calculation on the basis of ingredients,,3.8,Calculation on the basis of ingredients,,37.6,Calculation on the basis of ingredients,,7.7,Calculation on the basis of ingredients,,6.5,Calculation on the basis of ingredients,,1.3,Automated calculation,,0,Calculation on the basis of ingredients,,43.9,Automated calculation,,0,Automated calculation,,0,Automated calculation,,0,Calculation on the basis of ingredients,,<2,Calculation on the basis of ingredients,,<1,Calculation on the basis of ingredients,,0.16,Calculation on the basis of ingredients,,0.11,Calculation on the basis of ingredients,,0.17,Calculation on the basis of ingredients,,tr.,Calculation on the basis of ingredients,,0.98,Calculation on the basis of ingredients,,18.3,Calculation on the basis of ingredients,,0.43,Calculation on the basis of ingredients,,tr.,Calculation on the basis of ingredients,,0,Calculation on the basis of ingredients,,0.49,Calculation on the basis of ingredients,,230,Calculation on the basis of ingredients,,530,Calculation on the basis of ingredients,,820,Calculation on the basis of ingredients,,20,Calculation on the basis of ingredients,,45,Calculation on the basis of ingredients,,180,Calculation on the basis of ingredients,,1.8,Calculation on the basis of ingredients,,2.7,Calculation on the basis of ingredients,,1.9,Calculation on the basis of ingredients,,n.d.,,,Nein
752,4584,1001395,Rye flour Type 1050,,"Cereal products, pulses and potatoes/Flour and starch",,per 100g edible portion,1420,Automated calculation,,336,Automated calculation,,1.3,-,1528,0.2,-,1528,0.1,-,1528,0.6,-,1528,0,-,9,67.8,-,1528,6.2,-,1528,61.6,-,1528,8.6,-,1640,9,-,1640,0,Automated calculation,,0,Estimation,1648,13.3,-,1528,1,Automated calculation,,1,Automated calculation,,0,Estimation,1648,7,Estimation,1648,7,-,91,0.25,-,1528;1642,0.1,-,1528,0.2,-,1528;1642,0,-,9,1.15,-,1528,37,-,1528,0.57,-,1528;1642,0,-,9,0,-,9,0.6,-,1528,300,-,1528,1,-,9,35,-,9,28,-,1528,50,-,1528,200,-,1528,2.1,-,1528,2.9,-,1528,2.1,-,1528,n.d.,,,Nein
748,4628,1001374,Rye flour Type 815,,"Cereal products, pulses and potatoes/Flour and starch",,per 100g edible portion,1420,Automated calculation,,334,Automated calculation,,1,-,1528,0.1,-,9,0.1,-,9,0.5,-,9,0,-,9,71,-,1528,6.5,-,1528,64.1,-,1528,6.5,-,1640,6.9,-,1640,0,Automated calculation,,0,Estimation,1648,13.8,-,1528,1,Automated calculation,,1,Automated calculation,,0,Estimation,1648,7,Estimation,1648,7,-,91,0.18,-,9,0.09,-,9,0.11,-,9,0,-,9,0.6,-,9,15,-,1528,0.6,-,9,0,-,9,0,-,9,0.34,-,1528,170,-,9,1,-,9,32,-,9,22,-,9,26,-,9,130,-,1528,2.1,-,1528,2.1,-,9,1.5,-,9,n.d.,,,Nein
749,4627,1001381,Rye flour (wholemeal) Type 1800,,"Cereal products, pulses and potatoes/Flour and starch",,per 100g edible portion,1420,Automated calculation,,337,Automated calculation,,1.5,-,1528,0.2,-,9,0.2,-,1528,0.7,-,1528,0,-,9,63.1,-,1528,5.8,-,1528,56.9,-,1528,14.1,-,1640,10.8,-,1640,0,Automated calculation,,0,Estimation,1648,14.3,-,9,0,Automated calculation,,0,Automated calculation,,0,Estimation,1648,0,Estimation,1648,0,-,1528,0.37,-,1528,0.22,-,1528,0.35,-,1528,0,-,9,1.9,-,9,70,-,1528,1.1,-,1528,0,-,9,0,-,9,0.86,-,1528,390,-,1528,2,-,9,69,-,1528,26,-,1528,82,-,1528,340,-,1528,3.2,-,1528,4.5,-,1528,3.6,-,1528,n.d.,,,Nein
589,3911,1001126,Safflower oil,,Fats and oils/Oils,0.9,per 100ml food volume,3330,Automated calculation,,810,Automated calculation,,90,-,1528,8.5,-,1528,9.9,-,1528,68,-,1528,0,Estimation,1648,0,Estimation,1648,0,Estimation,1648,0,Estimation,1648,0,Estimation,1648,0,-,8,0,Automated calculation,,0,Estimation,1648,0.5,-,8,0,Automated calculation,,0,Automated calculation,,0,Estimation,1648,0,Estimation,1648,0,-,156,0,-,8,0,-,8,0,-,8,0,-,8,0,-,8,0,-,8,0,-,8,0,-,8,0,-,8,39.6,-,1640,0.9,-,8,0,-,8,0,-,8,0,-,8,0,-,8,0,-,8,0,-,8,0,Estimation,1648,0,Estimation,1648,n.d.,,,Nein
461,4421,1000943,"Sage, raw",,Vegetables/Herbs,,per 100g edible portion,246,Automated calculation,,59,Automated calculation,,2.1,-,9,1.1,-,9,0.3,-,9,0.3,-,9,0,-,9,6.9,-,9,6.8,-,22,0.1,-,9,2.9,-,9,1.7,-,9,0,Automated calculation,,0,-,9,85,-,9,471,Automated calculation,,235,Automated calculation,,0,Estimation,51,2824,Estimation,51,2780,-,125,0.12,-,9,0.06,-,9,0.54,-,5,0,-,9,0.92,-,9,0,-,9,0,-,9,0,-,9,0,-,9,0.75,-,5,170,-,9,2,-,9,32,-,9,270,-,9,69,-,9,15,-,9,4.5,-,9,1,-,9,0.8,-,9,n.d.,,,Nein
1201,4705,,Salad dressing french style (with rapeseed oil),,Fats and oils/Salad dressings,1.1,per 100ml food volume,1760,Automated calculation,,429,Automated calculation,,46.9,Calculation on the basis of ingredients,,5.4,Calculation on the basis of ingredients,,19.8,Calculation on the basis of ingredients,,19.3,Calculation on the basis of ingredients,,48,Calculation on the basis of ingredients,,0.8,Calculation on the basis of ingredients,,0.4,Calculation on the basis of ingredients,,0,Calculation on the basis of ingredients,,0.3,Calculation on the basis of ingredients,,0.7,Calculation on the basis of ingredients,,1.3,Automated calculation,,0,Calculation on the basis of ingredients,,51.3,Automated calculation,,5,Automated calculation,,5,Automated calculation,,4,Calculation on the basis of ingredients,,7,Calculation on the basis of ingredients,,6,Calculation on the basis of ingredients,,0.02,Calculation on the basis of ingredients,,0.02,Calculation on the basis of ingredients,,0.03,Calculation on the basis of ingredients,,0.16,Calculation on the basis of ingredients,,0.07,Calculation on the basis of ingredients,,4.4,Calculation on the basis of ingredients,,0.18,Calculation on the basis of ingredients,,0,Calculation on the basis of ingredients,,0.2,Calculation on the basis of ingredients,,20.9,Calculation on the basis of ingredients,,39,Calculation on the basis of ingredients,,510,Calculation on the basis of ingredients,,720,Calculation on the basis of ingredients,,16,Calculation on the basis of ingredients,,12,Calculation on the basis of ingredients,,35,Calculation on the basis of ingredients,,0.4,Calculation on the basis of ingredients,,5.9,Calculation on the basis of ingredients,,0.2,Calculation on the basis of ingredients,,n.d.,,,Ja
1200,4708,,Salad dressing italian style (with olive oil),,Fats and oils/Salad dressings,1.1,per 100ml food volume,1910,Automated calculation,,464,Automated calculation,,50.7,Calculation on the basis of ingredients,,6,Calculation on the basis of ingredients,,38.1,Calculation on the basis of ingredients,,3.8,Calculation on the basis of ingredients,,0,Calculation on the basis of ingredients,,1.4,Calculation on the basis of ingredients,,0.3,Calculation on the basis of ingredients,,1,Calculation on the basis of ingredients,,0.1,Calculation on the basis of ingredients,,0.4,Calculation on the basis of ingredients,,0.7,Automated calculation,,0,Calculation on the basis of ingredients,,47.3,Automated calculation,,7,Automated calculation,,4,Automated calculation,,0,Calculation on the basis of ingredients,,44,Calculation on the basis of ingredients,,44,Calculation on the basis of ingredients,,0.01,Calculation on the basis of ingredients,,0,Calculation on the basis of ingredients,,0.05,Calculation on the basis of ingredients,,0,Calculation on the basis of ingredients,,0.03,Calculation on the basis of ingredients,,0.1,Calculation on the basis of ingredients,,0.03,Calculation on the basis of ingredients,,1.3,Calculation on the basis of ingredients,,0,Calculation on the basis of ingredients,,15.67,Calculation on the basis of ingredients,,39,Calculation on the basis of ingredients,,290,Calculation on the basis of ingredients,,490,Calculation on the basis of ingredients,,5.5,Calculation on the basis of ingredients,,5.6,Calculation on the basis of ingredients,,14,Calculation on the basis of ingredients,,0.2,Calculation on the basis of ingredients,,3,Calculation on the basis of ingredients,,0.2,Calculation on the basis of ingredients,,n.d.,,,Ja
783,3570,1001434,Salametti,,Sausages and cold meats/Raw sausage products,,per 100g edible portion,1420,Automated calculation,,343,Automated calculation,,31.4,Calculation on the basis of ingredients,,11.8,Calculation on the basis of ingredients,,14.7,Calculation on the basis of ingredients,,3.3,Calculation on the basis of ingredients,,59,Calculation on the basis of ingredients,,0.3,Calculation on the basis of ingredients,,0.3,Calculation on the basis of ingredients,,0,Calculation on the basis of ingredients,,0,Calculation on the basis of ingredients,,14.8,Calculation on the basis of ingredients,,2.8,Automated calculation,,0,Calculation on the basis of ingredients,,53.5,Automated calculation,,5,Automated calculation,,5,Automated calculation,,5,Calculation on the basis of ingredients,,2,Calculation on the basis of ingredients,,2,Calculation on the basis of ingredients,,0.46,Calculation on the basis of ingredients,,0.17,Calculation on the basis of ingredients,,0.28,Calculation on the basis of ingredients,,1.9,Calculation on the basis of ingredients,,3.95,Calculation on the basis of ingredients,,2.1,Calculation on the basis of ingredients,,0.41,Calculation on the basis of ingredients,,0,Calculation on the basis of ingredients,,0,Calculation on the basis of ingredients,,0.52,Calculation on the basis of ingredients,,250,Calculation on the basis of ingredients,,1120,Calculation on the basis of ingredients,,1650,Calculation on the basis of ingredients,,3,Calculation on the basis of ingredients,,16,Calculation on the basis of ingredients,,130,Calculation on the basis of ingredients,,0.9,Calculation on the basis of ingredients,,0.6,Calculation on the basis of ingredients,,1.7,Calculation on the basis of ingredients,,n.d.,,,Ja
1094,4313,,"Salami budget"" type""",,Sausages and cold meats/Raw sausage products,,per 100g edible portion,1750,Automated calculation,,422,Automated calculation,,37.1,-,1032,13.6,-,1032,15.7,-,1032,3.1,-,1032,76,-,1032,tr.,-,1032,tr.,-,1032,0,Estimation,1003,0,Estimation,1003,22,-,1032,3.8,Automated calculation,,0,Estimation,1003,36,-,1032,0,Automated calculation,,0,Automated calculation,,tr.,-,1003,n.d.,,,n.d.,,,0.47,-,1032,0.15,-,1032,0.24,-,1032,1.1,-,1032,5.9,-,1032,n.d.,,,0.9,-,1032,13.7,-,1032,2.3,-,1032,tr.,-,1032,330,-,1032,1530,-,1032,2410,-,1032,tr.,-,1032,17,-,1032,n.d.,,,1.2,-,1032,n.d.,,,2.7,-,1032,12,-,1032,Nein
784,4734,1001436,Salami Farmer style,,Sausages and cold meats/Raw sausage products,,per 100g edible portion,2200,Automated calculation,,532,Automated calculation,,49.5,Calculation on the basis of ingredients,,18.7,Calculation on the basis of ingredients,,23.2,Calculation on the basis of ingredients,,5.2,Calculation on the basis of ingredients,,84,Calculation on the basis of ingredients,,0.8,Calculation on the basis of ingredients,,0.8,Calculation on the basis of ingredients,,n.d.,,,0,Calculation on the basis of ingredients,,20.6,Calculation on the basis of ingredients,,3.9,Automated calculation,,0.1,Calculation on the basis of ingredients,,28.9,Automated calculation,,7,Automated calculation,,7,Automated calculation,,7,Calculation on the basis of ingredients,,4,Calculation on the basis of ingredients,,4,Calculation on the basis of ingredients,,0.55,Calculation on the basis of ingredients,,0.24,Calculation on the basis of ingredients,,0.33,Calculation on the basis of ingredients,,3.03,Calculation on the basis of ingredients,,5.84,Calculation on the basis of ingredients,,2.8,Calculation on the basis of ingredients,,0.55,Calculation on the basis of ingredients,,70.5,Calculation on the basis of ingredients,,0,Calculation on the basis of ingredients,,0.77,Calculation on the basis of ingredients,,340,Calculation on the basis of ingredients,,1580,Calculation on the basis of ingredients,,2330,Calculation on the basis of ingredients,,5.1,Calculation on the basis of ingredients,,22,Calculation on the basis of ingredients,,170,Calculation on the basis of ingredients,,1.4,Calculation on the basis of ingredients,,0.9,Calculation on the basis of ingredients,,2.7,Calculation on the basis of ingredients,,n.d.,,,Ja
1091,3799,,Salami Nostrano type,,Sausages and cold meats/Raw sausage products,,per 100g edible portion,1520,Automated calculation,,367,Automated calculation,,30.1,-,1032,11.3,-,1032,13.4,-,1032,2.7,-,1032,84,-,1032,tr.,-,1032,tr.,-,1032,0,Estimation,1003,0,Estimation,1003,24.1,-,1032,3.9,Automated calculation,,0,Estimation,1003,40.2,-,1032,1,Automated calculation,,0,Automated calculation,,tr.,-,1003,5,Estimation,,5,Estimation,,0.55,-,1032,0.18,-,1032,0.31,-,1032,1.2,-,1032,7.3,-,1032,2.5,Estimation,,1,-,1032,18.6,-,1032,1.7,-,1032,tr.,-,1032,390,-,1032,1560,-,1032,2550,-,1032,tr.,-,1032,18,-,1032,200,-,1032,1.3,-,1032,0.8,Estimation,,3,-,1032,13,-,1032,Nein
13354,,,"Salmon, cultured, filet, steamed (without addition of fat and salt)",,Fish/Sea fish,,per 100g edible portion,1040,Automated calculation,,250,Automated calculation,,16.8,Calculation on the basis of ingredients,,2.8,Calculation on the basis of ingredients,,6.1,Calculation on the basis of ingredients,,3.1,Calculation on the basis of ingredients,,83,Calculation on the basis of ingredients,,0,Calculation on the basis of ingredients,,0,Calculation on the basis of ingredients,,0,Calculation on the basis of ingredients,,0,Calculation on the basis of ingredients,,24.9,Calculation on the basis of ingredients,,0.2,Automated calculation,,0,Calculation on the basis of ingredients,,58.4,Automated calculation,,14,Automated calculation,,14,Automated calculation,,14,Calculation on the basis of ingredients,,0,Calculation on the basis of ingredients,,0,Calculation on the basis of ingredients,,0.2,Calculation on the basis of ingredients,,0.12,Calculation on the basis of ingredients,,0.44,Calculation on the basis of ingredients,,6.9,Calculation on the basis of ingredients,,7.18,Calculation on the basis of ingredients,,11.4,Calculation on the basis of ingredients,,1.75,Calculation on the basis of ingredients,,1,Calculation on the basis of ingredients,,7.3,Calculation on the basis of ingredients,,1.23,Calculation on the basis of ingredients,,410,Calculation on the basis of ingredients,,61,Calculation on the basis of ingredients,,n.d.,,,15,Calculation on the basis of ingredients,,30,Calculation on the basis of ingredients,,260,Calculation on the basis of ingredients,,0.4,Calculation on the basis of ingredients,,49,Calculation on the basis of ingredients,,0.5,Calculation on the basis of ingredients,,n.d.,,,Ja
194,3642,831003,"Salmon, cultured, raw",,Fish/Sea fish,,per 100g edible portion,834,Automated calculation,,200,Automated calculation,,13.4,-,155,2.2,-,155,4.9,-,155,2.5,-,155,66,-,155,0,-,155,0,-,155,0,Estimation,51,0,-,155,19.9,-,155,0.1,Automated calculation,,0,Estimation,51,67,-,155,11,Automated calculation,,11,Automated calculation,,11,-,155,0,Estimation,51,0,-,155,0.21,-,155,0.14,-,155,0.5,-,155,6.9,-,155,8.2,-,155,13,-,155,2,-,145,1,-,155,8.3,-,155;996;999,1.4,-,155,440,-,155,57,-,155,n.d.,,,12,-,155,28,-,155,250,-,155,0.4,-,155,44,-,88,0.4,-,155,n.d.,,,Nein
193,3580,831001,"Salmon, smoked",,Fish/Sea fish,,per 100g edible portion,698,Automated calculation,,167,Automated calculation,,8.2,-,155,1.8,-,155,2.7,-,155,2.7,-,155,50,-,155,0,-,155,0,-,155,0,Estimation,51,0,-,155,23.2,-,155,4.1,Automated calculation,,0,Estimation,51,62.5,-,88,7,Automated calculation,,7,Automated calculation,,7,-,155,0,Estimation,51,0,-,155,0.25,-,155,0.16,-,155,0.64,-,155,4.3,-,155,8.7,-,155,3,-,155,0.71,-,145,0,-,155,6.3,-,61;155;994;998;999,1.8,-,155,410,-,155,1660,-,155,n.d.,,,10,-,155,27,-,155,310,-,155,0,-,155,56,-,88,0.4,-,155,n.d.,,,Nein
210,3641,832002,"Salmon, wild, raw",,Fish/Sea fish,,per 100g edible portion,760,Automated calculation,,182,Automated calculation,,11.5,-,155,1.8,-,155,4.4,-,155,1.9,-,155,50,-,155,0,-,155,0,-,155,0,Estimation,51,0,-,155,19.7,-,155,0.2,Automated calculation,,0,Estimation,51,65,-,155,0,Automated calculation,,0,Automated calculation,,0,-,155,0,Estimation,51,0,-,155,0.2,-,155,0.15,-,155,0.6,-,155,6.9,-,155,7,-,155,13,-,155,2,-,145,0,-,155,8.4,-,155;999,1.3,-,155,480,-,155,63,-,155,n.d.,,,8,-,155,30,-,155,260,-,155,0.4,-,155,53,-,88,0.4,-,155,n.d.,,,Nein
1089,3694,,Salsiz sausage,,Sausages and cold meats/Raw sausage products,,per 100g edible portion,1720,Automated calculation,,415,Automated calculation,,34.9,-,1032,13.6,-,1032,15.7,-,1032,3,-,1032,80,-,1032,tr.,-,1032,tr.,-,1032,0,Estimation,1003,0,Estimation,1003,25.2,-,1032,3.9,Automated calculation,,0,Estimation,1003,34.4,-,1032,0,Automated calculation,,0,Automated calculation,,tr.,-,1003,n.d.,,,n.d.,,,0.42,-,1032,0.15,-,1032,0.34,-,1032,1.7,-,1032,6.9,-,1032,n.d.,,,0.9,-,1032,7,-,1032,1.1,-,1032,tr.,-,1032,400,-,1032,1540,-,1032,2520,-,1032,16,-,1032,15,-,1032,150,-,1032,2.2,-,1032,n.d.,,,4,-,1032,12,-,1032,Nein
1687,,,"Saltimbocca, pan fried in rapeseed oil HOLL",,Meat and offal/Veal,,per 100g edible portion,962,Automated calculation,,230,Automated calculation,,12.1,Calculation on the basis of ingredients,,2.1,Calculation on the basis of ingredients,,7.6,Calculation on the basis of ingredients,,1.3,Calculation on the basis of ingredients,,85,Calculation on the basis of ingredients,,0.1,Calculation on the basis of ingredients,,0.1,Calculation on the basis of ingredients,,0,Calculation on the basis of ingredients,,0,Calculation on the basis of ingredients,,30.2,Calculation on the basis of ingredients,,1.7,Automated calculation,,0,Calculation on the basis of ingredients,,57.6,Automated calculation,,11,Automated calculation,,8,Automated calculation,,6,Calculation on the basis of ingredients,,29,Calculation on the basis of ingredients,,26,Calculation on the basis of ingredients,,0.21,Calculation on the basis of ingredients,,0.29,Calculation on the basis of ingredients,,0.29,Calculation on the basis of ingredients,,0.85,Calculation on the basis of ingredients,,9.53,Calculation on the basis of ingredients,,12.4,Calculation on the basis of ingredients,,1.19,Calculation on the basis of ingredients,,1,Calculation on the basis of ingredients,,0.1,Calculation on the basis of ingredients,,0.67,Calculation on the basis of ingredients,,340,Calculation on the basis of ingredients,,670,Calculation on the basis of ingredients,,1130,Calculation on the basis of ingredients,,9.1,Calculation on the basis of ingredients,,30,Calculation on the basis of ingredients,,250,Calculation on the basis of ingredients,,3,Calculation on the basis of ingredients,,0.2,Calculation on the basis of ingredients,,3.1,Calculation on the basis of ingredients,,n.d.,,,Ja
10562,,,"Samosa, deep-fried",,Prepared dishes/Asian dishes,,per 100g edible portion,1540,Automated calculation,,369,Automated calculation,,23.5,Calculation on the basis of ingredients,,4.8,Calculation on the basis of ingredients,,12.5,Calculation on the basis of ingredients,,4.5,Calculation on the basis of ingredients,,0,Calculation on the basis of ingredients,,31.3,Calculation on the basis of ingredients,,2.4,Calculation on the basis of ingredients,,28.5,Calculation on the basis of ingredients,,3.4,Calculation on the basis of ingredients,,6.3,Calculation on the basis of ingredients,,0.8,Automated calculation,,0,Calculation on the basis of ingredients,,35.9,Automated calculation,,153,Automated calculation,,137,Automated calculation,,121,Calculation on the basis of ingredients,,190,Calculation on the basis of ingredients,,180,Calculation on the basis of ingredients,,0.19,Calculation on the basis of ingredients,,0.06,Calculation on the basis of ingredients,,0.14,Calculation on the basis of ingredients,,0.02,Calculation on the basis of ingredients,,1.14,Calculation on the basis of ingredients,,21.3,Calculation on the basis of ingredients,,0.38,Calculation on the basis of ingredients,,8.8,Calculation on the basis of ingredients,,0.8,Calculation on the basis of ingredients,,4.36,Calculation on the basis of ingredients,,240,Calculation on the basis of ingredients,,340,Calculation on the basis of ingredients,,540,Calculation on the basis of ingredients,,17,Calculation on the basis of ingredients,,26,Calculation on the basis of ingredients,,92,Calculation on the basis of ingredients,,1.1,Calculation on the basis of ingredients,,3,Calculation on the basis of ingredients,,0.7,Calculation on the basis of ingredients,,n.d.,,,Ja
1551,,,Sandwich (baguette bread) with cold cuts,,Prepared dishes/Sandwiches,,per 100g edible portion,666,Automated calculation,,159,Automated calculation,,7.2,Calculation on the basis of ingredients,,2,Calculation on the basis of ingredients,,2.7,Calculation on the basis of ingredients,,2.1,Calculation on the basis of ingredients,,14,Calculation on the basis of ingredients,,17.3,Calculation on the basis of ingredients,,2.1,Calculation on the basis of ingredients,,15.1,Calculation on the basis of ingredients,,1.5,Calculation on the basis of ingredients,,5.4,Calculation on the basis of ingredients,,0.8,Automated calculation,,0,Calculation on the basis of ingredients,,68.7,Automated calculation,,36,Automated calculation,,19,Automated calculation,,1,Calculation on the basis of ingredients,,214,Calculation on the basis of ingredients,,198,Calculation on the basis of ingredients,,0.1,Calculation on the basis of ingredients,,0.05,Calculation on the basis of ingredients,,0.09,Calculation on the basis of ingredients,,0.16,Calculation on the basis of ingredients,,0.82,Calculation on the basis of ingredients,,14.7,Calculation on the basis of ingredients,,0.27,Calculation on the basis of ingredients,,10.7,Calculation on the basis of ingredients,,0.1,Calculation on the basis of ingredients,,1.92,Calculation on the basis of ingredients,,150,Calculation on the basis of ingredients,,330,Calculation on the basis of ingredients,,510,Calculation on the basis of ingredients,,15,Calculation on the basis of ingredients,,13,Calculation on the basis of ingredients,,62,Calculation on the basis of ingredients,,0.6,Calculation on the basis of ingredients,,1.9,Calculation on the basis of ingredients,,0.5,Calculation on the basis of ingredients,,n.d.,,,Nein
1553,,,Sandwich (baguette bread) with dried meat,,Prepared dishes/Sandwiches,,per 100g edible portion,593,Automated calculation,,141,Automated calculation,,3.9,Calculation on the basis of ingredients,,0.7,Calculation on the basis of ingredients,,1.1,Calculation on the basis of ingredients,,1.8,Calculation on the basis of ingredients,,14,Calculation on the basis of ingredients,,18.4,Calculation on the basis of ingredients,,2.1,Calculation on the basis of ingredients,,16.1,Calculation on the basis of ingredients,,1.7,Calculation on the basis of ingredients,,7.2,Calculation on the basis of ingredients,,1.2,Automated calculation,,0,Calculation on the basis of ingredients,,69,Automated calculation,,33,Automated calculation,,17,Automated calculation,,1,Calculation on the basis of ingredients,,194,Calculation on the basis of ingredients,,187,Calculation on the basis of ingredients,,0.07,Calculation on the basis of ingredients,,0.05,Calculation on the basis of ingredients,,0.13,Calculation on the basis of ingredients,,0.17,Calculation on the basis of ingredients,,1.4,Calculation on the basis of ingredients,,14.3,Calculation on the basis of ingredients,,0.3,Calculation on the basis of ingredients,,6.6,Calculation on the basis of ingredients,,0,Calculation on the basis of ingredients,,2.01,Calculation on the basis of ingredients,,200,Calculation on the basis of ingredients,,500,Calculation on the basis of ingredients,,610,Calculation on the basis of ingredients,,15,Calculation on the basis of ingredients,,16,Calculation on the basis of ingredients,,73,Calculation on the basis of ingredients,,1,Calculation on the basis of ingredients,,1.3,Calculation on the basis of ingredients,,1,Calculation on the basis of ingredients,,n.d.,,,Nein
1557,,,Sandwich (baguette bread) with ham,,Prepared dishes/Sandwiches,,per 100g edible portion,551,Automated calculation,,131,Automated calculation,,3.7,Calculation on the basis of ingredients,,0.6,Calculation on the basis of ingredients,,1.1,Calculation on the basis of ingredients,,1.7,Calculation on the basis of ingredients,,12,Calculation on the basis of ingredients,,17.4,Calculation on the basis of ingredients,,2.1,Calculation on the basis of ingredients,,15.1,Calculation on the basis of ingredients,,1.6,Calculation on the basis of ingredients,,6.3,Calculation on the basis of ingredients,,1.2,Automated calculation,,0,Calculation on the basis of ingredients,,71.3,Automated calculation,,31,Automated calculation,,16,Automated calculation,,1,Calculation on the basis of ingredients,,182,Calculation on the basis of ingredients,,176,Calculation on the basis of ingredients,,0.15,Calculation on the basis of ingredients,,0.06,Calculation on the basis of ingredients,,0.13,Calculation on the basis of ingredients,,0.02,Calculation on the basis of ingredients,,1.31,Calculation on the basis of ingredients,,13.8,Calculation on the basis of ingredients,,0.28,Calculation on the basis of ingredients,,15.2,Calculation on the basis of ingredients,,0,Calculation on the basis of ingredients,,1.91,Calculation on the basis of ingredients,,190,Calculation on the basis of ingredients,,460,Calculation on the basis of ingredients,,520,Calculation on the basis of ingredients,,16,Calculation on the basis of ingredients,,15,Calculation on the basis of ingredients,,88,Calculation on the basis of ingredients,,0.7,Calculation on the basis of ingredients,,1.8,Calculation on the basis of ingredients,,0.6,Calculation on the basis of ingredients,,n.d.,,,Nein
1505,,,Sandwich (baguette bread) with luncheon meat,,Prepared dishes/Sandwiches,,per 100g edible portion,922,Automated calculation,,220,Automated calculation,,9.4,Calculation on the basis of ingredients,,2.2,Calculation on the basis of ingredients,,3.3,Calculation on the basis of ingredients,,3.2,Calculation on the basis of ingredients,,87,Calculation on the basis of ingredients,,25.1,Calculation on the basis of ingredients,,1.1,Calculation on the basis of ingredients,,23.7,Calculation on the basis of ingredients,,1.6,Calculation on the basis of ingredients,,7.9,Calculation on the basis of ingredients,,1.2,Automated calculation,,0,Calculation on the basis of ingredients,,56.3,Automated calculation,,39,Automated calculation,,31,Automated calculation,,24,Calculation on the basis of ingredients,,90,Calculation on the basis of ingredients,,84,Calculation on the basis of ingredients,,0.11,Calculation on the basis of ingredients,,0.08,Calculation on the basis of ingredients,,0.09,Calculation on the basis of ingredients,,0.26,Calculation on the basis of ingredients,,0.79,Calculation on the basis of ingredients,,19,Calculation on the basis of ingredients,,0.54,Calculation on the basis of ingredients,,8.9,Calculation on the basis of ingredients,,0.6,Calculation on the basis of ingredients,,2.83,Calculation on the basis of ingredients,,140,Calculation on the basis of ingredients,,460,Calculation on the basis of ingredients,,680,Calculation on the basis of ingredients,,18,Calculation on the basis of ingredients,,15,Calculation on the basis of ingredients,,99,Calculation on the basis of ingredients,,0.9,Calculation on the basis of ingredients,,6.1,Calculation on the basis of ingredients,,0.8,Calculation on the basis of ingredients,,n.d.,,,Nein
1561,,,Sandwich (baguette bread) with mozzarella,,Prepared dishes/Sandwiches,,per 100g edible portion,685,Automated calculation,,163,Automated calculation,,6.2,Calculation on the basis of ingredients,,1.9,Calculation on the basis of ingredients,,1.7,Calculation on the basis of ingredients,,2.2,Calculation on the basis of ingredients,,12,Calculation on the basis of ingredients,,20.1,Calculation on the basis of ingredients,,1.4,Calculation on the basis of ingredients,,18.5,Calculation on the basis of ingredients,,1.7,Calculation on the basis of ingredients,,5.9,Calculation on the basis of ingredients,,1,Automated calculation,,0,Calculation on the basis of ingredients,,66.4,Automated calculation,,60,Automated calculation,,40,Automated calculation,,21,Calculation on the basis of ingredients,,237,Calculation on the basis of ingredients,,229,Calculation on the basis of ingredients,,0.06,Calculation on the basis of ingredients,,0.06,Calculation on the basis of ingredients,,0.07,Calculation on the basis of ingredients,,0.18,Calculation on the basis of ingredients,,0.48,Calculation on the basis of ingredients,,17,Calculation on the basis of ingredients,,0.21,Calculation on the basis of ingredients,,6.5,Calculation on the basis of ingredients,,0.1,Calculation on the basis of ingredients,,2.32,Calculation on the basis of ingredients,,140,Calculation on the basis of ingredients,,410,Calculation on the basis of ingredients,,490,Calculation on the basis of ingredients,,50,Calculation on the basis of ingredients,,14,Calculation on the basis of ingredients,,80,Calculation on the basis of ingredients,,0.7,Calculation on the basis of ingredients,,1.8,Calculation on the basis of ingredients,,0.7,Calculation on the basis of ingredients,,n.d.,,,Nein
1549,,,Sandwich (baguette bread) with raw ham,,Prepared dishes/Sandwiches,,per 100g edible portion,692,Automated calculation,,165,Automated calculation,,5.7,Calculation on the basis of ingredients,,1.3,Calculation on the basis of ingredients,,1.9,Calculation on the basis of ingredients,,2.1,Calculation on the basis of ingredients,,19,Calculation on the basis of ingredients,,18.7,Calculation on the basis of ingredients,,1.3,Calculation on the basis of ingredients,,17.2,Calculation on the basis of ingredients,,1.5,Calculation on the basis of ingredients,,8.8,Calculation on the basis of ingredients,,1.4,Automated calculation,,0,Calculation on the basis of ingredients,,65.5,Automated calculation,,41,Automated calculation,,21,Automated calculation,,1,Calculation on the basis of ingredients,,242,Calculation on the basis of ingredients,,224,Calculation on the basis of ingredients,,0.22,Calculation on the basis of ingredients,,0.07,Calculation on the basis of ingredients,,0.14,Calculation on the basis of ingredients,,0.09,Calculation on the basis of ingredients,,1.89,Calculation on the basis of ingredients,,15.6,Calculation on the basis of ingredients,,0.48,Calculation on the basis of ingredients,,7.5,Calculation on the basis of ingredients,,0.1,Calculation on the basis of ingredients,,2.16,Calculation on the basis of ingredients,,230,Calculation on the basis of ingredients,,540,Calculation on the basis of ingredients,,870,Calculation on the basis of ingredients,,14,Calculation on the basis of ingredients,,17,Calculation on the basis of ingredients,,88,Calculation on the basis of ingredients,,1,Calculation on the basis of ingredients,,1.7,Calculation on the basis of ingredients,,0.8,Calculation on the basis of ingredients,,n.d.,,,Nein
1555,,,Sandwich (baguette bread) with salami,,Prepared dishes/Sandwiches,,per 100g edible portion,662,Automated calculation,,158,Automated calculation,,6.5,Calculation on the basis of ingredients,,1.6,Calculation on the basis of ingredients,,2.2,Calculation on the basis of ingredients,,2.1,Calculation on the basis of ingredients,,14,Calculation on the basis of ingredients,,18.4,Calculation on the basis of ingredients,,2.1,Calculation on the basis of ingredients,,16.1,Calculation on the basis of ingredients,,1.7,Calculation on the basis of ingredients,,5.8,Calculation on the basis of ingredients,,1.2,Automated calculation,,0,Calculation on the basis of ingredients,,68,Automated calculation,,33,Automated calculation,,17,Automated calculation,,0,Calculation on the basis of ingredients,,195,Calculation on the basis of ingredients,,188,Calculation on the basis of ingredients,,0.11,Calculation on the basis of ingredients,,0.05,Calculation on the basis of ingredients,,0.1,Calculation on the basis of ingredients,,0.14,Calculation on the basis of ingredients,,1.12,Calculation on the basis of ingredients,,14.6,Calculation on the basis of ingredients,,0.29,Calculation on the basis of ingredients,,8.3,Calculation on the basis of ingredients,,0.2,Calculation on the basis of ingredients,,2.01,Calculation on the basis of ingredients,,170,Calculation on the basis of ingredients,,490,Calculation on the basis of ingredients,,600,Calculation on the basis of ingredients,,15,Calculation on the basis of ingredients,,14,Calculation on the basis of ingredients,,60,Calculation on the basis of ingredients,,0.7,Calculation on the basis of ingredients,,1.4,Calculation on the basis of ingredients,,0.6,Calculation on the basis of ingredients,,n.d.,,,Ja
1559,,,Sandwich (baguette bread) with semi hard cheese,,Prepared dishes/Sandwiches,,per 100g edible portion,749,Automated calculation,,179,Automated calculation,,7.6,Calculation on the basis of ingredients,,2.8,Calculation on the basis of ingredients,,1.9,Calculation on the basis of ingredients,,2.3,Calculation on the basis of ingredients,,17,Calculation on the basis of ingredients,,20,Calculation on the basis of ingredients,,1.3,Calculation on the basis of ingredients,,18.5,Calculation on the basis of ingredients,,1.7,Calculation on the basis of ingredients,,6.7,Calculation on the basis of ingredients,,1.1,Automated calculation,,0,Calculation on the basis of ingredients,,64.2,Automated calculation,,74,Automated calculation,,54,Automated calculation,,34,Calculation on the basis of ingredients,,242,Calculation on the basis of ingredients,,234,Calculation on the basis of ingredients,,0.06,Calculation on the basis of ingredients,,0.07,Calculation on the basis of ingredients,,0.08,Calculation on the basis of ingredients,,0.19,Calculation on the basis of ingredients,,0.45,Calculation on the basis of ingredients,,16.7,Calculation on the basis of ingredients,,0.24,Calculation on the basis of ingredients,,6.5,Calculation on the basis of ingredients,,0.1,Calculation on the basis of ingredients,,2.33,Calculation on the basis of ingredients,,150,Calculation on the basis of ingredients,,440,Calculation on the basis of ingredients,,480,Calculation on the basis of ingredients,,110,Calculation on the basis of ingredients,,16,Calculation on the basis of ingredients,,110,Calculation on the basis of ingredients,,0.7,Calculation on the basis of ingredients,,3,Calculation on the basis of ingredients,,0.8,Calculation on the basis of ingredients,,n.d.,,,Ja
1521,,,Sandwich (baguette bread) with soft cheese,,Prepared dishes/Sandwiches,,per 100g edible portion,766,Automated calculation,,183,Automated calculation,,7.6,Calculation on the basis of ingredients,,2.6,Calculation on the basis of ingredients,,1.9,Calculation on the basis of ingredients,,2.4,Calculation on the basis of ingredients,,17,Calculation on the basis of ingredients,,21.4,Calculation on the basis of ingredients,,1.2,Calculation on the basis of ingredients,,19.9,Calculation on the basis of ingredients,,1.7,Calculation on the basis of ingredients,,6.3,Calculation on the basis of ingredients,,1.3,Automated calculation,,0,Calculation on the basis of ingredients,,63.3,Automated calculation,,62,Automated calculation,,44,Automated calculation,,26,Calculation on the basis of ingredients,,216,Calculation on the basis of ingredients,,210,Calculation on the basis of ingredients,,0.07,Calculation on the basis of ingredients,,0.08,Calculation on the basis of ingredients,,0.08,Calculation on the basis of ingredients,,0.2,Calculation on the basis of ingredients,,0.5,Calculation on the basis of ingredients,,20.9,Calculation on the basis of ingredients,,0.26,Calculation on the basis of ingredients,,5.4,Calculation on the basis of ingredients,,0.1,Calculation on the basis of ingredients,,2.46,Calculation on the basis of ingredients,,140,Calculation on the basis of ingredients,,520,Calculation on the basis of ingredients,,580,Calculation on the basis of ingredients,,66,Calculation on the basis of ingredients,,15,Calculation on the basis of ingredients,,81,Calculation on the basis of ingredients,,0.7,Calculation on the basis of ingredients,,3.3,Calculation on the basis of ingredients,,0.7,Calculation on the basis of ingredients,,n.d.,,,Nein
1552,,,Sandwich (brown bread) with cold cuts,,Prepared dishes/Sandwiches,,per 100g edible portion,639,Automated calculation,,153,Automated calculation,,7.3,Calculation on the basis of ingredients,,2,Calculation on the basis of ingredients,,2.7,Calculation on the basis of ingredients,,2.1,Calculation on the basis of ingredients,,14,Calculation on the basis of ingredients,,15.3,Calculation on the basis of ingredients,,2.1,Calculation on the basis of ingredients,,13.1,Calculation on the basis of ingredients,,1.9,Calculation on the basis of ingredients,,5.6,Calculation on the basis of ingredients,,0.8,Automated calculation,,0,Calculation on the basis of ingredients,,70.2,Automated calculation,,36,Automated calculation,,19,Automated calculation,,1,Calculation on the basis of ingredients,,214,Calculation on the basis of ingredients,,198,Calculation on the basis of ingredients,,0.13,Calculation on the basis of ingredients,,0.06,Calculation on the basis of ingredients,,0.09,Calculation on the basis of ingredients,,0.16,Calculation on the basis of ingredients,,0.96,Calculation on the basis of ingredients,,18.3,Calculation on the basis of ingredients,,0.3,Calculation on the basis of ingredients,,10.7,Calculation on the basis of ingredients,,0.1,Calculation on the basis of ingredients,,1.94,Calculation on the basis of ingredients,,160,Calculation on the basis of ingredients,,330,Calculation on the basis of ingredients,,490,Calculation on the basis of ingredients,,18,Calculation on the basis of ingredients,,18,Calculation on the basis of ingredients,,83,Calculation on the basis of ingredients,,0.8,Calculation on the basis of ingredients,,2,Calculation on the basis of ingredients,,0.7,Calculation on the basis of ingredients,,n.d.,,,Nein
1554,,,Sandwich (brown bread) with dried meat,,Prepared dishes/Sandwiches,,per 100g edible portion,565,Automated calculation,,134,Automated calculation,,4,Calculation on the basis of ingredients,,0.7,Calculation on the basis of ingredients,,1.1,Calculation on the basis of ingredients,,1.9,Calculation on the basis of ingredients,,14,Calculation on the basis of ingredients,,16.2,Calculation on the basis of ingredients,,2.1,Calculation on the basis of ingredients,,14,Calculation on the basis of ingredients,,2,Calculation on the basis of ingredients,,7.4,Calculation on the basis of ingredients,,1.2,Automated calculation,,0,Calculation on the basis of ingredients,,70.6,Automated calculation,,33,Automated calculation,,17,Automated calculation,,1,Calculation on the basis of ingredients,,194,Calculation on the basis of ingredients,,187,Calculation on the basis of ingredients,,0.1,Calculation on the basis of ingredients,,0.07,Calculation on the basis of ingredients,,0.12,Calculation on the basis of ingredients,,0.17,Calculation on the basis of ingredients,,1.55,Calculation on the basis of ingredients,,18.1,Calculation on the basis of ingredients,,0.33,Calculation on the basis of ingredients,,6.6,Calculation on the basis of ingredients,,0,Calculation on the basis of ingredients,,2.03,Calculation on the basis of ingredients,,200,Calculation on the basis of ingredients,,490,Calculation on the basis of ingredients,,590,Calculation on the basis of ingredients,,18,Calculation on the basis of ingredients,,21,Calculation on the basis of ingredients,,95,Calculation on the basis of ingredients,,1.2,Calculation on the basis of ingredients,,1.5,Calculation on the basis of ingredients,,1.2,Calculation on the basis of ingredients,,n.d.,,,Nein
1558,,,Sandwich (brown bread) with ham,,Prepared dishes/Sandwiches,,per 100g edible portion,524,Automated calculation,,125,Automated calculation,,3.8,Calculation on the basis of ingredients,,0.6,Calculation on the basis of ingredients,,1.1,Calculation on the basis of ingredients,,1.8,Calculation on the basis of ingredients,,12,Calculation on the basis of ingredients,,15.3,Calculation on the basis of ingredients,,2.1,Calculation on the basis of ingredients,,13.1,Calculation on the basis of ingredients,,1.9,Calculation on the basis of ingredients,,6.5,Calculation on the basis of ingredients,,1.1,Automated calculation,,0,Calculation on the basis of ingredients,,72.8,Automated calculation,,31,Automated calculation,,16,Automated calculation,,1,Calculation on the basis of ingredients,,182,Calculation on the basis of ingredients,,176,Calculation on the basis of ingredients,,0.18,Calculation on the basis of ingredients,,0.07,Calculation on the basis of ingredients,,0.12,Calculation on the basis of ingredients,,0.02,Calculation on the basis of ingredients,,1.45,Calculation on the basis of ingredients,,17.3,Calculation on the basis of ingredients,,0.3,Calculation on the basis of ingredients,,15.2,Calculation on the basis of ingredients,,0,Calculation on the basis of ingredients,,1.94,Calculation on the basis of ingredients,,200,Calculation on the basis of ingredients,,450,Calculation on the basis of ingredients,,510,Calculation on the basis of ingredients,,19,Calculation on the basis of ingredients,,20,Calculation on the basis of ingredients,,110,Calculation on the basis of ingredients,,0.9,Calculation on the basis of ingredients,,1.9,Calculation on the basis of ingredients,,0.8,Calculation on the basis of ingredients,,n.d.,,,Nein
1506,,,Sandwich (brown bread) with luncheon meat,,Prepared dishes/Sandwiches,,per 100g edible portion,880,Automated calculation,,210,Automated calculation,,9.5,Calculation on the basis of ingredients,,2.2,Calculation on the basis of ingredients,,3.3,Calculation on the basis of ingredients,,3.3,Calculation on the basis of ingredients,,87,Calculation on the basis of ingredients,,21.9,Calculation on the basis of ingredients,,1.1,Calculation on the basis of ingredients,,20.6,Calculation on the basis of ingredients,,2.2,Calculation on the basis of ingredients,,8.1,Calculation on the basis of ingredients,,1.1,Automated calculation,,0,Calculation on the basis of ingredients,,58.7,Automated calculation,,39,Automated calculation,,31,Automated calculation,,24,Calculation on the basis of ingredients,,90,Calculation on the basis of ingredients,,84,Calculation on the basis of ingredients,,0.16,Calculation on the basis of ingredients,,0.1,Calculation on the basis of ingredients,,0.09,Calculation on the basis of ingredients,,0.26,Calculation on the basis of ingredients,,1.02,Calculation on the basis of ingredients,,24.6,Calculation on the basis of ingredients,,0.58,Calculation on the basis of ingredients,,8.9,Calculation on the basis of ingredients,,0.6,Calculation on the basis of ingredients,,2.87,Calculation on the basis of ingredients,,150,Calculation on the basis of ingredients,,450,Calculation on the basis of ingredients,,660,Calculation on the basis of ingredients,,23,Calculation on the basis of ingredients,,23,Calculation on the basis of ingredients,,130,Calculation on the basis of ingredients,,1.1,Calculation on the basis of ingredients,,6.2,Calculation on the basis of ingredients,,1.1,Calculation on the basis of ingredients,,n.d.,,,Nein
1562,,,Sandwich (brown bread) with mozzarella,,Prepared dishes/Sandwiches,,per 100g edible portion,653,Automated calculation,,156,Automated calculation,,6.3,Calculation on the basis of ingredients,,1.9,Calculation on the basis of ingredients,,1.8,Calculation on the basis of ingredients,,2.2,Calculation on the basis of ingredients,,12,Calculation on the basis of ingredients,,17.6,Calculation on the basis of ingredients,,1.4,Calculation on the basis of ingredients,,16,Calculation on the basis of ingredients,,2.1,Calculation on the basis of ingredients,,6.1,Calculation on the basis of ingredients,,1,Automated calculation,,0,Calculation on the basis of ingredients,,68.2,Automated calculation,,60,Automated calculation,,40,Automated calculation,,21,Calculation on the basis of ingredients,,237,Calculation on the basis of ingredients,,229,Calculation on the basis of ingredients,,0.11,Calculation on the basis of ingredients,,0.08,Calculation on the basis of ingredients,,0.07,Calculation on the basis of ingredients,,0.18,Calculation on the basis of ingredients,,0.65,Calculation on the basis of ingredients,,21.4,Calculation on the basis of ingredients,,0.24,Calculation on the basis of ingredients,,6.5,Calculation on the basis of ingredients,,0.1,Calculation on the basis of ingredients,,2.35,Calculation on the basis of ingredients,,150,Calculation on the basis of ingredients,,400,Calculation on the basis of ingredients,,480,Calculation on the basis of ingredients,,54,Calculation on the basis of ingredients,,20,Calculation on the basis of ingredients,,110,Calculation on the basis of ingredients,,0.9,Calculation on the basis of ingredients,,1.9,Calculation on the basis of ingredients,,0.9,Calculation on the basis of ingredients,,n.d.,,,Nein
1550,,,Sandwich (brown bread) with raw ham,,Prepared dishes/Sandwiches,,per 100g edible portion,662,Automated calculation,,158,Automated calculation,,5.8,Calculation on the basis of ingredients,,1.3,Calculation on the basis of ingredients,,1.9,Calculation on the basis of ingredients,,2.1,Calculation on the basis of ingredients,,19,Calculation on the basis of ingredients,,16.3,Calculation on the basis of ingredients,,1.3,Calculation on the basis of ingredients,,14.9,Calculation on the basis of ingredients,,1.9,Calculation on the basis of ingredients,,9,Calculation on the basis of ingredients,,1.3,Automated calculation,,0,Calculation on the basis of ingredients,,67.2,Automated calculation,,41,Automated calculation,,21,Automated calculation,,1,Calculation on the basis of ingredients,,242,Calculation on the basis of ingredients,,224,Calculation on the basis of ingredients,,0.26,Calculation on the basis of ingredients,,0.08,Calculation on the basis of ingredients,,0.13,Calculation on the basis of ingredients,,0.09,Calculation on the basis of ingredients,,2.06,Calculation on the basis of ingredients,,19.6,Calculation on the basis of ingredients,,0.5,Calculation on the basis of ingredients,,7.5,Calculation on the basis of ingredients,,0.1,Calculation on the basis of ingredients,,2.19,Calculation on the basis of ingredients,,240,Calculation on the basis of ingredients,,540,Calculation on the basis of ingredients,,860,Calculation on the basis of ingredients,,17,Calculation on the basis of ingredients,,22,Calculation on the basis of ingredients,,110,Calculation on the basis of ingredients,,1.2,Calculation on the basis of ingredients,,1.8,Calculation on the basis of ingredients,,1,Calculation on the basis of ingredients,,n.d.,,,Nein
1556,,,Sandwich (brown bread) with salami,,Prepared dishes/Sandwiches,,per 100g edible portion,634,Automated calculation,,151,Automated calculation,,6.5,Calculation on the basis of ingredients,,1.6,Calculation on the basis of ingredients,,2.2,Calculation on the basis of ingredients,,2.1,Calculation on the basis of ingredients,,14,Calculation on the basis of ingredients,,16.2,Calculation on the basis of ingredients,,2.1,Calculation on the basis of ingredients,,14,Calculation on the basis of ingredients,,2,Calculation on the basis of ingredients,,5.9,Calculation on the basis of ingredients,,1.2,Automated calculation,,0,Calculation on the basis of ingredients,,69.6,Automated calculation,,33,Automated calculation,,17,Automated calculation,,0,Calculation on the basis of ingredients,,195,Calculation on the basis of ingredients,,188,Calculation on the basis of ingredients,,0.15,Calculation on the basis of ingredients,,0.06,Calculation on the basis of ingredients,,0.1,Calculation on the basis of ingredients,,0.13,Calculation on the basis of ingredients,,1.27,Calculation on the basis of ingredients,,18.3,Calculation on the basis of ingredients,,0.31,Calculation on the basis of ingredients,,8.3,Calculation on the basis of ingredients,,0.2,Calculation on the basis of ingredients,,2.03,Calculation on the basis of ingredients,,180,Calculation on the basis of ingredients,,480,Calculation on the basis of ingredients,,590,Calculation on the basis of ingredients,,18,Calculation on the basis of ingredients,,19,Calculation on the basis of ingredients,,83,Calculation on the basis of ingredients,,0.9,Calculation on the basis of ingredients,,1.5,Calculation on the basis of ingredients,,0.8,Calculation on the basis of ingredients,,n.d.,,,Ja
1560,,,Sandwich (brown bread) with semi hard cheese,,Prepared dishes/Sandwiches,,per 100g edible portion,716,Automated calculation,,171,Automated calculation,,7.7,Calculation on the basis of ingredients,,2.8,Calculation on the basis of ingredients,,1.9,Calculation on the basis of ingredients,,2.3,Calculation on the basis of ingredients,,17,Calculation on the basis of ingredients,,17.5,Calculation on the basis of ingredients,,1.3,Calculation on the basis of ingredients,,16,Calculation on the basis of ingredients,,2.1,Calculation on the basis of ingredients,,6.9,Calculation on the basis of ingredients,,1.1,Automated calculation,,0,Calculation on the basis of ingredients,,66.1,Automated calculation,,74,Automated calculation,,54,Automated calculation,,34,Calculation on the basis of ingredients,,242,Calculation on the basis of ingredients,,234,Calculation on the basis of ingredients,,0.1,Calculation on the basis of ingredients,,0.09,Calculation on the basis of ingredients,,0.07,Calculation on the basis of ingredients,,0.19,Calculation on the basis of ingredients,,0.63,Calculation on the basis of ingredients,,21,Calculation on the basis of ingredients,,0.26,Calculation on the basis of ingredients,,6.5,Calculation on the basis of ingredients,,0.1,Calculation on the basis of ingredients,,2.36,Calculation on the basis of ingredients,,150,Calculation on the basis of ingredients,,430,Calculation on the basis of ingredients,,470,Calculation on the basis of ingredients,,120,Calculation on the basis of ingredients,,22,Calculation on the basis of ingredients,,130,Calculation on the basis of ingredients,,0.9,Calculation on the basis of ingredients,,3.1,Calculation on the basis of ingredients,,1.1,Calculation on the basis of ingredients,,n.d.,,,Nein
1520,,,Sandwich (brown bread) with soft cheese,,Prepared dishes/Sandwiches,,per 100g edible portion,731,Automated calculation,,174,Automated calculation,,7.7,Calculation on the basis of ingredients,,2.6,Calculation on the basis of ingredients,,1.9,Calculation on the basis of ingredients,,2.5,Calculation on the basis of ingredients,,17,Calculation on the basis of ingredients,,18.6,Calculation on the basis of ingredients,,1.2,Calculation on the basis of ingredients,,17.3,Calculation on the basis of ingredients,,2.2,Calculation on the basis of ingredients,,6.5,Calculation on the basis of ingredients,,1.3,Automated calculation,,0,Calculation on the basis of ingredients,,65.2,Automated calculation,,62,Automated calculation,,44,Automated calculation,,26,Calculation on the basis of ingredients,,216,Calculation on the basis of ingredients,,210,Calculation on the basis of ingredients,,0.11,Calculation on the basis of ingredients,,0.1,Calculation on the basis of ingredients,,0.07,Calculation on the basis of ingredients,,0.2,Calculation on the basis of ingredients,,0.69,Calculation on the basis of ingredients,,25.5,Calculation on the basis of ingredients,,0.29,Calculation on the basis of ingredients,,5.4,Calculation on the basis of ingredients,,0.1,Calculation on the basis of ingredients,,2.49,Calculation on the basis of ingredients,,150,Calculation on the basis of ingredients,,510,Calculation on the basis of ingredients,,560,Calculation on the basis of ingredients,,70,Calculation on the basis of ingredients,,22,Calculation on the basis of ingredients,,110,Calculation on the basis of ingredients,,1,Calculation on the basis of ingredients,,3.4,Calculation on the basis of ingredients,,0.9,Calculation on the basis of ingredients,,n.d.,,,Nein
780,4759,1001430,Saucisson sausage,,Sausages and cold meats/Raw sausage products,,per 100g edible portion,1930,Automated calculation,,467,Automated calculation,,44.2,Calculation on the basis of ingredients,,16.1,Calculation on the basis of ingredients,,20.5,Calculation on the basis of ingredients,,4.8,Calculation on the basis of ingredients,,71,Calculation on the basis of ingredients,,0.5,Calculation on the basis of ingredients,,0.5,Calculation on the basis of ingredients,,0,Calculation on the basis of ingredients,,0,Calculation on the basis of ingredients,,16.7,Calculation on the basis of ingredients,,2.5,Automated calculation,,0.1,Calculation on the basis of ingredients,,38.6,Automated calculation,,7,Automated calculation,,7,Automated calculation,,7,Calculation on the basis of ingredients,,0,Calculation on the basis of ingredients,,0,Calculation on the basis of ingredients,,0.72,Calculation on the basis of ingredients,,0.2,Calculation on the basis of ingredients,,0.39,Calculation on the basis of ingredients,,1.72,Calculation on the basis of ingredients,,4.27,Calculation on the basis of ingredients,,2.2,Calculation on the basis of ingredients,,0.57,Calculation on the basis of ingredients,,59.2,Calculation on the basis of ingredients,,0,Calculation on the basis of ingredients,,0.61,Calculation on the basis of ingredients,,190,Calculation on the basis of ingredients,,1000,Calculation on the basis of ingredients,,1470,Calculation on the basis of ingredients,,2.4,Calculation on the basis of ingredients,,21,Calculation on the basis of ingredients,,79,Calculation on the basis of ingredients,,1,Calculation on the basis of ingredients,,1.1,Calculation on the basis of ingredients,,1.8,Calculation on the basis of ingredients,,n.d.,,,Ja
13341,,,"Saucisson sausage, cooked (without addition of fat and salt)",,Sausages and cold meats/Raw sausage products,,per 100g edible portion,2320,Automated calculation,,562,Automated calculation,,53.2,Calculation on the basis of ingredients,,19.4,Calculation on the basis of ingredients,,24.7,Calculation on the basis of ingredients,,5.8,Calculation on the basis of ingredients,,85,Calculation on the basis of ingredients,,0.6,Calculation on the basis of ingredients,,0.6,Calculation on the basis of ingredients,,0,Calculation on the basis of ingredients,,0,Calculation on the basis of ingredients,,20.1,Calculation on the basis of ingredients,,2.6,Automated calculation,,0.1,Calculation on the basis of ingredients,,26,Automated calculation,,9,Automated calculation,,9,Automated calculation,,9,Calculation on the basis of ingredients,,0,Calculation on the basis of ingredients,,0,Calculation on the basis of ingredients,,0.65,Calculation on the basis of ingredients,,0.23,Calculation on the basis of ingredients,,0.35,Calculation on the basis of ingredients,,1.45,Calculation on the basis of ingredients,,3.86,Calculation on the basis of ingredients,,1.7,Calculation on the basis of ingredients,,0.51,Calculation on the basis of ingredients,,50,Calculation on the basis of ingredients,,0,Calculation on the basis of ingredients,,0.66,Calculation on the basis of ingredients,,190,Calculation on the basis of ingredients,,1020,Calculation on the basis of ingredients,,1770,Calculation on the basis of ingredients,,2.5,Calculation on the basis of ingredients,,26,Calculation on the basis of ingredients,,95,Calculation on the basis of ingredients,,1.1,Calculation on the basis of ingredients,,1.3,Calculation on the basis of ingredients,,2.1,Calculation on the basis of ingredients,,n.d.,,,Ja
647,4412,1001199,"Sauerkraut, pickled",,Vegetables/Cooked vegetables (incl. cans),,per 100g edible portion,80,Automated calculation,,19,Automated calculation,,0.3,-,43,0.1,-,43,0,-,43,0.2,-,43,0,-,43,1.7,-,43,tr.,-,22,tr.,-,22,2.2,-,43,1.3,-,43,1.4,Automated calculation,,0,-,43,91.4,-,43,2,Automated calculation,,1,Automated calculation,,0,Estimation,51,11,Estimation,51,8,-,156,0.03,-,43,0.05,-,43,0.17,-,43,0,-,43,0.2,-,43,12,-,43,0.2,-,43,17,-,43,0,-,43,0.1,-,43,220,-,43,550,-,43,1160,-,9,36,-,43,11,-,43,30,-,43,0.5,-,43,3.1,-,9,0.3,-,9,n.d.,,,Nein
1568,,,"Sausage salad, prepared",,Prepared dishes/Salads,,per 100g edible portion,925,Automated calculation,,224,Automated calculation,,21,Calculation on the basis of ingredients,,5.3,Calculation on the basis of ingredients,,12.5,Calculation on the basis of ingredients,,1.6,Calculation on the basis of ingredients,,26,Calculation on the basis of ingredients,,1.3,Calculation on the basis of ingredients,,1.2,Calculation on the basis of ingredients,,0.1,Calculation on the basis of ingredients,,0.4,Calculation on the basis of ingredients,,7.1,Calculation on the basis of ingredients,,1.6,Automated calculation,,0,Calculation on the basis of ingredients,,70.1,Automated calculation,,14,Automated calculation,,7,Automated calculation,,1,Calculation on the basis of ingredients,,76,Calculation on the basis of ingredients,,73,Calculation on the basis of ingredients,,0.18,Calculation on the basis of ingredients,,0.07,Calculation on the basis of ingredients,,0.06,Calculation on the basis of ingredients,,0.36,Calculation on the basis of ingredients,,1.63,Calculation on the basis of ingredients,,3.7,Calculation on the basis of ingredients,,0.21,Calculation on the basis of ingredients,,21.7,Calculation on the basis of ingredients,,0.4,Calculation on the basis of ingredients,,3.19,Calculation on the basis of ingredients,,140,Calculation on the basis of ingredients,,650,Calculation on the basis of ingredients,,660,Calculation on the basis of ingredients,,13,Calculation on the basis of ingredients,,11,Calculation on the basis of ingredients,,110,Calculation on the basis of ingredients,,0.8,Calculation on the basis of ingredients,,0.9,Calculation on the basis of ingredients,,0.9,Calculation on the basis of ingredients,,n.d.,,,Nein
1088,4307,,Sausage Vaudois,,Sausages and cold meats/Raw sausage products,,per 100g edible portion,1480,Automated calculation,,358,Automated calculation,,32.3,-,1032,12,-,1032,14.8,-,1032,2.9,-,1032,71,-,1032,0.2,-,1032,0.2,-,1032,0,Estimation,1003,0,Estimation,1003,16.5,-,1032,2.1,Automated calculation,,0,Estimation,1003,47.9,-,1032,0,Automated calculation,,0,Automated calculation,,tr.,-,1003,n.d.,,,n.d.,,,0.45,-,1032,0.12,-,1032,0.21,-,1032,0.7,-,1032,4.7,-,1032,n.d.,,,0.9,-,1032,19.5,-,1032,tr.,-,1032,tr.,-,1032,260,-,1032,830,-,1032,1280,-,1032,14,-,1032,17,-,1032,170,-,1032,0.7,-,1032,n.d.,,,1.8,-,1032,9.4,-,1032,Nein
1080,4270,,"Sausage, veal",,Sausages and cold meats/Boiled sausage products,,per 100g edible portion,943,Automated calculation,,228,Automated calculation,,19.2,-,1032,7.9,-,1032,9.7,-,1032,1.9,-,1032,53,-,1032,1.2,-,1032,1.2,-,1011,0,Estimation,1003,0,Estimation,1003,12.5,-,1032,1.9,Automated calculation,,0,Estimation,1003,63.4,-,1032,0,Automated calculation,,0,Automated calculation,,0,-,1003,n.d.,,,n.d.,,,0.14,-,1032,0.11,-,1032,0.13,-,1032,0.8,-,1032,2.4,-,1032,n.d.,,,0.3,-,1032,5.7,-,1032,0.8,-,1032,tr.,-,1032,150,-,1032,760,-,1032,1020,-,1032,20,-,1032,12,-,1032,180,-,1032,0.5,-,1032,n.d.,,,1.5,-,1032,5.1,-,1032,Nein
1543,,,"Savoury cheese quiche, baked (with cake dough)",,"Prepared dishes/Cakes, pies and gratins",,per 100g edible portion,1270,Automated calculation,,306,Automated calculation,,20.9,Calculation on the basis of ingredients,,11.7,Calculation on the basis of ingredients,,5.1,Calculation on the basis of ingredients,,1.4,Calculation on the basis of ingredients,,143,Calculation on the basis of ingredients,,14.5,Calculation on the basis of ingredients,,1.2,Calculation on the basis of ingredients,,13.1,Calculation on the basis of ingredients,,0.6,Calculation on the basis of ingredients,,14.6,Calculation on the basis of ingredients,,0.9,Automated calculation,,0,Calculation on the basis of ingredients,,49.4,Automated calculation,,222,Automated calculation,,212,Automated calculation,,203,Calculation on the basis of ingredients,,115,Calculation on the basis of ingredients,,110,Calculation on the basis of ingredients,,0.05,Calculation on the basis of ingredients,,0.23,Calculation on the basis of ingredients,,0.08,Calculation on the basis of ingredients,,0.76,Calculation on the basis of ingredients,,0.25,Calculation on the basis of ingredients,,10.2,Calculation on the basis of ingredients,,0.58,Calculation on the basis of ingredients,,0.2,Calculation on the basis of ingredients,,0.9,Calculation on the basis of ingredients,,0.41,Calculation on the basis of ingredients,,130,Calculation on the basis of ingredients,,370,Calculation on the basis of ingredients,,570,Calculation on the basis of ingredients,,360,Calculation on the basis of ingredients,,23,Calculation on the basis of ingredients,,300,Calculation on the basis of ingredients,,0.8,Calculation on the basis of ingredients,,13,Calculation on the basis of ingredients,,2.1,Calculation on the basis of ingredients,,n.d.,,,Nein
1544,,,"Savoury cheese quiche, baked (with puff pastry)",,"Prepared dishes/Cakes, pies and gratins",,per 100g edible portion,1260,Automated calculation,,302,Automated calculation,,22,Calculation on the basis of ingredients,,12.4,Calculation on the basis of ingredients,,5.4,Calculation on the basis of ingredients,,1.4,Calculation on the basis of ingredients,,146,Calculation on the basis of ingredients,,11.7,Calculation on the basis of ingredients,,1.2,Calculation on the basis of ingredients,,10.3,Calculation on the basis of ingredients,,0.5,Calculation on the basis of ingredients,,14.1,Calculation on the basis of ingredients,,0.9,Automated calculation,,0,Calculation on the basis of ingredients,,51.7,Automated calculation,,234,Automated calculation,,224,Automated calculation,,214,Calculation on the basis of ingredients,,120,Calculation on the basis of ingredients,,115,Calculation on the basis of ingredients,,0.05,Calculation on the basis of ingredients,,0.23,Calculation on the basis of ingredients,,0.07,Calculation on the basis of ingredients,,0.76,Calculation on the basis of ingredients,,0.22,Calculation on the basis of ingredients,,9.9,Calculation on the basis of ingredients,,0.57,Calculation on the basis of ingredients,,0.2,Calculation on the basis of ingredients,,0.9,Calculation on the basis of ingredients,,0.42,Calculation on the basis of ingredients,,120,Calculation on the basis of ingredients,,370,Calculation on the basis of ingredients,,570,Calculation on the basis of ingredients,,360,Calculation on the basis of ingredients,,21,Calculation on the basis of ingredients,,290,Calculation on the basis of ingredients,,0.7,Calculation on the basis of ingredients,,13,Calculation on the basis of ingredients,,2,Calculation on the basis of ingredients,,n.d.,,,Ja
454,4416,1000935,"Savoy cabbage, raw",,Vegetables/Fresh vegetables,,per 100g edible portion,129,Automated calculation,,31,Automated calculation,,0.3,-,36,0,-,22,0,-,22,0.2,-,22,0,-,22,2.9,-,36,2.8,-,22,0.1,-,22,2.6,-,36,2.8,-,36,0,Automated calculation,,0,-,22,90,-,36,8,Automated calculation,,4,Automated calculation,,0,Estimation,51,50,Estimation,51,50,-,89,0.06,-,36,0.06,-,36,0.16,-,36,0,-,22,0.33,-,36,90,-,36,0.21,-,36,49,-,36,0,-,22,2.5,-,36,240,-,36,8.7,-,36,28,-,36,64,-,36,12,-,36,56,-,36,0.6,-,36,2.6,-,36,0.3,-,36,n.d.,,,Nein
1030,4670,,"Savoy cabbage, steamed (without addition of salt)",,Vegetables/Cooked vegetables (incl. cans),,per 100g edible portion,131,Automated calculation,,31,Automated calculation,,0.3,Calculation on the basis of ingredients,,0,Calculation on the basis of ingredients,,0,Calculation on the basis of ingredients,,0.2,Calculation on the basis of ingredients,,0,Calculation on the basis of ingredients,,2.9,Calculation on the basis of ingredients,,2.8,Calculation on the basis of ingredients,,0.1,Calculation on the basis of ingredients,,2.6,Calculation on the basis of ingredients,,2.8,Calculation on the basis of ingredients,,0,Automated calculation,,0,Calculation on the basis of ingredients,,91.3,Automated calculation,,8,Automated calculation,,4,Automated calculation,,0,Calculation on the basis of ingredients,,51,Calculation on the basis of ingredients,,45,Calculation on the basis of ingredients,,0.05,Calculation on the basis of ingredients,,0.06,Calculation on the basis of ingredients,,0.13,Calculation on the basis of ingredients,,0,Calculation on the basis of ingredients,,0.27,Calculation on the basis of ingredients,,54.6,Calculation on the basis of ingredients,,0.18,Calculation on the basis of ingredients,,27.2,Calculation on the basis of ingredients,,0,Calculation on the basis of ingredients,,2.53,Calculation on the basis of ingredients,,200,Calculation on the basis of ingredients,,7.5,Calculation on the basis of ingredients,,27,Calculation on the basis of ingredients,,61,Calculation on the basis of ingredients,,11,Calculation on the basis of ingredients,,54,Calculation on the basis of ingredients,,0.4,Calculation on the basis of ingredients,,2.5,Calculation on the basis of ingredients,,0.2,Calculation on the basis of ingredients,,n.d.,,,Ja
552,3896,1001073,Sbrinz,,Milk and dairy products/Hard cheese,,per 100g edible portion,1720,Automated calculation,,415,Automated calculation,,33.2,-,177,19.9,-,177,7.8,-,177,1.5,-,177,100,-,177,0,Estimation,1408,0,Estimation,1408,0,-,22,0,-,22,28,Estimation,1662,1.8,Automated calculation,,0,-,22,31.9,-,177,298,Automated calculation,,288,Automated calculation,,278,Estimation,,118,Estimation,,118,Estimation,,0.01,-,177,0.39,-,177;1659,0.1,-,177,2.07,-,177;1659,0.2,-,177,8,-,177,0.44,-,177;1659,tr.,-,22,0.6,-,177;1659,0.35,-,177,96,-,177,710,-,177,1090,-,177,1030,-,177,38,-,177,660,-,177,0.3,-,177,40,-,35,4.3,-,177,n.d.,,,Nein
507,4735,1001009,Schabziger (Swiss green cheese),,Milk and dairy products/Fresh cheese and curds,,per 100g edible portion,559,Automated calculation,,132,Automated calculation,,0.5,-,186,0.3,-,186,0.1,-,186,0,-,186,2,-,186,tr.,-,186,tr.,-,1408,0,-,186,0,-,22,31.6,Estimation,1662,4.3,Automated calculation,,0,-,22,58.3,-,186,3,Automated calculation,,3,Automated calculation,,3,Estimation,51,1,Estimation,51,1,Estimation,51,0.01,-,186,0.28,-,186,0.05,-,186,tr.,-,22,tr.,-,22,tr.,-,22,tr.,-,22,tr.,-,22,tr.,-,22,tr.,-,22,140,-,186,1740,-,186,tr.,-,22,860,-,186,34,-,186,560,-,186,0.2,-,186,tr.,-,22,3.9,-,186,n.d.,,,Nein
1685,,,Schnitzel bread with cocktail sauce,,Prepared dishes/Sandwiches,,per 100g edible portion,1110,Automated calculation,,266,Automated calculation,,11.4,Calculation on the basis of ingredients,,1.1,Calculation on the basis of ingredients,,6.7,Calculation on the basis of ingredients,,2.6,Calculation on the basis of ingredients,,45,Calculation on the basis of ingredients,,25.1,Calculation on the basis of ingredients,,0.5,Calculation on the basis of ingredients,,24.4,Calculation on the basis of ingredients,,1.3,Calculation on the basis of ingredients,,15.1,Calculation on the basis of ingredients,,1.3,Automated calculation,,0,Calculation on the basis of ingredients,,47.5,Automated calculation,,18,Automated calculation,,14,Automated calculation,,10,Calculation on the basis of ingredients,,47,Calculation on the basis of ingredients,,45,Calculation on the basis of ingredients,,0.08,Calculation on the basis of ingredients,,0.14,Calculation on the basis of ingredients,,0.14,Calculation on the basis of ingredients,,0.43,Calculation on the basis of ingredients,,4.01,Calculation on the basis of ingredients,,17.4,Calculation on the basis of ingredients,,0.6,Calculation on the basis of ingredients,,0.6,Calculation on the basis of ingredients,,0.1,Calculation on the basis of ingredients,,2.78,Calculation on the basis of ingredients,,190,Calculation on the basis of ingredients,,520,Calculation on the basis of ingredients,,790,Calculation on the basis of ingredients,,9.5,Calculation on the basis of ingredients,,19,Calculation on the basis of ingredients,,130,Calculation on the basis of ingredients,,1.5,Calculation on the basis of ingredients,,0.8,Calculation on the basis of ingredients,,1.4,Calculation on the basis of ingredients,,n.d.,,,Ja
1686,,,Schnitzel bread with tartare sauce,,Prepared dishes/Sandwiches,,per 100g edible portion,1030,Automated calculation,,246,Automated calculation,,10.3,Calculation on the basis of ingredients,,1.1,Calculation on the basis of ingredients,,6,Calculation on the basis of ingredients,,2.4,Calculation on the basis of ingredients,,54,Calculation on the basis of ingredients,,23.2,Calculation on the basis of ingredients,,0.4,Calculation on the basis of ingredients,,22.5,Calculation on the basis of ingredients,,1.3,Calculation on the basis of ingredients,,14.3,Calculation on the basis of ingredients,,1.2,Automated calculation,,0,Calculation on the basis of ingredients,,51.2,Automated calculation,,23,Automated calculation,,18,Automated calculation,,13,Calculation on the basis of ingredients,,61,Calculation on the basis of ingredients,,58,Calculation on the basis of ingredients,,0.07,Calculation on the basis of ingredients,,0.14,Calculation on the basis of ingredients,,0.14,Calculation on the basis of ingredients,,0.42,Calculation on the basis of ingredients,,3.72,Calculation on the basis of ingredients,,18.8,Calculation on the basis of ingredients,,0.61,Calculation on the basis of ingredients,,1.7,Calculation on the basis of ingredients,,0.1,Calculation on the basis of ingredients,,2.44,Calculation on the basis of ingredients,,180,Calculation on the basis of ingredients,,480,Calculation on the basis of ingredients,,710,Calculation on the basis of ingredients,,12,Calculation on the basis of ingredients,,18,Calculation on the basis of ingredients,,130,Calculation on the basis of ingredients,,1.4,Calculation on the basis of ingredients,,1.8,Calculation on the basis of ingredients,,1.4,Calculation on the basis of ingredients,,n.d.,,,Ja
791,4764,1001445,Schützenwurst sausage,,Sausages and cold meats/Boiled sausage products,,per 100g edible portion,1260,Automated calculation,,306,Automated calculation,,29.5,Calculation on the basis of ingredients,,10.9,Calculation on the basis of ingredients,,13.9,Calculation on the basis of ingredients,,3,Calculation on the basis of ingredients,,46,Calculation on the basis of ingredients,,0.2,Calculation on the basis of ingredients,,0.2,Calculation on the basis of ingredients,,0,Calculation on the basis of ingredients,,0,Calculation on the basis of ingredients,,9.9,Calculation on the basis of ingredients,,2.1,Automated calculation,,0,Calculation on the basis of ingredients,,60.3,Automated calculation,,5,Automated calculation,,5,Automated calculation,,5,Calculation on the basis of ingredients,,3,Calculation on the basis of ingredients,,2,Calculation on the basis of ingredients,,0.1,Calculation on the basis of ingredients,,0.1,Calculation on the basis of ingredients,,0.06,Calculation on the basis of ingredients,,0.8,Calculation on the basis of ingredients,,1.78,Calculation on the basis of ingredients,,1.4,Calculation on the basis of ingredients,,0.19,Calculation on the basis of ingredients,,52.2,Calculation on the basis of ingredients,,0,Calculation on the basis of ingredients,,0.31,Calculation on the basis of ingredients,,82,Calculation on the basis of ingredients,,850,Calculation on the basis of ingredients,,1280,Calculation on the basis of ingredients,,5.5,Calculation on the basis of ingredients,,7.4,Calculation on the basis of ingredients,,140,Calculation on the basis of ingredients,,0.9,Calculation on the basis of ingredients,,0.6,Calculation on the basis of ingredients,,1.4,Calculation on the basis of ingredients,,n.d.,,,Ja
1602,,,"Scrambled eggs, prepared",,Prepared dishes/Other savoury dishes,,per 100g edible portion,621,Automated calculation,,149,Automated calculation,,11.2,Calculation on the basis of ingredients,,3.7,Calculation on the basis of ingredients,,3.8,Calculation on the basis of ingredients,,1.7,Calculation on the basis of ingredients,,394,Calculation on the basis of ingredients,,1.3,Calculation on the basis of ingredients,,1.3,Calculation on the basis of ingredients,,0,Calculation on the basis of ingredients,,0,Calculation on the basis of ingredients,,10.8,Calculation on the basis of ingredients,,0.8,Automated calculation,,0,Calculation on the basis of ingredients,,76.6,Automated calculation,,154,Automated calculation,,152,Automated calculation,,150,Calculation on the basis of ingredients,,22,Calculation on the basis of ingredients,,11,Calculation on the basis of ingredients,,0.07,Calculation on the basis of ingredients,,0.26,Calculation on the basis of ingredients,,0.08,Calculation on the basis of ingredients,,1.14,Calculation on the basis of ingredients,,0.07,Calculation on the basis of ingredients,,40.4,Calculation on the basis of ingredients,,1.61,Calculation on the basis of ingredients,,0.1,Calculation on the basis of ingredients,,2.4,Calculation on the basis of ingredients,,0.3,Calculation on the basis of ingredients,,140,Calculation on the basis of ingredients,,320,Calculation on the basis of ingredients,,460,Calculation on the basis of ingredients,,73,Calculation on the basis of ingredients,,9.6,Calculation on the basis of ingredients,,200,Calculation on the basis of ingredients,,1.6,Calculation on the basis of ingredients,,30,Calculation on the basis of ingredients,,1.3,Calculation on the basis of ingredients,,n.d.,,,Nein
1605,,,"Scrambled eggs with cheese, prepared",,Prepared dishes/Other savoury dishes,,per 100g edible portion,657,Automated calculation,,158,Automated calculation,,11.9,Calculation on the basis of ingredients,,4.2,Calculation on the basis of ingredients,,3.9,Calculation on the basis of ingredients,,1.6,Calculation on the basis of ingredients,,385,Calculation on the basis of ingredients,,1.3,Calculation on the basis of ingredients,,1.3,Calculation on the basis of ingredients,,0,Calculation on the basis of ingredients,,0,Calculation on the basis of ingredients,,11.5,Calculation on the basis of ingredients,,0.8,Automated calculation,,0,Calculation on the basis of ingredients,,75.3,Automated calculation,,159,Automated calculation,,157,Automated calculation,,155,Calculation on the basis of ingredients,,25,Calculation on the basis of ingredients,,14,Calculation on the basis of ingredients,,0.07,Calculation on the basis of ingredients,,0.26,Calculation on the basis of ingredients,,0.08,Calculation on the basis of ingredients,,1.16,Calculation on the basis of ingredients,,0.07,Calculation on the basis of ingredients,,39.6,Calculation on the basis of ingredients,,1.58,Calculation on the basis of ingredients,,0.1,Calculation on the basis of ingredients,,2.3,Calculation on the basis of ingredients,,0.31,Calculation on the basis of ingredients,,140,Calculation on the basis of ingredients,,330,Calculation on the basis of ingredients,,490,Calculation on the basis of ingredients,,110,Calculation on the basis of ingredients,,11,Calculation on the basis of ingredients,,220,Calculation on the basis of ingredients,,1.5,Calculation on the basis of ingredients,,30,Calculation on the basis of ingredients,,1.4,Calculation on the basis of ingredients,,n.d.,,,Nein
1606,,,"Scrambled eggs with ham, prepared",,Prepared dishes/Other savoury dishes,,per 100g edible portion,608,Automated calculation,,146,Automated calculation,,10,Calculation on the basis of ingredients,,3.3,Calculation on the basis of ingredients,,3.5,Calculation on the basis of ingredients,,1.5,Calculation on the basis of ingredients,,346,Calculation on the basis of ingredients,,1.3,Calculation on the basis of ingredients,,1.3,Calculation on the basis of ingredients,,0,Calculation on the basis of ingredients,,0,Calculation on the basis of ingredients,,12.6,Calculation on the basis of ingredients,,1,Automated calculation,,0,Calculation on the basis of ingredients,,76.1,Automated calculation,,133,Automated calculation,,131,Automated calculation,,130,Calculation on the basis of ingredients,,19,Calculation on the basis of ingredients,,9,Calculation on the basis of ingredients,,0.13,Calculation on the basis of ingredients,,0.25,Calculation on the basis of ingredients,,0.11,Calculation on the basis of ingredients,,0.98,Calculation on the basis of ingredients,,0.87,Calculation on the basis of ingredients,,35,Calculation on the basis of ingredients,,1.48,Calculation on the basis of ingredients,,9,Calculation on the basis of ingredients,,2,Calculation on the basis of ingredients,,0.29,Calculation on the basis of ingredients,,180,Calculation on the basis of ingredients,,410,Calculation on the basis of ingredients,,600,Calculation on the basis of ingredients,,65,Calculation on the basis of ingredients,,12,Calculation on the basis of ingredients,,220,Calculation on the basis of ingredients,,1.4,Calculation on the basis of ingredients,,26,Calculation on the basis of ingredients,,1.5,Calculation on the basis of ingredients,,n.d.,,,Nein
1604,,,"Scrambled eggs with mushrooms, prepared",,Prepared dishes/Other savoury dishes,,per 100g edible portion,536,Automated calculation,,129,Automated calculation,,9.3,Calculation on the basis of ingredients,,3.1,Calculation on the basis of ingredients,,3.2,Calculation on the basis of ingredients,,1.4,Calculation on the basis of ingredients,,326,Calculation on the basis of ingredients,,1.5,Calculation on the basis of ingredients,,1.4,Calculation on the basis of ingredients,,0,Calculation on the basis of ingredients,,0.4,Calculation on the basis of ingredients,,9.6,Calculation on the basis of ingredients,,0.7,Automated calculation,,0,Calculation on the basis of ingredients,,79.4,Automated calculation,,127,Automated calculation,,126,Automated calculation,,124,Calculation on the basis of ingredients,,20,Calculation on the basis of ingredients,,11,Calculation on the basis of ingredients,,0.08,Calculation on the basis of ingredients,,0.28,Calculation on the basis of ingredients,,0.08,Calculation on the basis of ingredients,,0.94,Calculation on the basis of ingredients,,0.67,Calculation on the basis of ingredients,,36.9,Calculation on the basis of ingredients,,1.64,Calculation on the basis of ingredients,,0.6,Calculation on the basis of ingredients,,2.3,Calculation on the basis of ingredients,,0.27,Calculation on the basis of ingredients,,180,Calculation on the basis of ingredients,,260,Calculation on the basis of ingredients,,390,Calculation on the basis of ingredients,,62,Calculation on the basis of ingredients,,10,Calculation on the basis of ingredients,,180,Calculation on the basis of ingredients,,1.4,Calculation on the basis of ingredients,,27,Calculation on the basis of ingredients,,1.2,Calculation on the basis of ingredients,,n.d.,,,Nein
1603,,,"Scrambled egg with herbs, prepared",,Prepared dishes/Other savoury dishes,,per 100g edible portion,592,Automated calculation,,142,Automated calculation,,10.4,Calculation on the basis of ingredients,,3.4,Calculation on the basis of ingredients,,3.5,Calculation on the basis of ingredients,,1.5,Calculation on the basis of ingredients,,362,Calculation on the basis of ingredients,,1.8,Calculation on the basis of ingredients,,1.6,Calculation on the basis of ingredients,,0.2,Calculation on the basis of ingredients,,0.4,Calculation on the basis of ingredients,,10.3,Calculation on the basis of ingredients,,0.7,Automated calculation,,0,Calculation on the basis of ingredients,,77.1,Automated calculation,,209,Automated calculation,,174,Automated calculation,,138,Calculation on the basis of ingredients,,428,Calculation on the basis of ingredients,,418,Calculation on the basis of ingredients,,0.08,Calculation on the basis of ingredients,,0.27,Calculation on the basis of ingredients,,0.09,Calculation on the basis of ingredients,,1.05,Calculation on the basis of ingredients,,0.18,Calculation on the basis of ingredients,,48.8,Calculation on the basis of ingredients,,1.51,Calculation on the basis of ingredients,,16.2,Calculation on the basis of ingredients,,2.2,Calculation on the basis of ingredients,,0.59,Calculation on the basis of ingredients,,200,Calculation on the basis of ingredients,,300,Calculation on the basis of ingredients,,440,Calculation on the basis of ingredients,,86,Calculation on the basis of ingredients,,12,Calculation on the basis of ingredients,,190,Calculation on the basis of ingredients,,1.9,Calculation on the basis of ingredients,,28,Calculation on the basis of ingredients,,1.3,Calculation on the basis of ingredients,,n.d.,,,Nein
1170,4157,,"Seeds, kernels, nuts (average), unsalted",,"Nuts, seeds and oleaginous fruit",,per 100g edible portion,2520,Automated calculation,,608,Automated calculation,,50.6,Calculation on the basis of ingredients,,9.4,Calculation on the basis of ingredients,,20.5,Calculation on the basis of ingredients,,19.5,Calculation on the basis of ingredients,,0,Calculation on the basis of ingredients,,11.2,Calculation on the basis of ingredients,,3.5,Calculation on the basis of ingredients,,4,Calculation on the basis of ingredients,,9.5,Calculation on the basis of ingredients,,22.2,Calculation on the basis of ingredients,,0,Automated calculation,,0,Calculation on the basis of ingredients,,9.8,Automated calculation,,6,Automated calculation,,3,Automated calculation,,0,Calculation on the basis of ingredients,,37,Calculation on the basis of ingredients,,37,Calculation on the basis of ingredients,,0.68,Calculation on the basis of ingredients,,0.18,Calculation on the basis of ingredients,,0.38,Calculation on the basis of ingredients,,0.01,Calculation on the basis of ingredients,,3.31,Calculation on the basis of ingredients,,85.2,Calculation on the basis of ingredients,,0.83,Calculation on the basis of ingredients,,1.3,Calculation on the basis of ingredients,,0,Calculation on the basis of ingredients,,18.18,Calculation on the basis of ingredients,,620,Calculation on the basis of ingredients,,8.6,Calculation on the basis of ingredients,,55,Calculation on the basis of ingredients,,170,Calculation on the basis of ingredients,,260,Calculation on the basis of ingredients,,510,Calculation on the basis of ingredients,,5.4,Calculation on the basis of ingredients,,5.8,Calculation on the basis of ingredients,,5,Calculation on the basis of ingredients,,n.d.,,,Nein
833,4111,1001502,Semi-white bread,,"Bread, flakes and breakfast cereals/Bread and bread products",,per 100g edible portion,1020,Automated calculation,,240,Automated calculation,,1.1,Calculation on the basis of ingredients,,0.1,Calculation on the basis of ingredients,,0.1,Calculation on the basis of ingredients,,0.5,Calculation on the basis of ingredients,,0,Calculation on the basis of ingredients,,46.4,Calculation on the basis of ingredients,,0.4,Calculation on the basis of ingredients,,45.6,Calculation on the basis of ingredients,,3.7,Calculation on the basis of ingredients,,9.4,Calculation on the basis of ingredients,,1.7,Automated calculation,,0,Calculation on the basis of ingredients,,40.2,Automated calculation,,0,Automated calculation,,0,Automated calculation,,0,Calculation on the basis of ingredients,,0,Calculation on the basis of ingredients,,0,Calculation on the basis of ingredients,,0.15,Calculation on the basis of ingredients,,0.07,Calculation on the basis of ingredients,,0.19,Calculation on the basis of ingredients,,tr.,Calculation on the basis of ingredients,,0.79,Calculation on the basis of ingredients,,21,Calculation on the basis of ingredients,,0.38,Calculation on the basis of ingredients,,tr.,Calculation on the basis of ingredients,,0,Calculation on the basis of ingredients,,0.28,Calculation on the basis of ingredients,,150,Calculation on the basis of ingredients,,680,Calculation on the basis of ingredients,,1050,Calculation on the basis of ingredients,,16,Calculation on the basis of ingredients,,38,Calculation on the basis of ingredients,,130,Calculation on the basis of ingredients,,1.8,Calculation on the basis of ingredients,,1.1,Calculation on the basis of ingredients,,1.3,Calculation on the basis of ingredients,,n.d.,,,Nein
1463,,,"Semmeli (bread roll, white)",,"Bread, flakes and breakfast cereals/Bread and bread products",,per 100g edible portion,1110,Automated calculation,,262,Automated calculation,,0.8,Calculation on the basis of ingredients,,0.2,Calculation on the basis of ingredients,,0.1,Calculation on the basis of ingredients,,0.5,Calculation on the basis of ingredients,,0,Calculation on the basis of ingredients,,53.4,Calculation on the basis of ingredients,,1,Calculation on the basis of ingredients,,51.4,Calculation on the basis of ingredients,,2.6,Calculation on the basis of ingredients,,8.9,Calculation on the basis of ingredients,,1.6,Automated calculation,,0,Calculation on the basis of ingredients,,35,Automated calculation,,0,Automated calculation,,0,Automated calculation,,0,Calculation on the basis of ingredients,,0,Calculation on the basis of ingredients,,0,Calculation on the basis of ingredients,,0.11,Calculation on the basis of ingredients,,0.04,Calculation on the basis of ingredients,,0.06,Calculation on the basis of ingredients,,0.02,Calculation on the basis of ingredients,,0.73,Calculation on the basis of ingredients,,12.2,Calculation on the basis of ingredients,,0.23,Calculation on the basis of ingredients,,0,Calculation on the basis of ingredients,,0,Calculation on the basis of ingredients,,0.14,Calculation on the basis of ingredients,,150,Calculation on the basis of ingredients,,660,Calculation on the basis of ingredients,,1020,Calculation on the basis of ingredients,,7.6,Calculation on the basis of ingredients,,13,Calculation on the basis of ingredients,,60,Calculation on the basis of ingredients,,0.5,Calculation on the basis of ingredients,,0.9,Calculation on the basis of ingredients,,0.5,Calculation on the basis of ingredients,,1.7,Calculation on the basis of ingredients,,Nein
1510,,,"Semolina pudding, prepared (with full fat milk, without addition of sugar)",,Sweets/Creams and puddings;Prepared dishes/Muesli and pudding,,per 100g edible portion,400,Automated calculation,,95,Automated calculation,,3,Calculation on the basis of ingredients,,1.8,Calculation on the basis of ingredients,,0.7,Calculation on the basis of ingredients,,0.2,Calculation on the basis of ingredients,,12,Calculation on the basis of ingredients,,12.1,Calculation on the basis of ingredients,,4.9,Calculation on the basis of ingredients,,7.3,Calculation on the basis of ingredients,,0.3,Calculation on the basis of ingredients,,4.6,Calculation on the basis of ingredients,,0.2,Automated calculation,,0,Calculation on the basis of ingredients,,79.9,Automated calculation,,36,Automated calculation,,34,Automated calculation,,33,Calculation on the basis of ingredients,,15,Calculation on the basis of ingredients,,15,Calculation on the basis of ingredients,,0.02,Calculation on the basis of ingredients,,0.19,Calculation on the basis of ingredients,,0.03,Calculation on the basis of ingredients,,0.15,Calculation on the basis of ingredients,,0.3,Calculation on the basis of ingredients,,7.3,Calculation on the basis of ingredients,,0.36,Calculation on the basis of ingredients,,0.4,Calculation on the basis of ingredients,,0.1,Calculation on the basis of ingredients,,0.1,Calculation on the basis of ingredients,,170,Calculation on the basis of ingredients,,73,Calculation on the basis of ingredients,,160,Calculation on the basis of ingredients,,130,Calculation on the basis of ingredients,,13,Calculation on the basis of ingredients,,110,Calculation on the basis of ingredients,,0.1,Calculation on the basis of ingredients,,11,Calculation on the basis of ingredients,,0.6,Calculation on the basis of ingredients,,n.d.,,,Nein
1509,,,"Semolina pudding, prepared (with partially skimmed milk, without addition of sugar)",,Sweets/Creams and puddings;Prepared dishes/Muesli and pudding,,per 100g edible portion,400,Automated calculation,,95,Automated calculation,,3,Calculation on the basis of ingredients,,1.8,Calculation on the basis of ingredients,,0.7,Calculation on the basis of ingredients,,0.2,Calculation on the basis of ingredients,,12,Calculation on the basis of ingredients,,12.1,Calculation on the basis of ingredients,,4.9,Calculation on the basis of ingredients,,7.3,Calculation on the basis of ingredients,,0.3,Calculation on the basis of ingredients,,4.6,Calculation on the basis of ingredients,,0.2,Automated calculation,,0,Calculation on the basis of ingredients,,79.9,Automated calculation,,36,Automated calculation,,34,Automated calculation,,33,Calculation on the basis of ingredients,,15,Calculation on the basis of ingredients,,15,Calculation on the basis of ingredients,,0.02,Calculation on the basis of ingredients,,0.19,Calculation on the basis of ingredients,,0.03,Calculation on the basis of ingredients,,0.15,Calculation on the basis of ingredients,,0.3,Calculation on the basis of ingredients,,7.3,Calculation on the basis of ingredients,,0.36,Calculation on the basis of ingredients,,0.4,Calculation on the basis of ingredients,,0.1,Calculation on the basis of ingredients,,0.1,Calculation on the basis of ingredients,,170,Calculation on the basis of ingredients,,73,Calculation on the basis of ingredients,,160,Calculation on the basis of ingredients,,130,Calculation on the basis of ingredients,,13,Calculation on the basis of ingredients,,110,Calculation on the basis of ingredients,,0.1,Calculation on the basis of ingredients,,11,Calculation on the basis of ingredients,,0.6,Calculation on the basis of ingredients,,n.d.,,,Nein
1508,,,"Semolina slice, prepared (with full fat milk)",,Prepared dishes/Other savoury dishes,,per 100g edible portion,651,Automated calculation,,155,Automated calculation,,7.5,Calculation on the basis of ingredients,,4,Calculation on the basis of ingredients,,1.9,Calculation on the basis of ingredients,,0.6,Calculation on the basis of ingredients,,76,Calculation on the basis of ingredients,,15.6,Calculation on the basis of ingredients,,4,Calculation on the basis of ingredients,,11.6,Calculation on the basis of ingredients,,0.6,Calculation on the basis of ingredients,,6,Calculation on the basis of ingredients,,0.3,Automated calculation,,0,Calculation on the basis of ingredients,,70.4,Automated calculation,,78,Automated calculation,,76,Automated calculation,,75,Calculation on the basis of ingredients,,23,Calculation on the basis of ingredients,,23,Calculation on the basis of ingredients,,0.03,Calculation on the basis of ingredients,,0.21,Calculation on the basis of ingredients,,0.04,Calculation on the basis of ingredients,,0.26,Calculation on the basis of ingredients,,0.4,Calculation on the basis of ingredients,,15.8,Calculation on the basis of ingredients,,0.52,Calculation on the basis of ingredients,,0.6,Calculation on the basis of ingredients,,0.4,Calculation on the basis of ingredients,,0.21,Calculation on the basis of ingredients,,160,Calculation on the basis of ingredients,,100,Calculation on the basis of ingredients,,190,Calculation on the basis of ingredients,,110,Calculation on the basis of ingredients,,14,Calculation on the basis of ingredients,,120,Calculation on the basis of ingredients,,0.4,Calculation on the basis of ingredients,,12,Calculation on the basis of ingredients,,0.8,Calculation on the basis of ingredients,,n.d.,,,Nein
1507,,,"Semolina slice, prepared (with partially skimmed milk)",,Prepared dishes/Other savoury dishes,,per 100g edible portion,612,Automated calculation,,146,Automated calculation,,6.5,Calculation on the basis of ingredients,,3.3,Calculation on the basis of ingredients,,1.7,Calculation on the basis of ingredients,,0.5,Calculation on the basis of ingredients,,72,Calculation on the basis of ingredients,,15.6,Calculation on the basis of ingredients,,4,Calculation on the basis of ingredients,,11.6,Calculation on the basis of ingredients,,0.6,Calculation on the basis of ingredients,,6.1,Calculation on the basis of ingredients,,0.3,Automated calculation,,0,Calculation on the basis of ingredients,,71.4,Automated calculation,,68,Automated calculation,,66,Automated calculation,,65,Calculation on the basis of ingredients,,20,Calculation on the basis of ingredients,,19,Calculation on the basis of ingredients,,0.03,Calculation on the basis of ingredients,,0.18,Calculation on the basis of ingredients,,0.04,Calculation on the basis of ingredients,,0.25,Calculation on the basis of ingredients,,0.4,Calculation on the basis of ingredients,,15.8,Calculation on the basis of ingredients,,0.53,Calculation on the basis of ingredients,,0.3,Calculation on the basis of ingredients,,0.4,Calculation on the basis of ingredients,,0.18,Calculation on the basis of ingredients,,160,Calculation on the basis of ingredients,,100,Calculation on the basis of ingredients,,190,Calculation on the basis of ingredients,,110,Calculation on the basis of ingredients,,14,Calculation on the basis of ingredients,,120,Calculation on the basis of ingredients,,0.4,Calculation on the basis of ingredients,,13,Calculation on the basis of ingredients,,0.8,Calculation on the basis of ingredients,,n.d.,,,Nein
280,4212,841014,Sesame seeds whole,,"Nuts, seeds and oleaginous fruit",,per 100g edible portion,2490,Automated calculation,,602,Automated calculation,,49.8,-,79,9.2,-,79,22.6,-,79,18,-,79,0,-,156,11.7,Estimation,1002,0.4,-,43,0.8,-,79,11.8,-,1002,20.9,Estimation,1662,0,Automated calculation,,0,Estimation,51,4.7,-,79,1,Automated calculation,,1,Automated calculation,,0,Estimation,51,6,-,145,6,Estimation,1698,0.69,-,156,0.09,-,156,0.4,-,156,0,-,156,5.8,-,156,115,-,156,0.29,-,156,0,-,156,0,-,51,1.68,-,156,500,-,79;1542,7.7,-,79;1542,10,-,8,940,-,79;1542,330,-,79;1542,570,-,79;1542,8.6,-,79;1542,10,-,8,8.5,-,79,n.d.,,,Nein
1099,3569,,"Shellfish (average), raw",,"Fish/Seafood, crustaceans and shellfish",,per 100g edible portion,316,Automated calculation,,75,Automated calculation,,1,Calculation on the basis of ingredients,,0.1,Calculation on the basis of ingredients,,0.2,Calculation on the basis of ingredients,,0.3,Calculation on the basis of ingredients,,123,Calculation on the basis of ingredients,,1,Calculation on the basis of ingredients,,0,Calculation on the basis of ingredients,,0.4,Calculation on the basis of ingredients,,0,Calculation on the basis of ingredients,,15.5,Calculation on the basis of ingredients,,0.7,Automated calculation,,0,Calculation on the basis of ingredients,,82.6,Automated calculation,,1,Automated calculation,,1,Automated calculation,,1,Calculation on the basis of ingredients,,0,Calculation on the basis of ingredients,,0,Calculation on the basis of ingredients,,0.14,Calculation on the basis of ingredients,,0.05,Calculation on the basis of ingredients,,0.15,Calculation on the basis of ingredients,,0.45,Calculation on the basis of ingredients,,3.84,Calculation on the basis of ingredients,,15.5,Calculation on the basis of ingredients,,0.75,Calculation on the basis of ingredients,,2,Calculation on the basis of ingredients,,0,Calculation on the basis of ingredients,,1.16,Calculation on the basis of ingredients,,210,Calculation on the basis of ingredients,,270,Calculation on the basis of ingredients,,0,Calculation on the basis of ingredients,,30,Calculation on the basis of ingredients,,34,Calculation on the basis of ingredients,,190,Calculation on the basis of ingredients,,1.2,Calculation on the basis of ingredients,,170,Calculation on the basis of ingredients,,2.7,Calculation on the basis of ingredients,,n.d.,,,Ja
515,3733,1001020,"Sherry, 18.5 vol%",,Alcoholic beverages/Wine,1,per 100ml food volume,492,Automated calculation,,118,Automated calculation,,0,-,43,0,-,43,0,-,43,0,-,43,0,Estimation,51,3.6,-,9,3.6,-,22,tr.,-,43,0,-,43,0.1,-,9,0,Automated calculation,,14.8,-,9,80.7,-,9,0,Automated calculation,,0,Automated calculation,,0,Estimation,51,0,-,145,0,Estimation,51,0,-,9,0.01,-,9,0.02,-,9,0.1,-,9,0.08,-,9,1,-,9,0.04,-,9,0,-,9,0,-,43,0,-,43,89,-,9,6,-,9,7,-,9,9,-,9,8,-,9,7,-,9,0.5,-,9,10,-,9,0.3,-,9,n.d.,,,Nein
875,3671,1001547,Short bread cookie (Sablé),,Sweets/Cookies/Biscuits,,per 100g edible portion,1980,Automated calculation,,474,Automated calculation,,26.2,Calculation on the basis of ingredients,,15.5,Calculation on the basis of ingredients,,6.1,Calculation on the basis of ingredients,,1.5,Calculation on the basis of ingredients,,69,Calculation on the basis of ingredients,,53.1,Calculation on the basis of ingredients,,17.8,Calculation on the basis of ingredients,,34.9,Calculation on the basis of ingredients,,1.6,Calculation on the basis of ingredients,,5.9,Calculation on the basis of ingredients,,0.1,Automated calculation,,0,Calculation on the basis of ingredients,,13.8,Automated calculation,,267,Automated calculation,,257,Automated calculation,,247,Calculation on the basis of ingredients,,117,Calculation on the basis of ingredients,,98,Calculation on the basis of ingredients,,0.06,Calculation on the basis of ingredients,,0.01,Calculation on the basis of ingredients,,0.02,Calculation on the basis of ingredients,,0,Calculation on the basis of ingredients,,0.33,Calculation on the basis of ingredients,,2.5,Calculation on the basis of ingredients,,0.12,Calculation on the basis of ingredients,,0,Calculation on the basis of ingredients,,0.4,Calculation on the basis of ingredients,,0.5,Calculation on the basis of ingredients,,90,Calculation on the basis of ingredients,,44,Calculation on the basis of ingredients,,89,Calculation on the basis of ingredients,,7.9,Calculation on the basis of ingredients,,7.5,Calculation on the basis of ingredients,,37,Calculation on the basis of ingredients,,0.3,Calculation on the basis of ingredients,,0.4,Calculation on the basis of ingredients,,0.3,Calculation on the basis of ingredients,,n.d.,,,Nein
1175,4641,,"Short pastry base (with butter), sweet, raw",,"Cereal products, pulses and potatoes/Dough",,per 100g edible portion,1770,Automated calculation,,424,Automated calculation,,22.9,Calculation on the basis of ingredients,,13,Calculation on the basis of ingredients,,5.5,Calculation on the basis of ingredients,,1.6,Calculation on the basis of ingredients,,115,Calculation on the basis of ingredients,,45.8,Calculation on the basis of ingredients,,10.5,Calculation on the basis of ingredients,,34.9,Calculation on the basis of ingredients,,1.6,Calculation on the basis of ingredients,,7.8,Calculation on the basis of ingredients,,0.7,Automated calculation,,0,Calculation on the basis of ingredients,,22.4,Automated calculation,,237,Automated calculation,,229,Automated calculation,,221,Calculation on the basis of ingredients,,97,Calculation on the basis of ingredients,,95,Calculation on the basis of ingredients,,0.12,Calculation on the basis of ingredients,,0.06,Calculation on the basis of ingredients,,0.1,Calculation on the basis of ingredients,,0.18,Calculation on the basis of ingredients,,0.41,Calculation on the basis of ingredients,,16.7,Calculation on the basis of ingredients,,0.53,Calculation on the basis of ingredients,,0,Calculation on the basis of ingredients,,0.7,Calculation on the basis of ingredients,,0.64,Calculation on the basis of ingredients,,110,Calculation on the basis of ingredients,,280,Calculation on the basis of ingredients,,430,Calculation on the basis of ingredients,,16,Calculation on the basis of ingredients,,19,Calculation on the basis of ingredients,,94,Calculation on the basis of ingredients,,1,Calculation on the basis of ingredients,,4.7,Calculation on the basis of ingredients,,0.8,Calculation on the basis of ingredients,,n.d.,,,Ja
909,4336,1001582,"Short pastry base (with vegetable fat), sweet, raw",,"Cereal products, pulses and potatoes/Dough",,per 100g edible portion,1750,Automated calculation,,419,Automated calculation,,22.4,Calculation on the basis of ingredients,,6.2,Calculation on the basis of ingredients,,10.1,Calculation on the basis of ingredients,,4.2,Calculation on the basis of ingredients,,58,Calculation on the basis of ingredients,,45.8,Calculation on the basis of ingredients,,10.4,Calculation on the basis of ingredients,,35,Calculation on the basis of ingredients,,1.6,Calculation on the basis of ingredients,,7.8,Calculation on the basis of ingredients,,0.7,Automated calculation,,0,Calculation on the basis of ingredients,,23,Automated calculation,,238,Automated calculation,,230,Automated calculation,,223,Calculation on the basis of ingredients,,93,Calculation on the basis of ingredients,,92,Calculation on the basis of ingredients,,0.12,Calculation on the basis of ingredients,,0.06,Calculation on the basis of ingredients,,0.1,Calculation on the basis of ingredients,,0.2,Calculation on the basis of ingredients,,0.46,Calculation on the basis of ingredients,,17.2,Calculation on the basis of ingredients,,0.55,Calculation on the basis of ingredients,,0,Calculation on the basis of ingredients,,1.6,Calculation on the basis of ingredients,,5.29,Calculation on the basis of ingredients,,120,Calculation on the basis of ingredients,,290,Calculation on the basis of ingredients,,450,Calculation on the basis of ingredients,,15,Calculation on the basis of ingredients,,19,Calculation on the basis of ingredients,,94,Calculation on the basis of ingredients,,1,Calculation on the basis of ingredients,,21,Calculation on the basis of ingredients,,0.8,Calculation on the basis of ingredients,,n.d.,,,Ja
1497,,,"Shrimp, boiled",,"Fish/Seafood, crustaceans and shellfish",,per 100g edible portion,249,Automated calculation,,59,Automated calculation,,0.6,Calculation on the basis of ingredients,,0.1,Calculation on the basis of ingredients,,0.1,Calculation on the basis of ingredients,,0.2,Calculation on the basis of ingredients,,158,Calculation on the basis of ingredients,,1.3,Calculation on the basis of ingredients,,0,Calculation on the basis of ingredients,,0,Calculation on the basis of ingredients,,0,Calculation on the basis of ingredients,,12,Calculation on the basis of ingredients,,0.4,Automated calculation,,0,Calculation on the basis of ingredients,,86.1,Automated calculation,,2,Automated calculation,,2,Automated calculation,,2,Calculation on the basis of ingredients,,0,Calculation on the basis of ingredients,,0,Calculation on the basis of ingredients,,0.11,Calculation on the basis of ingredients,,0.07,Calculation on the basis of ingredients,,0.06,Calculation on the basis of ingredients,,0,Calculation on the basis of ingredients,,1.47,Calculation on the basis of ingredients,,10.3,Calculation on the basis of ingredients,,0,Calculation on the basis of ingredients,,0.8,Calculation on the basis of ingredients,,0,Calculation on the basis of ingredients,,0.78,Calculation on the basis of ingredients,,170,Calculation on the basis of ingredients,,170,Calculation on the basis of ingredients,,0,Calculation on the basis of ingredients,,32,Calculation on the basis of ingredients,,0,Calculation on the basis of ingredients,,180,Calculation on the basis of ingredients,,0.3,Calculation on the basis of ingredients,,86,Calculation on the basis of ingredients,,0.8,Calculation on the basis of ingredients,,n.d.,,,Nein
1498,,,"Shrimp cocktail, prepared",,Prepared dishes/Salads,,per 100g edible portion,714,Automated calculation,,172,Automated calculation,,13.2,Calculation on the basis of ingredients,,7.8,Calculation on the basis of ingredients,,3.1,Calculation on the basis of ingredients,,0.7,Calculation on the basis of ingredients,,97,Calculation on the basis of ingredients,,4.5,Calculation on the basis of ingredients,,3.8,Calculation on the basis of ingredients,,0.2,Calculation on the basis of ingredients,,0.3,Calculation on the basis of ingredients,,5.5,Calculation on the basis of ingredients,,0.5,Automated calculation,,1.8,Calculation on the basis of ingredients,,74.6,Automated calculation,,167,Automated calculation,,154,Automated calculation,,142,Calculation on the basis of ingredients,,152,Calculation on the basis of ingredients,,151,Calculation on the basis of ingredients,,0.06,Calculation on the basis of ingredients,,0.08,Calculation on the basis of ingredients,,0.06,Calculation on the basis of ingredients,,0.06,Calculation on the basis of ingredients,,0.73,Calculation on the basis of ingredients,,10.8,Calculation on the basis of ingredients,,0.18,Calculation on the basis of ingredients,,5.3,Calculation on the basis of ingredients,,0.2,Calculation on the basis of ingredients,,0.81,Calculation on the basis of ingredients,,180,Calculation on the basis of ingredients,,190,Calculation on the basis of ingredients,,200,Calculation on the basis of ingredients,,45,Calculation on the basis of ingredients,,6.5,Calculation on the basis of ingredients,,100,Calculation on the basis of ingredients,,0.3,Calculation on the basis of ingredients,,35,Calculation on the basis of ingredients,,0.4,Calculation on the basis of ingredients,,n.d.,,,Nein
766,4685,1001412,"Shrimp, raw",,"Fish/Seafood, crustaceans and shellfish",,per 100g edible portion,236,Automated calculation,,56,Automated calculation,,0.6,-,25,0.1,-,5,0.1,-,5,0.2,-,5,150,-,5,1.2,-,25,tr.,-,5,0,Estimation,51,0,-,25,11.4,-,25,0.5,Automated calculation,,0,-,5,85.5,-,25,2,Automated calculation,,2,Automated calculation,,2,Estimation,51,0,Estimation,51,0,-,128,0.14,-,25,0.09,-,25,0.08,-,5,tr.,-,22,2,-,25,14,-,5,tr.,-,22,1,-,25,tr.,-,5,0.82,-,5,210,-,25,190,-,25,tr.,-,22,30,-,25,tr.,-,22,210,-,1462,0.3,-,25,91,-,1009,0.8,-,25,n.d.,,,Nein
578,4144,1001109,Skimmed milk powder,,Milk and dairy products/Milk,,per 100g edible portion,1480,Automated calculation,,348,Automated calculation,,1,-,1528,0.6,Estimation,1662,0.2,Estimation,1662,0,Estimation,1662,3,-,1528,50.5,-,1528,50.5,-,1528,0,-,8,0,Estimation,1662,34.3,-,1640,1.4,Automated calculation,,0,Estimation,1662,3.5,-,1528,9,Automated calculation,,7,Automated calculation,,5,-,1528,21,Estimation,1662,21,-,1528,0.34,-,9,2.2,-,9,0.28,-,1528,2.2,-,1528,1.1,-,1528,21,-,1528,3.5,-,9,2,-,1528,0,-,1528,0.01,-,1528,1580,-,1528,560,-,1528,1000,-,9,1290,-,1528,110,-,1528,1020,-,1528,0.8,-,9,36,-,1528,4.1,-,1528,12,-,1544,Nein
1203,4762,,Smoked salami,,Sausages and cold meats/Raw sausage products,,per 100g edible portion,2120,Automated calculation,,513,Automated calculation,,47,Calculation on the basis of ingredients,,17.9,Calculation on the basis of ingredients,,22,Calculation on the basis of ingredients,,4.8,Calculation on the basis of ingredients,,85,Calculation on the basis of ingredients,,0.9,Calculation on the basis of ingredients,,0.9,Calculation on the basis of ingredients,,0,Calculation on the basis of ingredients,,0,Calculation on the basis of ingredients,,21.4,Calculation on the basis of ingredients,,4,Automated calculation,,0.1,Calculation on the basis of ingredients,,30.6,Automated calculation,,8,Automated calculation,,8,Automated calculation,,8,Calculation on the basis of ingredients,,5,Calculation on the basis of ingredients,,5,Calculation on the basis of ingredients,,0.54,Calculation on the basis of ingredients,,0.25,Calculation on the basis of ingredients,,0.33,Calculation on the basis of ingredients,,3.3,Calculation on the basis of ingredients,,6.14,Calculation on the basis of ingredients,,3,Calculation on the basis of ingredients,,0.58,Calculation on the basis of ingredients,,70.8,Calculation on the basis of ingredients,,0,Calculation on the basis of ingredients,,0.76,Calculation on the basis of ingredients,,360,Calculation on the basis of ingredients,,1590,Calculation on the basis of ingredients,,2340,Calculation on the basis of ingredients,,5,Calculation on the basis of ingredients,,23,Calculation on the basis of ingredients,,180,Calculation on the basis of ingredients,,1.5,Calculation on the basis of ingredients,,0.8,Calculation on the basis of ingredients,,2.9,Calculation on the basis of ingredients,,n.d.,,,Ja
954,4164,1001632,Soft caramel candies,,"Sweets/Candies, fruits gums and chewing gum",,per 100g edible portion,1880,Automated calculation,,448,Automated calculation,,17.2,-,9,10.1,-,9,5.8,-,9,0.5,-,9,tr.,-,9,71.1,-,9,71.1,-,9,0,-,9,0,-,9,2.1,-,9,0.8,Automated calculation,,0,-,9,7.8,-,9,0,Automated calculation,,0,Automated calculation,,0,-,8,0,Estimation,51,0,-,8,tr.,-,9,tr.,-,9,tr.,-,9,tr.,-,9,tr.,-,9,tr.,-,9,tr.,-,9,tr.,-,9,tr.,-,9,tr.,-,9,210,-,9,320,-,9,400,-,9,95,-,9,25,-,9,64,-,9,1.5,-,9,tr.,-,9,tr.,-,9,n.d.,,,Nein
13391,,,"Soft cheese, 45 to 54.9% fidm",,Milk and dairy products/Soft cheese,,per 100g edible portion,1230,Automated calculation,,296,Automated calculation,,23.7,-,184,14.2,-,184,5.6,-,184,1.1,-,184,72,-,184,0,-,1408,0,-,1408,0,-,22,0,-,22,20.6,-,1662,1.8,Automated calculation,,0,-,22,52.5,-,184,233,Automated calculation,,222,Automated calculation,,211,-,51,135,-,51,135,-,8;61,0.02,-,184,0.36,-,184;1659,0.17,-,184,1.4,-,9;43;1659,0.63,-,9;43,48.5,-,9;43,0.78,-,9;43;1659,0,-,22,0.5,-,9;43;1659,0.6,-,184,81,-,184,730,-,184,1050,-,184,360,-,184,19,-,184,280,-,184,0.1,-,184,7.1,-,9;22;1399,2.2,-,184,n.d.,,,Nein
631,4609,1001182,"Soft cheese, 60% fidm",,Milk and dairy products/Soft cheese,,per 100g edible portion,1460,Automated calculation,,354,Automated calculation,,35,-,4,21,-,3,8.2,-,3,1.6,-,3,105,-,3,0,Estimation,1408,0,-,22,0,-,22,0,-,22,9.7,-,1660,1.8,Automated calculation,,0,-,22,45,-,4,403,Automated calculation,,387,Automated calculation,,370,-,8,200,Estimation,51,200,-,8,0.04,-,9,0.38,-,9,0.11,-,9,1.5,-,9,1.2,-,9,55,-,9,0.29,-,9,tr.,-,22,0.7,-,9,1.05,-,9,110,-,9,700,-,9,1200,-,9,270,-,9,15,-,9,230,-,9,0.3,-,9,20,-,9,2.3,-,9,n.d.,,,Nein
13392,,,"Soft cheese, at least 55% fidm",,Milk and dairy products/Soft cheese,,per 100g edible portion,1440,Automated calculation,,347,Automated calculation,,30.9,-,22;54,18.5,-,3;184,7.3,-,3;184,1.5,-,3;184,93,-,3;184,0,-,1408,0,-,1408,0,-,22,0,-,22,17.4,-,1660;1661,1.3,Automated calculation,,0,-,22,48,-,22;54,228,Automated calculation,,221,Automated calculation,,215,-,8;1530,75,-,51;1530,150,-,8,0.02,-,3;184,0.64,-,3;184;1659,0.14,-,3;184,1.47,-,9;1659,1.1,-,9,68.2,-,9,0.51,-,9;1659,0,-,22,0.6,-,9;1659,0.69,-,3;184,110,-,22;54,520,-,54,520,-,9;22,420,-,22;54,18,-,22;54,300,-,22;54,0.2,-,54,11,-,9;1399,2,-,3;184,n.d.,,,Nein
1197,3625,,Soft cheese (average without fat reduced products),,Milk and dairy products/Soft cheese,,per 100g edible portion,1350,Automated calculation,,325,Automated calculation,,27.4,Calculation on the basis of ingredients,,16.5,Calculation on the basis of ingredients,,6.5,Calculation on the basis of ingredients,,1.3,Calculation on the basis of ingredients,,83,Calculation on the basis of ingredients,,0,Calculation on the basis of ingredients,,0,Calculation on the basis of ingredients,,0,Calculation on the basis of ingredients,,0,Calculation on the basis of ingredients,,19.4,Calculation on the basis of ingredients,,2.2,Automated calculation,,0,Calculation on the basis of ingredients,,52.7,Automated calculation,,229,Automated calculation,,221,Automated calculation,,213,Calculation on the basis of ingredients,,97,Calculation on the basis of ingredients,,111,Calculation on the basis of ingredients,,0.02,Calculation on the basis of ingredients,,0.43,Calculation on the basis of ingredients,,0.14,Calculation on the basis of ingredients,,1.45,Calculation on the basis of ingredients,,0.72,Calculation on the basis of ingredients,,52.8,Calculation on the basis of ingredients,,0.63,Calculation on the basis of ingredients,,0,Calculation on the basis of ingredients,,0.4,Calculation on the basis of ingredients,,0.64,Calculation on the basis of ingredients,,100,Calculation on the basis of ingredients,,880,Calculation on the basis of ingredients,,1180,Calculation on the basis of ingredients,,440,Calculation on the basis of ingredients,,20,Calculation on the basis of ingredients,,310,Calculation on the basis of ingredients,,0.2,Calculation on the basis of ingredients,,17,Calculation on the basis of ingredients,,2.2,Calculation on the basis of ingredients,,n.d.,,,Ja
485,4148,1000971,"Soft cheese, Mascarpone",,Milk and dairy products/Fresh cheese and curds,,per 100g edible portion,1810,Automated calculation,,440,Automated calculation,,47,-,5,29.2,-,5,15.2,-,5,1.6,-,5,141,-,3,tr.,-,5,tr.,-,5,0,-,5,0,-,22,4.3,-,1660,0.2,Automated calculation,,0,-,22,44.4,-,5,353,Automated calculation,,332,Automated calculation,,310,-,81,258,-,81,220,Estimation,,0.01,-,5,0.26,-,5;1659,0.04,-,5,0.21,-,1659,0.1,-,5,11,-,5,0.41,-,1659,tr.,-,22,0.5,-,5;1659,1,-,5,53,-,5,86,-,5,tr.,-,22,68,-,5,tr.,-,22,97,-,5,0.2,-,5,29,-,1030,0.4,-,5,n.d.,,,Nein
595,3933,1001133,"Soft drink, with flavor, sweetened",,Non-alcoholic beverages/Soft drinks,1,per 100ml food volume,162,Automated calculation,,38,Automated calculation,,0,-,43,0,-,43,0,-,43,0,-,43,0,Estimation,51,9.5,-,43,9.5,-,43,0,-,43,0,-,43,0,-,43,0,Automated calculation,,0,-,43,90,-,43,0,Automated calculation,,0,Automated calculation,,0,Estimation,51,0,Estimation,51,0,Estimation,51,0,-,43,0.02,-,43,0,-,43,0,-,43,0.02,-,43,0,-,43,0,-,43,0,-,43,0,-,43,0,-,43,8,-,43,3,-,43,11,-,9,5,-,43,11,-,43,1,-,43,0.1,-,43,1.8,-,9,0,-,9,n.d.,,,Nein
10561,,,"Somosa, baked",,Prepared dishes/Asian dishes,,per 100g edible portion,1410,Automated calculation,,339,Automated calculation,,19.1,Calculation on the basis of ingredients,,4.7,Calculation on the basis of ingredients,,8.8,Calculation on the basis of ingredients,,4.1,Calculation on the basis of ingredients,,0,Calculation on the basis of ingredients,,33.3,Calculation on the basis of ingredients,,2.6,Calculation on the basis of ingredients,,30.3,Calculation on the basis of ingredients,,3.6,Calculation on the basis of ingredients,,6.7,Calculation on the basis of ingredients,,0.9,Automated calculation,,0,Calculation on the basis of ingredients,,37.8,Automated calculation,,163,Automated calculation,,146,Automated calculation,,129,Calculation on the basis of ingredients,,202,Calculation on the basis of ingredients,,192,Calculation on the basis of ingredients,,0.2,Calculation on the basis of ingredients,,0.07,Calculation on the basis of ingredients,,0.15,Calculation on the basis of ingredients,,0.02,Calculation on the basis of ingredients,,1.21,Calculation on the basis of ingredients,,23.6,Calculation on the basis of ingredients,,0.4,Calculation on the basis of ingredients,,9.4,Calculation on the basis of ingredients,,0.8,Calculation on the basis of ingredients,,4.27,Calculation on the basis of ingredients,,260,Calculation on the basis of ingredients,,360,Calculation on the basis of ingredients,,580,Calculation on the basis of ingredients,,18,Calculation on the basis of ingredients,,28,Calculation on the basis of ingredients,,98,Calculation on the basis of ingredients,,1.2,Calculation on the basis of ingredients,,3.1,Calculation on the basis of ingredients,,0.7,Calculation on the basis of ingredients,,n.d.,,,Ja
892,3567,1001564,"Sorbet, fruit",,Sweets/Water based ice cream,0.7,per 100g edible portion,581,Automated calculation,,137,Automated calculation,,0,-,9,0,-,9,0,-,9,0,-,9,0,-,9,32.1,-,9,32.1,-,9,0,-,9,0.4,-,9,0.2,-,9,0,Automated calculation,,0.9,-,9,65.8,-,9,3,Automated calculation,,1,Automated calculation,,0,Estimation,51,16,Estimation,51,16,-,8,0.02,-,9,0.01,-,9,0.01,-,9,0,-,9,0.07,-,9,5,-,9,0.05,-,9,10,-,9,0,-,43,0.05,-,9,41,-,9,1,-,9,3,-,9,12,-,9,4,-,9,6,-,9,0.2,-,9,2.6,-,9,0.1,-,9,n.d.,,,Nein
575,3745,1001104,Sour cream 15% fat,,Fats and oils/Cream;Milk and dairy products/Cream and butter,1,per 100g edible portion,715,Automated calculation,,173,Automated calculation,,16.6,-,28,10.8,Estimation,1662,4.3,Estimation,1662,0.8,Estimation,1662,50,-,3,3.2,-,22,3.2,-,22,0,-,22,0,-,22,2.7,-,1640,0.1,Automated calculation,,0,-,22,77.3,-,35,207,Automated calculation,,198,Automated calculation,,189,-,61,105,Estimation,51,105,-,61,0.04,-,35,0.2,-,35;1653,0.04,-,35,0.23,-,35;1653,0.1,-,35,11,-,35,0.29,-,35;1653,tr.,-,22,0.3,-,35;1653,0.45,-,35,130,-,35,40,-,35,70,-,35,100,-,35,11,-,35,80,-,35,0.1,-,35,11,-,35,0.4,-,35,n.d.,,,Ja
574,4042,1001103,Sour cream (crème fraîche) 35% fat,,Fats and oils/Cream;Milk and dairy products/Cream and butter,1,per 100g edible portion,1380,Automated calculation,,336,Automated calculation,,35,-,2,21,-,3,8.2,-,3,1.6,-,3,105,-,3,2.8,-,2,2.8,-,43,0,-,22,0,-,22,2.4,-,1643,0.1,Automated calculation,,0,-,22,58,-,35,207,Automated calculation,,201,Automated calculation,,195,-,61,73,Estimation,51,73,-,61,0.02,-,43,0.17,-,43;1653,0.03,-,43,0.19,-,43;1653,0.2,-,43,23,-,43,0.26,-,43;1653,tr.,-,22,0.4,-,43;1653,0.7,-,43,100,-,43,30,-,43,50,-,35,73,-,43,7,-,43,64,-,43,0.1,-,43,9,-,127,0.3,-,35,n.d.,,,Ja
72,4223,821053,"Soya drink, plain",,Milk and dairy products/Milk substitutes,1.08,per 100ml food volume,167,Automated calculation,,40,Automated calculation,,2.2,-,1643,0.3,-,1643,0.4,-,1643,1.1,-,1643,0,-,1528,0.8,-,1643,0.8,Estimation,1648,0,Estimation,1648,0.6,-,1643,3.9,-,1643,0.1,Automated calculation,,0,Estimation,1648,100.4,-,1643,0,Automated calculation,,0,Automated calculation,,0,-,1528,2,Estimation,1648,2,-,1643,0.09,-,1642;1643,0.01,-,1643,0.05,-,1642;1643,0,-,1643,0.19,-,1643,28.2,-,1643,0.1,-,1642;1643,0,-,1528,0,-,1643,0.23,-,1652,120,-,1643,26,-,1643,7.6,-,1643,13,-,1643,17,-,1643,54,-,1643,0.4,-,1643,2.2,-,1528,0.3,-,1643,n.d.,,,Nein
996,3589,1001797,"Soya flour, defatted",,"Cereal products, pulses and potatoes/Flour and starch",,per 100g edible portion,1240,Automated calculation,,296,Automated calculation,,1.2,-,1528,0.2,-,1528,0.2,-,1528,0.7,-,1528,0,-,1528,7.5,-,1528,7.4,-,1528,0,-,1528,24.5,-,1528,51.5,-,1650,0.1,Automated calculation,,0,-,1528,14.2,-,1528,4,Automated calculation,,2,Automated calculation,,0,Estimation,1648,24,-,1651,n.d.,,,0.69,-,1528,0.25,-,1528,0.57,-,1528,0,-,1528,2.6,-,1528,303,-,1528,1.98,-,1528,0,-,1528,0,-,1528,0.04,-,1528,2400,-,1528,20,-,1528,130,-,1528,240,-,1528,300,-,1528,670,-,1528,9.2,-,1528,0.8,-,1528,2.5,-,1528,n.d.,,,Nein
995,4271,1001796,"Soya flour, full fat",,"Cereal products, pulses and potatoes/Flour and starch",,per 100g edible portion,1660,Automated calculation,,398,Automated calculation,,20.6,-,1528,2.7,-,1528,3.5,-,1528,12.1,-,1528,0,-,1528,3.1,-,1640,3.1,-,1640,0,-,1528,18.5,-,1640,40.8,-,1640,0,Automated calculation,,0,-,1528,12.5,-,1528,11,Automated calculation,,6,Automated calculation,,0,Estimation,1648,66,-,1652,n.d.,,,0.77,-,1528,0.28,-,1528,0.51,-,1528,0,-,1528,2.2,-,1528,190,-,1528,1.8,-,1528,0,-,1528,0,-,1528,1.5,-,1640,1870,-,1528,4,-,1528,110,-,1528,200,-,1528,250,-,1528,550,-,1528,12,-,1528,0.5,-,1652,4.9,-,1528,n.d.,,,Nein
1061,4278,,"Soybean, cooked (without addition of fat and salt)",,"Cereal products, pulses and potatoes/Pulses",,per 100g edible portion,644,Automated calculation,,155,Automated calculation,,7.3,Calculation on the basis of ingredients,,1,Calculation on the basis of ingredients,,1.5,Calculation on the basis of ingredients,,4.3,Calculation on the basis of ingredients,,0,Calculation on the basis of ingredients,,2.5,Calculation on the basis of ingredients,,2.3,Calculation on the basis of ingredients,,0.2,Calculation on the basis of ingredients,,8.8,Calculation on the basis of ingredients,,15.3,Calculation on the basis of ingredients,,0,Automated calculation,,0,Calculation on the basis of ingredients,,67.4,Automated calculation,,25,Automated calculation,,13,Automated calculation,,0,Calculation on the basis of ingredients,,152,Calculation on the basis of ingredients,,152,Calculation on the basis of ingredients,,0.27,Calculation on the basis of ingredients,,0.14,Calculation on the basis of ingredients,,0.28,Calculation on the basis of ingredients,,0,Calculation on the basis of ingredients,,0.7,Calculation on the basis of ingredients,,50,Calculation on the basis of ingredients,,0.37,Calculation on the basis of ingredients,,8.2,Calculation on the basis of ingredients,,0,Calculation on the basis of ingredients,,0.54,Calculation on the basis of ingredients,,540,Calculation on the basis of ingredients,,2,Calculation on the basis of ingredients,,3.4,Calculation on the basis of ingredients,,72,Calculation on the basis of ingredients,,75,Calculation on the basis of ingredients,,200,Calculation on the basis of ingredients,,2.2,Calculation on the basis of ingredients,,2.5,Calculation on the basis of ingredients,,1.5,Calculation on the basis of ingredients,,n.d.,,,Ja
442,4349,1000924,"Soybean, dried",,"Cereal products, pulses and potatoes/Pulses",,per 100g edible portion,1610,Automated calculation,,387,Automated calculation,,18.3,-,1640,2.4,-,1640,3.7,-,1640,10.7,-,1640,0,-,1528,6.3,-,1640,5.7,-,1640,0.6,-,1640,22,-,1640,38.2,-,1640,0,Automated calculation,,0,-,1528,8.4,-,1640,63,Automated calculation,,32,Automated calculation,,0,Estimation,1648,380,Estimation,1648,380,-,1640,1.03,-,1640,0.46,-,1640,1,-,1640,0,Estimation,1648,2.7,-,1640,250,-,1640,1.7,-,1640,34,-,1528,0,-,1528,1.5,-,1640,1800,-,1640,4.7,-,1640,7,-,1640,200,-,1640,220,-,1640,550,-,1640,6.6,-,1640,6.3,-,1640,4.2,-,1640,n.d.,,,Nein
603,3937,1001142,Soybean oil,,Fats and oils/Oils,0.9,per 100ml food volume,3330,Automated calculation,,810,Automated calculation,,90,-,1660,13.2,-,1660,19.9,-,1660,53.2,-,1660,0,Estimation,1648,0,Estimation,1648,0,Estimation,1648,0,Estimation,1648,0,Estimation,1648,0,Estimation,1648,0,Automated calculation,,0,Estimation,1648,0,Estimation,1648,0,Automated calculation,,0,Automated calculation,,0,-,92,0,Estimation,1648,0,-,92,0,-,8,0,-,8,0,-,8,0,Estimation,1648,0,-,8,0,-,8,0,-,8,0,-,8,0,Estimation,1648,5.49,-,1660,0.9,-,8,0,-,8,0,-,8,0,-,8,0,-,8,0,-,8,0,-,1528,0,Estimation,1648,0,-,1528,n.d.,,,Nein
466,4737,1000949,Soybean sprouts,,Vegetables/Sprouts and shoots,,per 100g edible portion,231,Automated calculation,,55,Automated calculation,,1,-,36,0.1,-,9,0.1,-,9,0.7,-,9,0,-,9,4.7,-,36,4.6,-,22,0,-,9,2.4,-,36,5.5,-,36,0.1,Automated calculation,,0,-,36,85.6,-,36,24,Automated calculation,,12,Automated calculation,,0,Estimation,51,144,-,81,n.d.,,,0.16,-,36,0.16,-,36,0.16,-,36,0,-,9,1.5,-,36,160,-,36,1.4,-,36,20,-,36,0,-,9,0.1,-,9,240,-,36,30,-,36,47,-,9,32,-,36,19,-,36,75,-,36,0.9,-,36,2,-,9,1,-,36,n.d.,,,Nein
551,4321,1001072,"Sparkling wine, champagne",,Alcoholic beverages/Wine,1,per 100ml food volume,293,Automated calculation,,71,Automated calculation,,0,-,43,0,-,43,0,-,43,0,-,43,0,Estimation,51,1.5,-,43,1.5,-,43,tr.,-,43,0,-,43,0.2,-,43,0,Automated calculation,,9.1,-,43,89,-,43,0,Automated calculation,,0,Automated calculation,,0,Estimation,51,0,Estimation,51,0,Estimation,51,tr.,-,43,tr.,-,43,0.02,-,43,0,-,43,0.1,-,43,tr.,-,43,0.03,-,43,0,-,43,0,-,43,0,-,43,48,-,43,4,-,43,7,-,9,10,-,43,6,-,43,7,-,43,0.8,-,43,10,-,9,0,-,9,n.d.,,,Nein
1399,,,Spätzle flour,,"Cereal products, pulses and potatoes/Flour and starch",,per 100g edible portion,1490,Automated calculation,,351,Automated calculation,,1.3,Calculation on the basis of ingredients,,0.2,Calculation on the basis of ingredients,,0.1,Calculation on the basis of ingredients,,0.5,Calculation on the basis of ingredients,,0,Calculation on the basis of ingredients,,71.3,Calculation on the basis of ingredients,,0.9,Calculation on the basis of ingredients,,70.3,Calculation on the basis of ingredients,,3.3,Calculation on the basis of ingredients,,11.9,Calculation on the basis of ingredients,,0,Automated calculation,,0,Calculation on the basis of ingredients,,13.2,Automated calculation,,1,Automated calculation,,1,Automated calculation,,0,Calculation on the basis of ingredients,,7,Calculation on the basis of ingredients,,7,Calculation on the basis of ingredients,,0.09,Calculation on the basis of ingredients,,0.05,Calculation on the basis of ingredients,,0.07,Calculation on the basis of ingredients,,0,Calculation on the basis of ingredients,,1.87,Calculation on the basis of ingredients,,47.6,Calculation on the basis of ingredients,,0.35,Calculation on the basis of ingredients,,0,Calculation on the basis of ingredients,,0,Calculation on the basis of ingredients,,0.12,Calculation on the basis of ingredients,,160,Calculation on the basis of ingredients,,1.3,Calculation on the basis of ingredients,,80,Calculation on the basis of ingredients,,15,Calculation on the basis of ingredients,,24,Calculation on the basis of ingredients,,94,Calculation on the basis of ingredients,,0.8,Calculation on the basis of ingredients,,4.2,Calculation on the basis of ingredients,,1.8,Calculation on the basis of ingredients,,n.d.,,,Ja
1043,4621,,"Spelt, fine flour (type 550)",,"Cereal products, pulses and potatoes/Flour and starch",,per 100g edible portion,1480,Automated calculation,,348,Automated calculation,,1.5,-,1006,0.3,-,1006,0.3,-,1006,0.7,-,1006,n.d.,,,69,-,1006,0.9,-,1006,n.d.,,,2.8,-,1006,13.3,-,1006,0,Automated calculation,,0,Estimation,1003,13.1,-,1006,n.d.,,,n.d.,,,n.d.,,,n.d.,,,n.d.,,,0.27,-,1642,n.d.,,,0.07,-,1642,n.d.,,,n.d.,,,n.d.,,,0.37,-,1642,n.d.,,,n.d.,,,n.d.,,,100,-,1006,6.8,-,1006,n.d.,,,22,-,1006,23,-,1006,110,-,1006,1,-,1006,n.d.,,,0.9,-,1006,n.d.,,,Nein
1041,3552,,"Spelt, flour Ruch"" (type 1100)""",,"Cereal products, pulses and potatoes/Flour and starch",,per 100g edible portion,1480,Automated calculation,,348,Automated calculation,,2.2,-,1005,0.3,-,1005,0.5,-,1005,1.2,-,1005,n.d.,,,65,-,1005,1.4,-,1005,n.d.,,,5.7,-,1005,14.3,-,1005,0.1,Automated calculation,,0,Estimation,1003,12.7,-,1005,n.d.,,,n.d.,,,n.d.,,,n.d.,,,n.d.,,,n.d.,,,n.d.,,,n.d.,,,n.d.,,,n.d.,,,n.d.,,,n.d.,,,n.d.,,,n.d.,,,n.d.,,,210,-,1005,27,-,1005,n.d.,,,28,-,1005,64,-,1005,240,-,1005,2.4,-,1005,n.d.,,,2.8,-,1005,n.d.,,,Nein
1042,3557,,"Spelt, wholemeal flour (type 1900)",,"Cereal products, pulses and potatoes/Flour and starch",,per 100g edible portion,1460,Automated calculation,,346,Automated calculation,,2.7,-,1004,0.4,-,1004,0.7,-,1004,1.5,-,1004,n.d.,,,60,-,1004,1.2,-,1004,n.d.,,,9.4,-,1004,15.6,-,1004,0,Automated calculation,,0,Estimation,1003,12.4,-,1004,n.d.,,,n.d.,,,n.d.,,,n.d.,,,n.d.,,,0.46,-,1009;1642,0.09,-,1009,0.2,-,1009;1642,n.d.,,,n.d.,,,n.d.,,,0.68,-,1642,n.d.,,,n.d.,,,1.4,-,1009,390,-,1004,13,-,1004,n.d.,,,35,-,1004,140,-,1004,450,-,1004,3.6,-,1004,n.d.,,,4.5,-,1004,n.d.,,,Nein
1566,,,"Spinach quiche, baked (with cake dough)",,"Prepared dishes/Cakes, pies and gratins",,per 100g edible portion,751,Automated calculation,,180,Automated calculation,,11.4,Calculation on the basis of ingredients,,6,Calculation on the basis of ingredients,,3.2,Calculation on the basis of ingredients,,0.9,Calculation on the basis of ingredients,,48,Calculation on the basis of ingredients,,12.3,Calculation on the basis of ingredients,,1.5,Calculation on the basis of ingredients,,10.7,Calculation on the basis of ingredients,,2.2,Calculation on the basis of ingredients,,6.1,Calculation on the basis of ingredients,,1.1,Automated calculation,,0,Calculation on the basis of ingredients,,68.2,Automated calculation,,431,Automated calculation,,261,Automated calculation,,90,Calculation on the basis of ingredients,,2051,Calculation on the basis of ingredients,,1625,Calculation on the basis of ingredients,,0.1,Calculation on the basis of ingredients,,0.18,Calculation on the basis of ingredients,,0.15,Calculation on the basis of ingredients,,0.09,Calculation on the basis of ingredients,,0.76,Calculation on the basis of ingredients,,40.5,Calculation on the basis of ingredients,,0.34,Calculation on the basis of ingredients,,10.1,Calculation on the basis of ingredients,,0.3,Calculation on the basis of ingredients,,1.42,Calculation on the basis of ingredients,,410,Calculation on the basis of ingredients,,450,Calculation on the basis of ingredients,,710,Calculation on the basis of ingredients,,89,Calculation on the basis of ingredients,,44,Calculation on the basis of ingredients,,86,Calculation on the basis of ingredients,,2,Calculation on the basis of ingredients,,11,Calculation on the basis of ingredients,,0.8,Calculation on the basis of ingredients,,n.d.,,,Nein
1567,,,"Spinach quiche, baked (with puff pastry)",,"Prepared dishes/Cakes, pies and gratins",,per 100g edible portion,739,Automated calculation,,178,Automated calculation,,12.2,Calculation on the basis of ingredients,,6.5,Calculation on the basis of ingredients,,3.4,Calculation on the basis of ingredients,,0.9,Calculation on the basis of ingredients,,51,Calculation on the basis of ingredients,,10.2,Calculation on the basis of ingredients,,1.5,Calculation on the basis of ingredients,,8.6,Calculation on the basis of ingredients,,2.1,Calculation on the basis of ingredients,,5.8,Calculation on the basis of ingredients,,1.1,Automated calculation,,0,Calculation on the basis of ingredients,,69.9,Automated calculation,,440,Automated calculation,,269,Automated calculation,,98,Calculation on the basis of ingredients,,2055,Calculation on the basis of ingredients,,1628,Calculation on the basis of ingredients,,0.1,Calculation on the basis of ingredients,,0.18,Calculation on the basis of ingredients,,0.15,Calculation on the basis of ingredients,,0.09,Calculation on the basis of ingredients,,0.74,Calculation on the basis of ingredients,,40.3,Calculation on the basis of ingredients,,0.33,Calculation on the basis of ingredients,,10.1,Calculation on the basis of ingredients,,0.3,Calculation on the basis of ingredients,,1.43,Calculation on the basis of ingredients,,400,Calculation on the basis of ingredients,,450,Calculation on the basis of ingredients,,710,Calculation on the basis of ingredients,,89,Calculation on the basis of ingredients,,43,Calculation on the basis of ingredients,,83,Calculation on the basis of ingredients,,2,Calculation on the basis of ingredients,,11,Calculation on the basis of ingredients,,0.8,Calculation on the basis of ingredients,,n.d.,,,Nein
365,3833,1000828,"Spinach, raw",,Vegetables/Fresh vegetables,,per 100g edible portion,95,Automated calculation,,23,Automated calculation,,0.4,-,43,0.1,-,43,0,-,43,0.2,-,43,0,-,43,0.8,-,43,0.7,-,43,0.1,-,43,2.6,-,43,2.7,-,43,0.2,Automated calculation,,0,-,43,91.7,-,43,534,Automated calculation,,267,Automated calculation,,0,Estimation,51,3204,-,51;1662,3124,-,125;1669,0.08,-,43;1669,0.22,-,43,0.21,-,43;1669,0,-,43,0.7,-,43,121.2,-,43;1669,0.24,-,43;1669,40,-,43,0,-,43,1.84,-,43,530,-,43,65,-,43,54,-,36,100,-,43,58,-,43,52,-,43,2.7,-,43,12,-,36,0.6,-,36,n.d.,,,Nein
1025,4254,,"Spinach, steamed (without addition of salt)",,Vegetables/Cooked vegetables (incl. cans),,per 100g edible portion,125,Automated calculation,,30,Automated calculation,,0.5,Calculation on the basis of ingredients,,0.1,Calculation on the basis of ingredients,,0,Calculation on the basis of ingredients,,0.3,Calculation on the basis of ingredients,,0,Calculation on the basis of ingredients,,1.1,Calculation on the basis of ingredients,,0.9,Calculation on the basis of ingredients,,0.1,Calculation on the basis of ingredients,,3.4,Calculation on the basis of ingredients,,3.6,Calculation on the basis of ingredients,,0.2,Automated calculation,,0,Calculation on the basis of ingredients,,91.4,Automated calculation,,703,Automated calculation,,351,Automated calculation,,0,Calculation on the basis of ingredients,,4215,Calculation on the basis of ingredients,,3700,Calculation on the basis of ingredients,,0.08,Calculation on the basis of ingredients,,0.26,Calculation on the basis of ingredients,,0.24,Calculation on the basis of ingredients,,0,Calculation on the basis of ingredients,,0.74,Calculation on the basis of ingredients,,95.6,Calculation on the basis of ingredients,,0.27,Calculation on the basis of ingredients,,28.9,Calculation on the basis of ingredients,,0,Calculation on the basis of ingredients,,2.42,Calculation on the basis of ingredients,,590,Calculation on the basis of ingredients,,73,Calculation on the basis of ingredients,,68,Calculation on the basis of ingredients,,130,Calculation on the basis of ingredients,,69,Calculation on the basis of ingredients,,65,Calculation on the basis of ingredients,,2.8,Calculation on the basis of ingredients,,15,Calculation on the basis of ingredients,,0.7,Calculation on the basis of ingredients,,n.d.,,,Ja
646,3615,1001198,"Spirits, 40 vol% (e.g. Vodka, gin)",,Alcoholic beverages/Spirits,0.95,per 100ml food volume,920,Automated calculation,,222,Automated calculation,,0,-,8,0,-,8,0,-,8,0,-,8,0,Estimation,51,0,-,8,0,-,8,0,-,8,0,-,8,0,-,8,0,Automated calculation,,31.7,-,1528,63.2,-,1528,0,Automated calculation,,0,Automated calculation,,0,Estimation,51,0,Estimation,51,0,Estimation,51,0,-,8,0,-,8,0,-,8,0,-,8,0,-,8,0,-,8,0,-,8,0,-,8,0,-,8,0,-,8,3.8,-,1528,2.9,-,1528,0,-,8,0,-,8,0,-,8,3.8,-,1528,0,-,1528,0,-,8,0,-,1528,n.d.,,,Nein
518,3734,1001025,"Spirits, grain, 40% vol (e.g. whisky)",,Alcoholic beverages/Spirits,0.95,per 100ml food volume,972,Automated calculation,,234,Automated calculation,,0,-,22,0,-,22,0,-,22,0,-,22,0,Estimation,51,0.1,-,9,0.1,-,22,0,-,22,0,-,22,0,-,22,0,Automated calculation,,33.4,-,1528,61.5,-,1528,0,Automated calculation,,0,Automated calculation,,0,Estimation,51,0,Estimation,51,0,Estimation,51,0,-,22,0,-,22,0,-,22,0,-,22,0,-,22,0,-,22,0,-,22,0,-,22,0,-,22,0,-,22,2.9,-,9,1,-,9,0,-,8,1.9,-,9,1,-,9,4.8,-,9,0,-,9,tr.,-,22,0,-,9,n.d.,,,Nein
644,4727,1001196,"Spirits, Kirsch, Cherry Schnaps",,Alcoholic beverages/Spirits,0.95,per 100ml food volume,964,Automated calculation,,233,Automated calculation,,0,-,9,0,-,9,0,-,9,0,-,9,0,Estimation,51,0,-,9,0,-,9,0,-,9,0,-,9,0,-,9,0,Automated calculation,,33.3,-,9,61.7,-,9,0,Automated calculation,,0,Automated calculation,,0,Estimation,51,0,Estimation,51,0,Estimation,51,0,-,9,0,-,9,0,-,9,0,-,9,0,-,9,0,-,9,0,-,9,0,-,9,0,-,9,0,-,9,2.9,-,9,tr.,-,22,0,-,9,1.9,-,9,0,-,9,0,-,9,0,-,9,0,-,9,0,-,9,n.d.,,,Nein
520,3970,1001027,"Spirits, sugar cane (e.g. rum)",,Alcoholic beverages/Spirits,0.95,per 100ml food volume,920,Automated calculation,,222,Automated calculation,,0,-,22,0,-,22,0,-,22,0,-,22,0,Estimation,51,0,-,22,0,-,22,0,-,22,0,-,22,0,-,22,0,Automated calculation,,31.7,-,9,63.2,-,9,0,Automated calculation,,0,Automated calculation,,0,Estimation,51,0,Estimation,51,0,Estimation,51,0.01,-,9,0,-,8,0,-,8,0,-,8,0,-,8,0,-,8,0,-,8,0,-,8,0,-,8,0,-,8,1.9,-,9,1,-,9,0,-,8,0,-,8,0,-,8,4.8,-,9,0.1,-,9,0,-,8,0.1,-,9,n.d.,,,Nein
519,3735,1001026,"Spirits, wine (e.g. cognac, brandy)",,Alcoholic beverages/Spirits,0.95,per 100ml food volume,944,Automated calculation,,228,Automated calculation,,0,-,22,0,-,22,0,-,22,0,-,22,0,Estimation,51,1.9,-,9,1.9,-,22,0,-,22,0,-,22,0,-,22,0,Automated calculation,,31.4,-,9,61.6,-,9,0,Automated calculation,,0,Automated calculation,,0,Estimation,51,0,Estimation,51,0,Estimation,51,0,-,8,0,-,8,0,-,8,0,-,8,0,-,8,0,-,8,0,-,8,0,-,8,0,-,8,0,-,8,1.9,-,9,1.9,-,9,2.9,-,9,0,-,8,1,-,9,0,-,8,0,-,8,0,-,8,0,-,9,n.d.,,,Nein
1656,,,"Squash slices, breaded, prepared",,Prepared dishes/Other savoury dishes,,per 100g edible portion,590,Automated calculation,,141,Automated calculation,,5.9,Calculation on the basis of ingredients,,0.8,Calculation on the basis of ingredients,,3.7,Calculation on the basis of ingredients,,0.9,Calculation on the basis of ingredients,,62,Calculation on the basis of ingredients,,16.9,Calculation on the basis of ingredients,,4.3,Calculation on the basis of ingredients,,12.5,Calculation on the basis of ingredients,,1.7,Calculation on the basis of ingredients,,4.3,Calculation on the basis of ingredients,,0.6,Automated calculation,,0,Calculation on the basis of ingredients,,71.5,Automated calculation,,379,Automated calculation,,199,Automated calculation,,20,Calculation on the basis of ingredients,,2154,Calculation on the basis of ingredients,,1700,Calculation on the basis of ingredients,,0.05,Calculation on the basis of ingredients,,0.1,Calculation on the basis of ingredients,,0.1,Calculation on the basis of ingredients,,0.18,Calculation on the basis of ingredients,,0.5,Calculation on the basis of ingredients,,19.7,Calculation on the basis of ingredients,,0.67,Calculation on the basis of ingredients,,2.9,Calculation on the basis of ingredients,,0.4,Calculation on the basis of ingredients,,0.45,Calculation on the basis of ingredients,,260,Calculation on the basis of ingredients,,250,Calculation on the basis of ingredients,,410,Calculation on the basis of ingredients,,29,Calculation on the basis of ingredients,,11,Calculation on the basis of ingredients,,61,Calculation on the basis of ingredients,,0.7,Calculation on the basis of ingredients,,4.9,Calculation on the basis of ingredients,,1.1,Calculation on the basis of ingredients,,n.d.,,,Ja
764,4032,1001410,"Squid, raw",,"Fish/Seafood, crustaceans and shellfish",,per 100g edible portion,352,Automated calculation,,83,Automated calculation,,1.1,-,43,0.2,-,43,0.1,-,43,0.3,-,43,150,-,43,2.3,-,43,tr.,-,22,0,Estimation,51,0,-,43,16,-,43,0.4,Automated calculation,,0,-,43,79.4,-,43,75,Automated calculation,,75,Automated calculation,,75,Estimation,51,tr.,-,81,n.d.,,,0.02,-,43,0.2,-,43,0.06,-,43,1.3,-,43,2.2,-,43,13,-,5,tr.,-,22,5,-,43,tr.,-,22,0.77,-,5,270,-,43,160,-,43,tr.,-,22,14,-,43,40,-,43,200,-,43,0.6,-,43,20,-,1030,1.1,-,5,n.d.,,,Nein
792,4107,1001446,St. Gall Schüblig sausage,,Sausages and cold meats/Boiled sausage products,,per 100g edible portion,1210,Automated calculation,,292,Automated calculation,,26.3,Calculation on the basis of ingredients,,9.7,Calculation on the basis of ingredients,,12.5,Calculation on the basis of ingredients,,2.8,Calculation on the basis of ingredients,,42,Calculation on the basis of ingredients,,0.2,Calculation on the basis of ingredients,,0.2,Calculation on the basis of ingredients,,0,Calculation on the basis of ingredients,,0,Calculation on the basis of ingredients,,13.6,Calculation on the basis of ingredients,,2.1,Automated calculation,,0,Calculation on the basis of ingredients,,59.9,Automated calculation,,6,Automated calculation,,5,Automated calculation,,5,Calculation on the basis of ingredients,,4,Calculation on the basis of ingredients,,3,Calculation on the basis of ingredients,,0.09,Calculation on the basis of ingredients,,0.11,Calculation on the basis of ingredients,,0.05,Calculation on the basis of ingredients,,1.19,Calculation on the basis of ingredients,,2.02,Calculation on the basis of ingredients,,0.9,Calculation on the basis of ingredients,,0.17,Calculation on the basis of ingredients,,52.2,Calculation on the basis of ingredients,,0,Calculation on the basis of ingredients,,0.32,Calculation on the basis of ingredients,,76,Calculation on the basis of ingredients,,850,Calculation on the basis of ingredients,,1280,Calculation on the basis of ingredients,,5,Calculation on the basis of ingredients,,8.4,Calculation on the basis of ingredients,,140,Calculation on the basis of ingredients,,0.9,Calculation on the basis of ingredients,,0.4,Calculation on the basis of ingredients,,1.7,Calculation on the basis of ingredients,,n.d.,,,Ja
570,4147,1001098,St. Paulin cheese,,Milk and dairy products/Hard cheese,,per 100g edible portion,1220,Automated calculation,,294,Automated calculation,,23,-,35,13.8,-,3,5.4,-,3,1.1,-,3,69,-,3,0,Estimation,1408,0,-,35,0,-,22,0,-,22,21.8,-,1660,2,Automated calculation,,0,-,22,55,-,35,273,Automated calculation,,262,Automated calculation,,250,-,127,140,-,127,n.d.,,,0.04,-,35,0.32,-,35,0.06,-,35,2,-,35,0.1,-,35,18,-,35,0.8,-,35,tr.,-,22,0.5,-,35,0.69,-,35,80,-,35,800,-,35,1100,-,35,700,-,35,35,-,35,500,-,35,0.4,-,35,35,-,35,4,-,35,n.d.,,,Nein
385,4549,1000848,"Strawberry, fresh",,Fruit/Fresh fruit,,per 100g edible portion,167,Automated calculation,,40,Automated calculation,,0.5,-,43,tr.,-,43,0.1,-,43,0.3,-,43,0,-,43,7,-,43,7,-,43,0,-,43,2.2,-,43,0.7,-,43,0,Automated calculation,,0,-,43,89.9,-,43,1,Automated calculation,,0,Automated calculation,,0,Estimation,51,4,Estimation,51,4,-,134,0.01,-,43;1670,0.02,-,43;1670,0.04,-,43;1670,0,-,43,0.35,-,43;1670,31.1,-,43;1670,0.19,-,43;1670,51.2,-,43;1670,0,-,43,0.2,-,43,150,-,43,2,-,43,14,-,9,20,-,43,12,-,43,23,-,43,0.4,-,43,1,-,9,0.1,-,9,n.d.,,,Nein
13418,,,"Strudel dough, raw",,"Cereal products, pulses and potatoes/Dough",,per 100g edible portion,991,Automated calculation,,234,Automated calculation,,2.5,Calculation on the basis of ingredients,,0.3,Calculation on the basis of ingredients,,1.4,Calculation on the basis of ingredients,,0.6,Calculation on the basis of ingredients,,0,Calculation on the basis of ingredients,,44.3,Calculation on the basis of ingredients,,0.2,Calculation on the basis of ingredients,,43.6,Calculation on the basis of ingredients,,2,Calculation on the basis of ingredients,,7.6,Calculation on the basis of ingredients,,1.9,Calculation on the basis of ingredients,,0,Calculation on the basis of ingredients,,44.3,Automated calculation,,0,Automated calculation,,0,Automated calculation,,0,Calculation on the basis of ingredients,,0,Calculation on the basis of ingredients,,0,Calculation on the basis of ingredients,,0.13,Calculation on the basis of ingredients,,0.02,Calculation on the basis of ingredients,,0.1,Calculation on the basis of ingredients,,0,Calculation on the basis of ingredients,,0.51,Calculation on the basis of ingredients,,10.2,Calculation on the basis of ingredients,,0.31,Calculation on the basis of ingredients,,0,Calculation on the basis of ingredients,,0,Calculation on the basis of ingredients,,0.71,Calculation on the basis of ingredients,,110,Calculation on the basis of ingredients,,750,Calculation on the basis of ingredients,,1150,Calculation on the basis of ingredients,,9.5,Calculation on the basis of ingredients,,22,Calculation on the basis of ingredients,,77,Calculation on the basis of ingredients,,1,Calculation on the basis of ingredients,,0.9,Calculation on the basis of ingredients,,0.7,Calculation on the basis of ingredients,,n.d.,,,Ja
471,4531,1000956,"Sugar, brown",,Sweets/Sugar and sweeteners,,per 100g edible portion,1660,Automated calculation,,390,Automated calculation,,0,-,43,0,-,43,0,-,43,0,-,43,0,Estimation,51,97.6,-,43,97.6,-,43,0,-,43,0,-,43,0,-,43,0.1,Automated calculation,,0,-,43,1.1,-,43,0,Automated calculation,,0,Automated calculation,,0,Estimation,51,0,Estimation,51,0,Estimation,51,0,-,43,0,-,43,0.02,-,43,0,-,43,0,-,43,0,-,43,0.1,-,43,0,-,43,0,-,43,0,-,43,320,-,43,40,-,43,40,-,36,85,-,43,22,-,43,24,-,43,1.9,-,43,0,-,9,0.1,-,9,n.d.,,,Nein
465,4424,1000948,"Sugar loaf chicory, raw",,Vegetables/Fresh vegetables,,per 100g edible portion,67,Automated calculation,,16,Automated calculation,,0.2,-,9,0,-,9,0,-,9,0.1,-,9,0,-,9,1.5,-,9,1.5,-,9,0,-,9,1.6,-,9,1.2,-,9,0,Automated calculation,,0,-,9,94.8,-,9,133,Automated calculation,,67,Automated calculation,,0,Estimation,51,800,Estimation,51,800,-,8,0.07,-,9,0.08,-,9,0.07,-,9,0,-,9,0.31,-,9,34,-,9,0.15,-,9,14,-,9,0,-,9,0.5,-,9,230,-,9,10,-,9,55,-,9,35,-,9,10,-,9,30,-,9,1,-,9,3.3,-,9,0.2,-,9,n.d.,,,Nein
438,4358,1000918,"Sugar pea, raw",,Vegetables/Fresh vegetables,,per 100g edible portion,285,Automated calculation,,68,Automated calculation,,0.2,-,9,0,-,9,0,-,9,0.1,-,9,0,-,22,10,-,9,5,-,22,5,-,9,5,-,9,4,-,9,0,Automated calculation,,0,-,22,79.6,-,9,87,Automated calculation,,43,Automated calculation,,0,Estimation,51,520,Estimation,51,520,-,125,0.17,-,9,0.15,-,9,0.16,-,9,0,-,22,2.7,-,9,33,-,9,0.75,-,9,25,-,9,0,-,22,0.5,-,9,300,-,9,4,-,9,30,-,9,20,-,9,30,-,9,80,-,9,2,-,9,4,-,9,4.1,-,9,n.d.,,,Nein
1012,4207,,"Sugar pea, steamed (without addition of salt)",,Vegetables/Cooked vegetables (incl. cans),,per 100g edible portion,324,Automated calculation,,77,Automated calculation,,0.2,Calculation on the basis of ingredients,,0,Calculation on the basis of ingredients,,0,Calculation on the basis of ingredients,,0.1,Calculation on the basis of ingredients,,0,Calculation on the basis of ingredients,,11.4,Calculation on the basis of ingredients,,5.7,Calculation on the basis of ingredients,,5.7,Calculation on the basis of ingredients,,5.7,Calculation on the basis of ingredients,,4.5,Calculation on the basis of ingredients,,0,Automated calculation,,0,Calculation on the basis of ingredients,,78.2,Automated calculation,,98,Automated calculation,,49,Automated calculation,,0,Calculation on the basis of ingredients,,591,Calculation on the basis of ingredients,,532,Calculation on the basis of ingredients,,0.15,Calculation on the basis of ingredients,,0.15,Calculation on the basis of ingredients,,0.15,Calculation on the basis of ingredients,,0,Calculation on the basis of ingredients,,2.45,Calculation on the basis of ingredients,,22.5,Calculation on the basis of ingredients,,0.72,Calculation on the basis of ingredients,,21.3,Calculation on the basis of ingredients,,0,Calculation on the basis of ingredients,,0.57,Calculation on the basis of ingredients,,290,Calculation on the basis of ingredients,,3.9,Calculation on the basis of ingredients,,32,Calculation on the basis of ingredients,,22,Calculation on the basis of ingredients,,31,Calculation on the basis of ingredients,,86,Calculation on the basis of ingredients,,1.8,Calculation on the basis of ingredients,,4.3,Calculation on the basis of ingredients,,4.2,Calculation on the basis of ingredients,,n.d.,,,Ja
470,4532,1000955,"Sugar, white",,Sweets/Sugar and sweeteners,,per 100g edible portion,1700,Automated calculation,,400,Automated calculation,,0,-,43,0,-,43,0,-,43,0,-,43,0,Estimation,51,100,-,43,100,-,43,0,-,43,0,-,43,0,-,43,0,Automated calculation,,0,-,43,0,-,43,0,Automated calculation,,0,Automated calculation,,0,Estimation,51,0,Estimation,51,0,Estimation,51,0,-,43,0,-,43,0,-,43,0,-,43,0,-,43,0,-,43,0,-,43,0,-,43,0,-,43,0,-,43,2,-,43,0,-,43,1.5,-,36,1,-,43,0,-,43,0,-,43,0.1,-,43,0,-,9,0,-,9,n.d.,,,Nein
598,3936,1001137,Sunflower oil,,Fats and oils/Oils,0.9,per 100ml food volume,3330,Automated calculation,,810,Automated calculation,,90,-,1660,9.8,-,1660,27.7,-,1660,49.1,-,1660,0,Estimation,1648,0,Estimation,1648,0,Estimation,1648,0,Estimation,1648,0,Estimation,1648,0,Estimation,1648,0,Automated calculation,,0,Estimation,1648,0,Estimation,1648,0,Automated calculation,,0,Automated calculation,,0,-,92,0,-,1648;1662,0,-,92;1667,0,-,8,0,-,8,0,-,8,0,Estimation,1648,0,-,8,0,-,8,0,-,8,0,-,8,0,Estimation,1648,51.75,Automated calculation,,0.9,-,8,0.9,-,8,0.9,-,8,0.9,-,8,0,-,1528,0,-,1528,0.1,-,1528,0,Estimation,1648,0,-,1528,n.d.,,,Nein
1068,3561,,"Sunflower oil HO (high oleic), refined",,Fats and oils/Oils,0.9,per 100ml food volume,3330,Automated calculation,,810,Automated calculation,,90,-,1028,6.3,-,1028,67.5,-,1028,11.7,-,1028,0,-,1028,0,-,1028,0,-,1028,0,Estimation,1003,0,-,1028,0,-,1028,0,Automated calculation,,0,Estimation,1003,0,Estimation,1003,0,Automated calculation,,0,Automated calculation,,0,Estimation,1648,0,Estimation,1648,0,Estimation,1648,0,Estimation,1648,0,Estimation,1648,0,Estimation,1648,0,Estimation,1648,0,Estimation,1648,0,Estimation,1648,0,Estimation,1648,0,Estimation,1648,0,Estimation,1648,36,-,1028,0,Estimation,1648,0,Estimation,1648,0,Estimation,1648,0,Estimation,1648,0,Estimation,1648,0,Estimation,1648,0,Estimation,1648,0,Estimation,1648,0,Estimation,1648,n.d.,,,Nein
281,4125,841015,Sunflower seeds,,"Nuts, seeds and oleaginous fruit",,per 100g edible portion,2660,Automated calculation,,641,Automated calculation,,53,-,43,5.1,Estimation,156;1003,20.3,Estimation,156,25.4,Estimation,156;1003,0,-,156,12,Estimation,1003,2.1,-,43,9.4,-,43,8,-,72,25.1,-,1660,0,Automated calculation,,0,Estimation,51,4.5,-,43,5,Automated calculation,,3,Automated calculation,,0,Estimation,51,30,Estimation,51,30,-,156,1.48,-,156,0.36,-,156,1.34,-,156,0,-,156,8.3,-,156,227,-,156,1.13,-,156,1,-,156,0,-,51,34.5,-,156,750,-,156;1542,3.6,-,156;1542,50,-,8,92,-,43;1542,330,-,156;1542,670,-,156;1542,5,-,71;1542,5,-,43,5.8,-,71,n.d.,,,Nein
770,4341,1001419,Surimi,,Fish/Fish products,,per 100g edible portion,344,Automated calculation,,81,Automated calculation,,0.7,-,43,tr.,-,22,tr.,-,22,tr.,-,22,35,-,43,6.1,-,43,0,-,43,6.1,-,43,0,-,43,12.6,-,43,1.8,Automated calculation,,0,-,43,76.3,-,43,28,Automated calculation,,28,Automated calculation,,28,-,61,0,Estimation,51,0,Estimation,51,0.02,-,43,0.04,-,43,0.02,-,43,1,-,43,0.2,-,43,tr.,-,22,tr.,-,22,0,-,43,0,-,43,tr.,-,22,64,-,43,700,-,43,tr.,-,22,13,-,43,14,-,43,60,-,43,0.3,-,43,tr.,-,22,tr.,-,22,n.d.,,,Nein
632,4732,1001183,Sweet corn canned,,Vegetables/Cooked vegetables (incl. cans),,per 100g edible portion,424,Automated calculation,,100,Automated calculation,,1.2,-,43,0.2,-,43,0.3,-,43,0.6,-,43,0,-,43,18.2,-,43,6.9,-,43,11.3,-,43,2.3,-,43,3,-,43,0.8,Automated calculation,,0,-,43,72.8,-,43,20,Automated calculation,,10,Automated calculation,,0,Estimation,51,117,Estimation,51,117,-,61,0.04,-,43,0.08,-,43,0.09,-,43,0,-,43,1.4,-,43,33,-,43,0.5,-,43,1,-,43,0,-,43,0.45,-,43,200,-,43,300,-,43,tr.,-,22,4,-,43,22,-,43,69,-,43,0.6,-,43,tr.,-,22,0.5,-,5,n.d.,,,Nein
1033,3768,,"Sweet corn (canned), heated (without addition of salt)",,Vegetables/Cooked vegetables (incl. cans),,per 100g edible portion,451,Automated calculation,,107,Automated calculation,,1.3,Calculation on the basis of ingredients,,0.2,Calculation on the basis of ingredients,,0.3,Calculation on the basis of ingredients,,0.6,Calculation on the basis of ingredients,,0,Calculation on the basis of ingredients,,19.4,Calculation on the basis of ingredients,,7.3,Calculation on the basis of ingredients,,12,Calculation on the basis of ingredients,,2.4,Calculation on the basis of ingredients,,3.2,Calculation on the basis of ingredients,,0.7,Automated calculation,,0,Calculation on the basis of ingredients,,73.7,Automated calculation,,21,Automated calculation,,10,Automated calculation,,0,Calculation on the basis of ingredients,,124,Calculation on the basis of ingredients,,116,Calculation on the basis of ingredients,,0.03,Calculation on the basis of ingredients,,0.08,Calculation on the basis of ingredients,,0.08,Calculation on the basis of ingredients,,0,Calculation on the basis of ingredients,,1.19,Calculation on the basis of ingredients,,21.1,Calculation on the basis of ingredients,,0.45,Calculation on the basis of ingredients,,0.8,Calculation on the basis of ingredients,,0,Calculation on the basis of ingredients,,0.47,Calculation on the basis of ingredients,,180,Calculation on the basis of ingredients,,270,Calculation on the basis of ingredients,,0,Calculation on the basis of ingredients,,4,Calculation on the basis of ingredients,,21,Calculation on the basis of ingredients,,70,Calculation on the basis of ingredients,,0.5,Calculation on the basis of ingredients,,0,Calculation on the basis of ingredients,,0.5,Calculation on the basis of ingredients,,n.d.,,,Ja
633,4413,1001184,"Sweet corn cob, pickled",,Vegetables/Cooked vegetables (incl. cans),,per 100g edible portion,500,Automated calculation,,119,Automated calculation,,1.4,-,43,0.2,-,43,0.4,-,43,0.6,-,43,0,-,43,21,-,43,2,-,43,19,-,43,4.2,-,43,3.4,-,43,0,Automated calculation,,0,-,43,69.3,-,43,20,Automated calculation,,10,Automated calculation,,0,Estimation,51,117,Estimation,51,117,-,61,0.22,-,43,0.07,-,43,0.1,-,43,0,-,43,1.7,-,43,50,-,43,0.7,-,43,7,-,43,0,-,43,0.7,-,43,250,-,43,17,-,43,tr.,-,22,3,-,43,33,-,43,100,-,43,0.6,-,43,tr.,-,22,tr.,-,22,n.d.,,,Nein
432,4426,1000906,"Sweet corn, raw",,Vegetables/Fresh vegetables,,per 100g edible portion,391,Automated calculation,,93,Automated calculation,,1.2,-,36,0.2,-,9,0.3,-,9,0.5,-,9,0,-,9,15.7,-,36,3.4,-,36,12.3,-,36,2.8,-,9,3.3,-,36,0,Automated calculation,,0,-,36,74.7,-,36,19,Automated calculation,,9,Automated calculation,,0,Estimation,51,113,Estimation,51,47,-,156,0.15,-,36,0.12,-,36,0.22,-,36,0,-,9,1.7,-,36,43,-,36,0.89,-,36,12,-,36,0,-,9,0.1,-,36,290,-,36,0.3,-,36,7.3,-,36,2.2,-,36,27,-,36,83,-,36,0.4,-,36,3.3,-,36,0.6,-,36,n.d.,,,Nein
1032,4282,,"Sweet corn, steamed",,Vegetables/Cooked vegetables (incl. cans),,per 100g edible portion,444,Automated calculation,,105,Automated calculation,,1.4,Calculation on the basis of ingredients,,0.2,Calculation on the basis of ingredients,,0.3,Calculation on the basis of ingredients,,0.6,Calculation on the basis of ingredients,,0,Calculation on the basis of ingredients,,17.8,Calculation on the basis of ingredients,,3.9,Calculation on the basis of ingredients,,14,Calculation on the basis of ingredients,,3.2,Calculation on the basis of ingredients,,3.7,Calculation on the basis of ingredients,,0,Automated calculation,,0,Calculation on the basis of ingredients,,73.9,Automated calculation,,21,Automated calculation,,11,Automated calculation,,0,Calculation on the basis of ingredients,,128,Calculation on the basis of ingredients,,48,Calculation on the basis of ingredients,,0.14,Calculation on the basis of ingredients,,0.12,Calculation on the basis of ingredients,,0.21,Calculation on the basis of ingredients,,0,Calculation on the basis of ingredients,,1.55,Calculation on the basis of ingredients,,29.3,Calculation on the basis of ingredients,,0.86,Calculation on the basis of ingredients,,10.2,Calculation on the basis of ingredients,,0,Calculation on the basis of ingredients,,0.11,Calculation on the basis of ingredients,,280,Calculation on the basis of ingredients,,0.3,Calculation on the basis of ingredients,,7.9,Calculation on the basis of ingredients,,2.4,Calculation on the basis of ingredients,,28,Calculation on the basis of ingredients,,90,Calculation on the basis of ingredients,,0.4,Calculation on the basis of ingredients,,3.6,Calculation on the basis of ingredients,,0.6,Calculation on the basis of ingredients,,n.d.,,,Ja
13406,,,"Sweet potato, raw",,"Cereal products, pulses and potatoes/Potatoes",,per 100g edible portion,344,Automated calculation,,81,Automated calculation,,0.1,-,1650,0,-,1650,0,-,1650,0,-,1650,0,Estimation,1648,17.1,-,1650,4.2,-,1650,12.7,-,1650,3,-,1650,1.6,-,1650,0.1,Automated calculation,,0,Estimation,1648,77.3,-,1650,745,Automated calculation,,373,Automated calculation,,0,Estimation,1648,4470,Estimation,1648,4470,-,1661,0.08,-,1650,0.06,-,1650,0.21,-,1650,0,Estimation,1648,0.56,-,1650,11,-,1650,0.8,-,1650,19.3,-,1661,0,Estimation,1648,0.26,-,1650,420,-,1650;1665,55,-,1650,46,-,1640,41,-,1650;1665,26,-,1650;1665,52,-,1650;1665,0.6,-,1650;1665,2.4,-,1640,0.3,-,1650,n.d.,,,Nein
13407,,,"Sweet potato, steamed (without addition of salt)",,"Cereal products, pulses and potatoes/Potatoes",,per 100g edible portion,351,Automated calculation,,83,Automated calculation,,0.1,Calculation on the basis of ingredients,,0,Calculation on the basis of ingredients,,0,Calculation on the basis of ingredients,,0,Calculation on the basis of ingredients,,0,Calculation on the basis of ingredients,,17.5,Calculation on the basis of ingredients,,4.3,Calculation on the basis of ingredients,,12.9,Calculation on the basis of ingredients,,3.1,Calculation on the basis of ingredients,,1.6,Calculation on the basis of ingredients,,0.1,Automated calculation,,0,Calculation on the basis of ingredients,,77.8,Automated calculation,,760,Automated calculation,,380,Automated calculation,,0,Calculation on the basis of ingredients,,4561,Calculation on the basis of ingredients,,4105,Calculation on the basis of ingredients,,0.07,Calculation on the basis of ingredients,,0.06,Calculation on the basis of ingredients,,0.18,Calculation on the basis of ingredients,,0,Calculation on the basis of ingredients,,0.51,Calculation on the basis of ingredients,,6.7,Calculation on the basis of ingredients,,0.69,Calculation on the basis of ingredients,,15.8,Calculation on the basis of ingredients,,0,Calculation on the basis of ingredients,,0.27,Calculation on the basis of ingredients,,370,Calculation on the basis of ingredients,,51,Calculation on the basis of ingredients,,45,Calculation on the basis of ingredients,,40,Calculation on the basis of ingredients,,25,Calculation on the basis of ingredients,,51,Calculation on the basis of ingredients,,0.5,Calculation on the basis of ingredients,,2.3,Calculation on the basis of ingredients,,0.3,Calculation on the basis of ingredients,,n.d.,,,Ja
602,3840,1001141,Sweet whey,,Milk and dairy products/Milk and yoghurt beverages,1,per 100ml food volume,102,Automated calculation,,24,Automated calculation,,0.2,-,9,0.1,Estimation,1662,0.1,Estimation,1662,0,Estimation,1662,1,-,3,4.7,-,9,4.7,-,9,0,Estimation,1662,0,Estimation,1662,0.8,-,1640,0.1,Automated calculation,,0,Estimation,1662,93.6,-,9,3,Automated calculation,,3,Automated calculation,,3,-,8,0,Estimation,1662,0,-,1528,0.04,-,9,0.14,-,9,0.04,-,9,0.2,-,9,0.2,-,9,1,-,9,0.4,-,9,1,-,9,0,-,9,0,-,9,130,-,9,45,-,9,67,-,1528,68,-,1528,8,-,9,40,-,9,0.1,-,9,8,-,9,0.1,-,9,n.d.,,,Nein
450,4351,1000929,"Swiss chard, raw",,Vegetables/Fresh vegetables,,per 100g edible portion,97,Automated calculation,,23,Automated calculation,,0.2,-,43,tr.,-,43,tr.,-,43,tr.,-,43,0,-,43,2.7,-,43,0.5,-,43,2.2,-,43,1,-,43,2.1,-,43,0.4,Automated calculation,,0,-,43,92.4,-,43,483,Automated calculation,,242,Automated calculation,,0,Estimation,51,2900,Estimation,51,2900,-,75,0.07,-,43,0.13,-,43,0.08,-,43;1669,0,-,43,0.4,-,43,22,-,43,0.18,-,43;1669,35,-,43,0,-,43,0.03,-,43,380,-,43,170,-,43,100,-,9,80,-,43,81,-,43,43,-,43,2.3,-,43,1,-,9,0.3,-,36,n.d.,,,Nein
1016,4242,,"Swiss chard, steamed (without addition of salt)",,Vegetables/Cooked vegetables (incl. cans),,per 100g edible portion,128,Automated calculation,,30,Automated calculation,,0.3,Calculation on the basis of ingredients,,0,Calculation on the basis of ingredients,,0,Calculation on the basis of ingredients,,0,Calculation on the basis of ingredients,,0,Calculation on the basis of ingredients,,3.6,Calculation on the basis of ingredients,,0.7,Calculation on the basis of ingredients,,2.9,Calculation on the basis of ingredients,,1.3,Calculation on the basis of ingredients,,2.8,Calculation on the basis of ingredients,,0.5,Automated calculation,,0,Calculation on the basis of ingredients,,92.1,Automated calculation,,636,Automated calculation,,318,Automated calculation,,0,Calculation on the basis of ingredients,,3816,Calculation on the basis of ingredients,,3434,Calculation on the basis of ingredients,,0.07,Calculation on the basis of ingredients,,0.15,Calculation on the basis of ingredients,,0.09,Calculation on the basis of ingredients,,0,Calculation on the basis of ingredients,,0.42,Calculation on the basis of ingredients,,17.4,Calculation on the basis of ingredients,,0.2,Calculation on the basis of ingredients,,25.3,Calculation on the basis of ingredients,,0,Calculation on the basis of ingredients,,0.04,Calculation on the basis of ingredients,,420,Calculation on the basis of ingredients,,190,Calculation on the basis of ingredients,,130,Calculation on the basis of ingredients,,100,Calculation on the basis of ingredients,,96,Calculation on the basis of ingredients,,54,Calculation on the basis of ingredients,,2.4,Calculation on the basis of ingredients,,1.3,Calculation on the basis of ingredients,,0.4,Calculation on the basis of ingredients,,n.d.,,,Ja
782,4763,1001433,"Swiss Salami, beef and pork",,Sausages and cold meats/Raw sausage products,,per 100g edible portion,2020,Automated calculation,,488,Automated calculation,,43.7,Calculation on the basis of ingredients,,16.6,Calculation on the basis of ingredients,,20.4,Calculation on the basis of ingredients,,4.5,Calculation on the basis of ingredients,,90,Calculation on the basis of ingredients,,1.3,Calculation on the basis of ingredients,,1.3,Calculation on the basis of ingredients,,0,Calculation on the basis of ingredients,,0,Calculation on the basis of ingredients,,22,Calculation on the basis of ingredients,,4,Automated calculation,,0.1,Calculation on the basis of ingredients,,32.8,Automated calculation,,8,Automated calculation,,7,Automated calculation,,7,Calculation on the basis of ingredients,,3,Calculation on the basis of ingredients,,3,Calculation on the basis of ingredients,,0.73,Calculation on the basis of ingredients,,0.25,Calculation on the basis of ingredients,,0.4,Calculation on the basis of ingredients,,2.82,Calculation on the basis of ingredients,,5.9,Calculation on the basis of ingredients,,3,Calculation on the basis of ingredients,,0.65,Calculation on the basis of ingredients,,42.3,Calculation on the basis of ingredients,,0,Calculation on the basis of ingredients,,0.73,Calculation on the basis of ingredients,,310,Calculation on the basis of ingredients,,1590,Calculation on the basis of ingredients,,2330,Calculation on the basis of ingredients,,3.8,Calculation on the basis of ingredients,,24,Calculation on the basis of ingredients,,170,Calculation on the basis of ingredients,,1.4,Calculation on the basis of ingredients,,0.9,Calculation on the basis of ingredients,,2.6,Calculation on the basis of ingredients,,n.d.,,,Ja
1132,4101,,"Syrup, ready to drink (dilution 1:5.5)",,Non-alcoholic beverages/Cordial;Non-alcoholic beverages/Soft drinks,1,per 100ml food volume,232,Automated calculation,,55,Automated calculation,,0,Calculation on the basis of ingredients,,0,Calculation on the basis of ingredients,,0,Calculation on the basis of ingredients,,0,Calculation on the basis of ingredients,,0,Calculation on the basis of ingredients,,13.5,Calculation on the basis of ingredients,,13.4,Calculation on the basis of ingredients,,0,Calculation on the basis of ingredients,,0.1,Calculation on the basis of ingredients,,0,Calculation on the basis of ingredients,,0,Automated calculation,,0,Calculation on the basis of ingredients,,86.3,Automated calculation,,0,Automated calculation,,0,Automated calculation,,0,Calculation on the basis of ingredients,,0,Calculation on the basis of ingredients,,0,Calculation on the basis of ingredients,,0,Calculation on the basis of ingredients,,0,Calculation on the basis of ingredients,,0,Calculation on the basis of ingredients,,0,Calculation on the basis of ingredients,,0.01,Calculation on the basis of ingredients,,0.4,Calculation on the basis of ingredients,,0.01,Calculation on the basis of ingredients,,0.8,Calculation on the basis of ingredients,,0,Calculation on the basis of ingredients,,0.03,Calculation on the basis of ingredients,,9.4,Calculation on the basis of ingredients,,1,Calculation on the basis of ingredients,,1.2,Calculation on the basis of ingredients,,6.2,Calculation on the basis of ingredients,,1.2,Calculation on the basis of ingredients,,0.8,Calculation on the basis of ingredients,,0.1,Calculation on the basis of ingredients,,0.1,Calculation on the basis of ingredients,,0,Calculation on the basis of ingredients,,n.d.,,,Ja
569,3607,1001096,Syrup undiluted,,Non-alcoholic beverages/Cordial,1.3,per 100ml food volume,1580,Automated calculation,,371,Automated calculation,,0.2,-,9,0,-,9,0,-,9,0.1,-,9,0,-,22,91.8,-,9,91.4,-,22,0.3,-,9,0.9,-,9,0.1,-,9,0,Automated calculation,,0,-,22,36.6,-,9,0,Automated calculation,,0,Automated calculation,,0,Estimation,51,0,Estimation,51,0,Estimation,51,0.01,-,9,0.01,-,9,0.02,-,9,tr.,-,22,0.09,-,9,2.6,-,9,0.04,-,9,5.1,-,9,tr.,-,22,0.21,-,9,64,-,9,1.3,-,9,2.6,-,9,3.9,-,9,2.6,-,9,5.2,-,9,0.5,-,9,0.9,-,9,0.1,-,9,n.d.,,,Nein
762,4395,1001406,Table salt iodized,,"Various/Salt, spices and flavours",,per 100g edible portion,0,Automated calculation,,0,Automated calculation,,0,Estimation,1408,0,Estimation,1698,0,Estimation,1698,0,Estimation,1698,0,Estimation,51,0,Estimation,1408,0,Estimation,1698,0,Estimation,1698,0,Estimation,1408,0,Estimation,1408,98,Automated calculation,,0,Estimation,1408,0.1,-,1412,0,Automated calculation,,0,Automated calculation,,0,Estimation,51,0,Estimation,51,0,Estimation,51,0,-,43,0,-,43,0,-,43,0,-,43,0,-,43,0,-,43,0,-,43,0,-,43,0,-,43,0,-,43,4,-,43,39200,-,1412,59800,-,1412,10,-,1412,1,-,1412,8,-,43,0.3,-,43,2500,-,1412,0.1,-,9,n.d.,,,Nein
10457,,,Table salt iodized and fluoridized,,"Various/Salt, spices and flavours",,per 100g edible portion,0,Automated calculation,,0,Automated calculation,,0,Estimation,1408,0,Estimation,1698,0,Estimation,1698,0,Estimation,1698,0,Estimation,1408,0,Estimation,1408,0,Estimation,1698,0,Estimation,1698,0,Estimation,1408,0,Estimation,1408,100,Automated calculation,,0,Estimation,1408,0.1,-,1411,0,Automated calculation,,0,Automated calculation,,0,Estimation,51,0,Estimation,51,0,Estimation,51,0,-,43,0,-,43,0,-,43,0,-,43,0,-,43,0,-,43,0,-,43,0,-,43,0,-,43,0,-,43,4,-,43,39900,-,1411,59900,-,1411,10,-,1411,1,-,1411,8,-,43,0.3,-,43,2500,-,1411,0.1,-,9,n.d.,,,Nein
634,4411,1001185,Table salt without iodine and fluoride,,"Various/Salt, spices and flavours",,per 100g edible portion,0,Automated calculation,,0,Automated calculation,,0,Estimation,1408,0,Estimation,1698,0,Estimation,1698,0,Estimation,1698,0,Estimation,1408,0,Estimation,1408,0,Estimation,1698,0,Estimation,1698,0,Estimation,1408,0,Estimation,1408,100,Automated calculation,,0,Estimation,1408,0.1,-,1413,0,Automated calculation,,0,Automated calculation,,0,Estimation,51,0,Estimation,51,0,Estimation,51,0,-,43,0,-,43,0,-,43,0,-,43,0,-,43,0,-,43,0,-,43,0,-,43,0,-,43,0,-,43,4,-,43,39900,-,1413,59900,-,1413,10,-,1413,1,-,1413,8,-,43,0.3,-,43,20,-,9,0.1,-,9,n.d.,,,Nein
1609,,,"Taboulé, prepared (with Bulgur)",,Prepared dishes/Salads,,per 100g edible portion,475,Automated calculation,,114,Automated calculation,,5.5,Calculation on the basis of ingredients,,0.7,Calculation on the basis of ingredients,,3.9,Calculation on the basis of ingredients,,0.6,Calculation on the basis of ingredients,,0,Calculation on the basis of ingredients,,12.1,Calculation on the basis of ingredients,,1.2,Calculation on the basis of ingredients,,10.7,Calculation on the basis of ingredients,,2.9,Calculation on the basis of ingredients,,2.5,Calculation on the basis of ingredients,,0.4,Automated calculation,,0,Calculation on the basis of ingredients,,77.2,Automated calculation,,36,Automated calculation,,18,Automated calculation,,0,Calculation on the basis of ingredients,,213,Calculation on the basis of ingredients,,199,Calculation on the basis of ingredients,,0.07,Calculation on the basis of ingredients,,0.03,Calculation on the basis of ingredients,,0.06,Calculation on the basis of ingredients,,0,Calculation on the basis of ingredients,,0.94,Calculation on the basis of ingredients,,20.4,Calculation on the basis of ingredients,,0.28,Calculation on the basis of ingredients,,8.1,Calculation on the basis of ingredients,,0,Calculation on the basis of ingredients,,2.05,Calculation on the basis of ingredients,,140,Calculation on the basis of ingredients,,150,Calculation on the basis of ingredients,,250,Calculation on the basis of ingredients,,20,Calculation on the basis of ingredients,,23,Calculation on the basis of ingredients,,71,Calculation on the basis of ingredients,,0.8,Calculation on the basis of ingredients,,2.2,Calculation on the basis of ingredients,,0.5,Calculation on the basis of ingredients,,n.d.,,,Ja
1610,,,"Taboulé, prepared (with Couscous)",,Prepared dishes/Salads,,per 100g edible portion,560,Automated calculation,,134,Automated calculation,,6.1,Calculation on the basis of ingredients,,0.7,Calculation on the basis of ingredients,,4.4,Calculation on the basis of ingredients,,0.6,Calculation on the basis of ingredients,,0,Calculation on the basis of ingredients,,16.1,Calculation on the basis of ingredients,,1.5,Calculation on the basis of ingredients,,14.6,Calculation on the basis of ingredients,,1.2,Calculation on the basis of ingredients,,2.9,Calculation on the basis of ingredients,,0.4,Automated calculation,,0,Calculation on the basis of ingredients,,73.9,Automated calculation,,40,Automated calculation,,20,Automated calculation,,0,Calculation on the basis of ingredients,,239,Calculation on the basis of ingredients,,222,Calculation on the basis of ingredients,,0.03,Calculation on the basis of ingredients,,0.03,Calculation on the basis of ingredients,,0.04,Calculation on the basis of ingredients,,0,Calculation on the basis of ingredients,,0.55,Calculation on the basis of ingredients,,18.4,Calculation on the basis of ingredients,,0.17,Calculation on the basis of ingredients,,9.2,Calculation on the basis of ingredients,,0,Calculation on the basis of ingredients,,2.05,Calculation on the basis of ingredients,,120,Calculation on the basis of ingredients,,170,Calculation on the basis of ingredients,,290,Calculation on the basis of ingredients,,18,Calculation on the basis of ingredients,,11,Calculation on the basis of ingredients,,32,Calculation on the basis of ingredients,,0.4,Calculation on the basis of ingredients,,2.1,Calculation on the basis of ingredients,,0.5,Calculation on the basis of ingredients,,n.d.,,,Ja
1684,,,"Tartare sauce, home made with rapeseed mayonnaise",,Various/Sauces,,per 100g edible portion,1580,Automated calculation,,384,Automated calculation,,40.1,Calculation on the basis of ingredients,,3.7,Calculation on the basis of ingredients,,23.1,Calculation on the basis of ingredients,,10.4,Calculation on the basis of ingredients,,151,Calculation on the basis of ingredients,,1.9,Calculation on the basis of ingredients,,1.9,Calculation on the basis of ingredients,,0.1,Calculation on the basis of ingredients,,0.6,Calculation on the basis of ingredients,,3.6,Calculation on the basis of ingredients,,0.3,Automated calculation,,0,Calculation on the basis of ingredients,,53.8,Automated calculation,,96,Automated calculation,,80,Automated calculation,,65,Calculation on the basis of ingredients,,188,Calculation on the basis of ingredients,,178,Calculation on the basis of ingredients,,0.05,Calculation on the basis of ingredients,,0.09,Calculation on the basis of ingredients,,0.07,Calculation on the basis of ingredients,,0.5,Calculation on the basis of ingredients,,0.2,Calculation on the basis of ingredients,,26.8,Calculation on the basis of ingredients,,0.69,Calculation on the basis of ingredients,,8.3,Calculation on the basis of ingredients,,0.8,Calculation on the basis of ingredients,,12.7,Calculation on the basis of ingredients,,100,Calculation on the basis of ingredients,,140,Calculation on the basis of ingredients,,150,Calculation on the basis of ingredients,,27,Calculation on the basis of ingredients,,6.4,Calculation on the basis of ingredients,,79,Calculation on the basis of ingredients,,0.9,Calculation on the basis of ingredients,,6.7,Calculation on the basis of ingredients,,0.6,Calculation on the basis of ingredients,,n.d.,,,Ja
803,3818,1001469,"Tea, no sugar added",,Non-alcoholic beverages/Tea,1,per 100ml food volume,0,Automated calculation,,0,Automated calculation,,0,-,43,0,-,43,0,-,43,0,-,43,0,Estimation,51,0,-,43,0,-,43,0,-,43,0,-,43,0,-,43,0,Automated calculation,,0,-,43,99.9,-,43,0,Automated calculation,,0,Automated calculation,,0,Estimation,51,0,Estimation,51,0,Estimation,51,0,-,43,0,-,43,0,-,43,0,-,43,0.1,-,43,5,-,43,0,-,43,0,-,43,0,-,43,0,-,43,19,-,43,0,-,43,1,-,9,0,-,43,1,-,43,1,-,43,0,-,43,1,-,9,0,-,9,n.d.,,,Nein
796,4120,1001458,"Terrine, game meat",,Meat and offal/Game,,per 100g edible portion,1180,Automated calculation,,286,Automated calculation,,22.9,Calculation on the basis of ingredients,,9,Calculation on the basis of ingredients,,9.9,Calculation on the basis of ingredients,,2.4,Calculation on the basis of ingredients,,107,Calculation on the basis of ingredients,,1.8,Calculation on the basis of ingredients,,1.6,Calculation on the basis of ingredients,,0.2,Calculation on the basis of ingredients,,0.2,Calculation on the basis of ingredients,,17.3,Calculation on the basis of ingredients,,2.2,Automated calculation,,0.3,Calculation on the basis of ingredients,,57.5,Automated calculation,,1852,Automated calculation,,1852,Automated calculation,,1851,Calculation on the basis of ingredients,,11,Calculation on the basis of ingredients,,10,Calculation on the basis of ingredients,,0.15,Calculation on the basis of ingredients,,0.61,Calculation on the basis of ingredients,,0.2,Calculation on the basis of ingredients,,4.91,Calculation on the basis of ingredients,,3.63,Calculation on the basis of ingredients,,16.2,Calculation on the basis of ingredients,,1.24,Calculation on the basis of ingredients,,44.9,Calculation on the basis of ingredients,,0.1,Calculation on the basis of ingredients,,0.43,Calculation on the basis of ingredients,,170,Calculation on the basis of ingredients,,870,Calculation on the basis of ingredients,,1290,Calculation on the basis of ingredients,,14,Calculation on the basis of ingredients,,14,Calculation on the basis of ingredients,,150,Calculation on the basis of ingredients,,4,Calculation on the basis of ingredients,,3.5,Calculation on the basis of ingredients,,2.4,Calculation on the basis of ingredients,,n.d.,,,Ja
495,4541,1000982,Tête de Moine,,Milk and dairy products/Hard cheese,,per 100g edible portion,1730,Automated calculation,,417,Automated calculation,,35.5,-,184,21.3,-,184,8.3,-,184,1.6,-,184,107,-,184,0,Estimation,1408,0,Estimation,1408,0,-,22,0,-,22,24.2,Estimation,1662,2.3,Automated calculation,,0,-,22,35.2,-,184,502,Automated calculation,,486,Automated calculation,,470,Estimation,51,190,-,127,n.d.,,,0.01,-,184,0.27,-,184,0.27,-,184,1.6,-,35,0.08,-,35,24,-,35,0.32,-,35,tr.,-,22,0.7,-,35,0.59,-,184,84,-,184,930,-,184,1360,-,184,700,-,184,27,-,184,510,-,184,0.1,-,184,28,-,35,3.9,-,184,n.d.,,,Nein
1487,,,"Thin pancakes, prepared",,Prepared dishes/Other savoury dishes,,per 100g edible portion,981,Automated calculation,,235,Automated calculation,,13.3,Calculation on the basis of ingredients,,6.5,Calculation on the basis of ingredients,,3.6,Calculation on the basis of ingredients,,1.3,Calculation on the basis of ingredients,,203,Calculation on the basis of ingredients,,19,Calculation on the basis of ingredients,,2.9,Calculation on the basis of ingredients,,15.9,Calculation on the basis of ingredients,,0.7,Calculation on the basis of ingredients,,9.3,Calculation on the basis of ingredients,,0.4,Automated calculation,,0,Calculation on the basis of ingredients,,57.8,Automated calculation,,155,Automated calculation,,151,Automated calculation,,147,Calculation on the basis of ingredients,,46,Calculation on the basis of ingredients,,27,Calculation on the basis of ingredients,,0.09,Calculation on the basis of ingredients,,0.22,Calculation on the basis of ingredients,,0.08,Calculation on the basis of ingredients,,0.59,Calculation on the basis of ingredients,,0.25,Calculation on the basis of ingredients,,22.6,Calculation on the basis of ingredients,,1,Calculation on the basis of ingredients,,0.3,Calculation on the basis of ingredients,,1.2,Calculation on the basis of ingredients,,0.28,Calculation on the basis of ingredients,,180,Calculation on the basis of ingredients,,150,Calculation on the basis of ingredients,,250,Calculation on the basis of ingredients,,94,Calculation on the basis of ingredients,,17,Calculation on the basis of ingredients,,160,Calculation on the basis of ingredients,,1.1,Calculation on the basis of ingredients,,18,Calculation on the basis of ingredients,,1.1,Calculation on the basis of ingredients,,n.d.,,,Ja
1496,,,"Thin pancakes with bacon, prepared",,Prepared dishes/Other savoury dishes,,per 100g edible portion,1060,Automated calculation,,254,Automated calculation,,16.5,Calculation on the basis of ingredients,,7.4,Calculation on the basis of ingredients,,5.7,Calculation on the basis of ingredients,,1.5,Calculation on the basis of ingredients,,169,Calculation on the basis of ingredients,,15,Calculation on the basis of ingredients,,2.4,Calculation on the basis of ingredients,,12.5,Calculation on the basis of ingredients,,0.6,Calculation on the basis of ingredients,,11.1,Calculation on the basis of ingredients,,0.9,Automated calculation,,0,Calculation on the basis of ingredients,,57,Automated calculation,,122,Automated calculation,,119,Automated calculation,,116,Calculation on the basis of ingredients,,36,Calculation on the basis of ingredients,,21,Calculation on the basis of ingredients,,0.2,Calculation on the basis of ingredients,,0.2,Calculation on the basis of ingredients,,0.11,Calculation on the basis of ingredients,,0.46,Calculation on the basis of ingredients,,1.09,Calculation on the basis of ingredients,,18.3,Calculation on the basis of ingredients,,0.91,Calculation on the basis of ingredients,,5.5,Calculation on the basis of ingredients,,1.1,Calculation on the basis of ingredients,,0.28,Calculation on the basis of ingredients,,200,Calculation on the basis of ingredients,,370,Calculation on the basis of ingredients,,560,Calculation on the basis of ingredients,,76,Calculation on the basis of ingredients,,17,Calculation on the basis of ingredients,,160,Calculation on the basis of ingredients,,0.9,Calculation on the basis of ingredients,,14,Calculation on the basis of ingredients,,1.3,Calculation on the basis of ingredients,,2.4,Calculation on the basis of ingredients,,Nein
1489,,,"Thin pancakes with camembert cheese, prepared",,Prepared dishes/Other savoury dishes,,per 100g edible portion,1040,Automated calculation,,248,Automated calculation,,15.6,Calculation on the basis of ingredients,,8.2,Calculation on the basis of ingredients,,4.1,Calculation on the basis of ingredients,,1.2,Calculation on the basis of ingredients,,174,Calculation on the basis of ingredients,,14.9,Calculation on the basis of ingredients,,2.3,Calculation on the basis of ingredients,,12.5,Calculation on the basis of ingredients,,0.6,Calculation on the basis of ingredients,,11.8,Calculation on the basis of ingredients,,0.8,Automated calculation,,0,Calculation on the basis of ingredients,,57.2,Automated calculation,,172,Automated calculation,,166,Automated calculation,,159,Calculation on the basis of ingredients,,78,Calculation on the basis of ingredients,,63,Calculation on the basis of ingredients,,0.07,Calculation on the basis of ingredients,,0.23,Calculation on the basis of ingredients,,0.1,Calculation on the basis of ingredients,,0.86,Calculation on the basis of ingredients,,0.44,Calculation on the basis of ingredients,,35.1,Calculation on the basis of ingredients,,0.95,Calculation on the basis of ingredients,,0.2,Calculation on the basis of ingredients,,1,Calculation on the basis of ingredients,,0.32,Calculation on the basis of ingredients,,160,Calculation on the basis of ingredients,,310,Calculation on the basis of ingredients,,450,Calculation on the basis of ingredients,,150,Calculation on the basis of ingredients,,18,Calculation on the basis of ingredients,,180,Calculation on the basis of ingredients,,0.8,Calculation on the basis of ingredients,,19,Calculation on the basis of ingredients,,1.3,Calculation on the basis of ingredients,,n.d.,,,Nein
1495,,,"Thin pancakes with ham, prepared",,Prepared dishes/Other savoury dishes,,per 100g edible portion,809,Automated calculation,,193,Automated calculation,,9.8,Calculation on the basis of ingredients,,4.7,Calculation on the basis of ingredients,,2.8,Calculation on the basis of ingredients,,0.9,Calculation on the basis of ingredients,,152,Calculation on the basis of ingredients,,13.2,Calculation on the basis of ingredients,,2.2,Calculation on the basis of ingredients,,10.9,Calculation on the basis of ingredients,,0.5,Calculation on the basis of ingredients,,12.7,Calculation on the basis of ingredients,,1,Automated calculation,,0,Calculation on the basis of ingredients,,63.8,Automated calculation,,107,Automated calculation,,104,Automated calculation,,102,Calculation on the basis of ingredients,,31,Calculation on the basis of ingredients,,18,Calculation on the basis of ingredients,,0.25,Calculation on the basis of ingredients,,0.21,Calculation on the basis of ingredients,,0.18,Calculation on the basis of ingredients,,0.4,Calculation on the basis of ingredients,,2.11,Calculation on the basis of ingredients,,16.1,Calculation on the basis of ingredients,,0.9,Calculation on the basis of ingredients,,19.5,Calculation on the basis of ingredients,,0.8,Calculation on the basis of ingredients,,0.25,Calculation on the basis of ingredients,,270,Calculation on the basis of ingredients,,400,Calculation on the basis of ingredients,,560,Calculation on the basis of ingredients,,69,Calculation on the basis of ingredients,,19,Calculation on the basis of ingredients,,220,Calculation on the basis of ingredients,,0.9,Calculation on the basis of ingredients,,14,Calculation on the basis of ingredients,,1.3,Calculation on the basis of ingredients,,2.5,Calculation on the basis of ingredients,,Nein
1491,,,"Thin pancakes with mushrooms, prepared",,Prepared dishes/Other savoury dishes,,per 100g edible portion,580,Automated calculation,,139,Automated calculation,,9,Calculation on the basis of ingredients,,4.8,Calculation on the basis of ingredients,,2.3,Calculation on the basis of ingredients,,0.7,Calculation on the basis of ingredients,,82,Calculation on the basis of ingredients,,7.9,Calculation on the basis of ingredients,,1.8,Calculation on the basis of ingredients,,5.7,Calculation on the basis of ingredients,,1.6,Calculation on the basis of ingredients,,5.9,Calculation on the basis of ingredients,,0.4,Automated calculation,,0,Calculation on the basis of ingredients,,76.4,Automated calculation,,105,Automated calculation,,100,Automated calculation,,95,Calculation on the basis of ingredients,,64,Calculation on the basis of ingredients,,53,Calculation on the basis of ingredients,,0.09,Calculation on the basis of ingredients,,0.37,Calculation on the basis of ingredients,,0.09,Calculation on the basis of ingredients,,0.22,Calculation on the basis of ingredients,,2.57,Calculation on the basis of ingredients,,22.4,Calculation on the basis of ingredients,,1.64,Calculation on the basis of ingredients,,2.6,Calculation on the basis of ingredients,,1.7,Calculation on the basis of ingredients,,0.23,Calculation on the basis of ingredients,,320,Calculation on the basis of ingredients,,140,Calculation on the basis of ingredients,,260,Calculation on the basis of ingredients,,46,Calculation on the basis of ingredients,,14,Calculation on the basis of ingredients,,130,Calculation on the basis of ingredients,,1.1,Calculation on the basis of ingredients,,19,Calculation on the basis of ingredients,,0.7,Calculation on the basis of ingredients,,n.d.,,,Ja
1494,,,"Thin pancakes with Nutella, prepared",,Prepared dishes/Other sweet dishes,,per 100g edible portion,1570,Automated calculation,,377,Automated calculation,,22.2,Calculation on the basis of ingredients,,9,Calculation on the basis of ingredients,,9.1,Calculation on the basis of ingredients,,2.3,Calculation on the basis of ingredients,,110,Calculation on the basis of ingredients,,35.6,Calculation on the basis of ingredients,,26.5,Calculation on the basis of ingredients,,9,Calculation on the basis of ingredients,,1.7,Calculation on the basis of ingredients,,7.8,Calculation on the basis of ingredients,,0.3,Automated calculation,,0,Calculation on the basis of ingredients,,33,Automated calculation,,85,Automated calculation,,82,Automated calculation,,80,Calculation on the basis of ingredients,,27,Calculation on the basis of ingredients,,16,Calculation on the basis of ingredients,,0.08,Calculation on the basis of ingredients,,0.21,Calculation on the basis of ingredients,,0.09,Calculation on the basis of ingredients,,0.4,Calculation on the basis of ingredients,,0.32,Calculation on the basis of ingredients,,16.4,Calculation on the basis of ingredients,,0.77,Calculation on the basis of ingredients,,0.4,Calculation on the basis of ingredients,,0.7,Calculation on the basis of ingredients,,2.78,Calculation on the basis of ingredients,,240,Calculation on the basis of ingredients,,100,Calculation on the basis of ingredients,,170,Calculation on the basis of ingredients,,110,Calculation on the basis of ingredients,,32,Calculation on the basis of ingredients,,160,Calculation on the basis of ingredients,,1.1,Calculation on the basis of ingredients,,12,Calculation on the basis of ingredients,,1,Calculation on the basis of ingredients,,5.1,Calculation on the basis of ingredients,,Nein
1488,,,"Thin pancakes with sugar and cinnamon, prepared",,Prepared dishes/Other sweet dishes,,per 100g edible portion,1070,Automated calculation,,255,Automated calculation,,11.7,Calculation on the basis of ingredients,,5.7,Calculation on the basis of ingredients,,3.2,Calculation on the basis of ingredients,,1.1,Calculation on the basis of ingredients,,178,Calculation on the basis of ingredients,,29,Calculation on the basis of ingredients,,14.9,Calculation on the basis of ingredients,,14,Calculation on the basis of ingredients,,0.7,Calculation on the basis of ingredients,,8.1,Calculation on the basis of ingredients,,0.3,Automated calculation,,0,Calculation on the basis of ingredients,,50.7,Automated calculation,,135,Automated calculation,,132,Automated calculation,,129,Calculation on the basis of ingredients,,40,Calculation on the basis of ingredients,,23,Calculation on the basis of ingredients,,0.08,Calculation on the basis of ingredients,,0.2,Calculation on the basis of ingredients,,0.07,Calculation on the basis of ingredients,,0.52,Calculation on the basis of ingredients,,0.22,Calculation on the basis of ingredients,,19.9,Calculation on the basis of ingredients,,0.87,Calculation on the basis of ingredients,,0.3,Calculation on the basis of ingredients,,1.1,Calculation on the basis of ingredients,,0.25,Calculation on the basis of ingredients,,160,Calculation on the basis of ingredients,,130,Calculation on the basis of ingredients,,220,Calculation on the basis of ingredients,,85,Calculation on the basis of ingredients,,15,Calculation on the basis of ingredients,,140,Calculation on the basis of ingredients,,1,Calculation on the basis of ingredients,,16,Calculation on the basis of ingredients,,0.9,Calculation on the basis of ingredients,,n.d.,,,Ja
1493,,,"Thin pancakes with vegetable filling, prepared",,Prepared dishes/Other savoury dishes,,per 100g edible portion,691,Automated calculation,,166,Automated calculation,,9.4,Calculation on the basis of ingredients,,4,Calculation on the basis of ingredients,,3.2,Calculation on the basis of ingredients,,0.9,Calculation on the basis of ingredients,,119,Calculation on the basis of ingredients,,13.6,Calculation on the basis of ingredients,,4,Calculation on the basis of ingredients,,9.4,Calculation on the basis of ingredients,,1.6,Calculation on the basis of ingredients,,6,Calculation on the basis of ingredients,,0.2,Automated calculation,,0,Calculation on the basis of ingredients,,69.6,Automated calculation,,333,Automated calculation,,210,Automated calculation,,86,Calculation on the basis of ingredients,,1480,Calculation on the basis of ingredients,,1103,Calculation on the basis of ingredients,,0.08,Calculation on the basis of ingredients,,0.15,Calculation on the basis of ingredients,,0.15,Calculation on the basis of ingredients,,0.35,Calculation on the basis of ingredients,,0.45,Calculation on the basis of ingredients,,29.4,Calculation on the basis of ingredients,,0.67,Calculation on the basis of ingredients,,29.1,Calculation on the basis of ingredients,,0.7,Calculation on the basis of ingredients,,0.57,Calculation on the basis of ingredients,,200,Calculation on the basis of ingredients,,95,Calculation on the basis of ingredients,,160,Calculation on the basis of ingredients,,65,Calculation on the basis of ingredients,,15,Calculation on the basis of ingredients,,110,Calculation on the basis of ingredients,,0.9,Calculation on the basis of ingredients,,12,Calculation on the basis of ingredients,,0.8,Calculation on the basis of ingredients,,n.d.,,,Nein
460,4419,1000941,"Thyme, fresh",,Vegetables/Herbs,,per 100g edible portion,219,Automated calculation,,52,Automated calculation,,1.2,-,9,0.6,-,9,0.1,-,9,0.3,-,9,0,-,5,7.3,-,9,7.3,-,22,0.1,-,9,3,-,9,1.5,-,9,0,Automated calculation,,0,-,5,85,-,9,475,Automated calculation,,238,Automated calculation,,0,Estimation,51,2851,Estimation,51,2851,-,156,0.08,-,9,0.07,-,9,0.15,-,5,0,-,9,0.8,-,9,19.5,-,5,0,-,9,0,-,5,0,-,5,0.8,-,5,130,-,9,9,-,9,32,-,9,310,-,9,36,-,9,32,-,9,20,-,9,1,-,9,1,-,9,n.d.,,,Nein
556,3893,1001077,"Tilsiter, pasteurized milk, at least 45% fidm",,Milk and dairy products/Hard cheese,,per 100g edible portion,1460,Automated calculation,,351,Automated calculation,,28,-,177,16.8,-,177,6.6,-,177,1.3,-,177,84,-,177,0,Estimation,1408,0,Estimation,1408,0,-,22,0,-,22,24.1,Estimation,1662,1.4,Automated calculation,,0,-,22,42,-,177,299,Automated calculation,,287,Automated calculation,,274,-,8,150,Estimation,51,150,-,8,0.05,-,9,0.27,-,9;1659,0.06,-,9,1.64,-,9;1659,0.21,-,9,30,-,9,0.41,-,9;1659,tr.,-,22,0.5,-,9;1659,0.76,-,9,60,-,177,550,-,177,850,-,177,840,-,177,29,-,177,510,-,177,0.1,-,9,7.3,-,1333;1399,3.7,-,177,n.d.,,,Nein
557,4527,1001078,"Tilsiter, raw milk, at least 45% fidm",,Milk and dairy products/Hard cheese,,per 100g edible portion,1560,Automated calculation,,376,Automated calculation,,30.2,-,28,18.1,-,177,7.1,-,177,1.4,-,177,91,-,177,0,Estimation,1408,0,Estimation,1408,0,-,22,0,-,22,25.6,Estimation,1662,1.7,Automated calculation,,0,-,22,39.6,-,177,299,Automated calculation,,287,Automated calculation,,274,-,8,150,Estimation,51,150,-,8,0.05,-,22,0.38,-,22;1659,0.06,-,22,1.33,-,22;1659,0.23,-,22,33,-,22,0.44,-,22;1659,tr.,-,22,0.6,-,22;1659,0.84,-,22,98,-,177,690,-,177,1060,-,177,900,-,177,24,-,177,540,-,177,0.3,-,177,7.9,-,1333;1399,4.2,-,177,n.d.,,,Nein
490,4539,1000977,Tofu,,Meat substitutes,,per 100g edible portion,337,Automated calculation,,81,Automated calculation,,4.8,-,5,0.1,-,5,1.1,-,5,2.7,-,5,0,-,5,0.7,-,5,tr.,-,22,tr.,-,22,1.2,-,5,8.1,-,5,0,Automated calculation,,0,-,5,84.6,-,5,9,Automated calculation,,5,Automated calculation,,0,Estimation,51,54,-,81,n.d.,,,0.08,-,5;1642,0.05,-,5,0.05,-,5;1642,tr.,-,22,1.2,-,5,15,-,5,0.09,-,36;1642,0,-,5,0,-,5,0.01,-,5,120,-,5,7,-,5,16,-,9,110,-,5,99,-,36,97,-,5,5.4,-,5,10,-,9,0.8,-,5,n.d.,,,Nein
564,3601,1001085,Tomato juice,,Non-alcoholic beverages/Fruit and vegetable juices;Vegetables/Vegetable juices,1.1,per 100ml food volume,65,Automated calculation,,15,Automated calculation,,tr.,-,44,0,-,8,0,-,8,0.1,-,8,0,Estimation,51,3,-,44,2.1,-,8,0.1,-,8,0.1,-,9,0.8,-,44,0.5,Automated calculation,,0,-,22,95.3,-,22,66,Automated calculation,,33,Automated calculation,,0,Estimation,51,397,Estimation,51,397,-,89,0.03,-,9,0.03,-,9,0.05,-,9,0,-,9,0.4,-,9,16,-,9,0.22,-,9,9.9,-,9,0,-,43,0.82,-,9,220,-,9,220,-,9,400,-,9,14,-,9,13,-,9,26,-,9,0.5,-,9,2,-,9,0.2,-,9,n.d.,,,Ja
636,4726,1001187,Tomato paste,,Vegetables/Cooked vegetables (incl. cans),,per 100g edible portion,326,Automated calculation,,77,Automated calculation,,0.2,-,9,0,-,9,0,-,9,0.1,-,9,0,-,22,12.9,-,9,12.4,-,9,0.4,-,9,2.8,-,9,4.5,-,9,0.6,Automated calculation,,0,-,22,76.7,-,9,76,Automated calculation,,38,Automated calculation,,0,Estimation,51,456,Estimation,51,456,-,109,0.22,-,9,0.12,-,9,0.44,-,9,0,-,9,3.5,-,9,54,-,9,1,-,9,38,-,9,0,-,9,5.37,-,9,1150,-,9,240,-,9,490,-,9,48,-,9,48,-,9,94,-,9,1.6,-,9,4,-,9,0.7,-,9,n.d.,,,Nein
637,4138,1001188,"Tomato, peeled (pelati), canned",,Vegetables/Cooked vegetables (incl. cans),,per 100g edible portion,82,Automated calculation,,20,Automated calculation,,0.2,-,1008,0,-,1008,0,-,1008,0.1,-,1008,0,-,43,3,-,43,2.9,-,43,0.1,-,43,1,-,43,0.9,-,43,0.3,Automated calculation,,0,-,43,93.8,-,43,71,Automated calculation,,35,Automated calculation,,0,Estimation,51,423,Estimation,51,353,-,89,0.05,-,43,0.03,-,43,0.06,-,43,0,-,43,0.7,-,43,11,-,43,0.2,-,43,13,-,43,0,-,43,1,-,43,240,-,43,100,-,43,360,-,9,16,-,43,12,-,43,20,-,43,0.7,-,43,2,-,9,0.1,-,9,n.d.,,,Nein
1618,,,"Tomato quiche, baked (with cake dough)",,"Prepared dishes/Cakes, pies and gratins",,per 100g edible portion,659,Automated calculation,,158,Automated calculation,,10.2,Calculation on the basis of ingredients,,5.6,Calculation on the basis of ingredients,,2.5,Calculation on the basis of ingredients,,0.8,Calculation on the basis of ingredients,,72,Calculation on the basis of ingredients,,12.3,Calculation on the basis of ingredients,,2.6,Calculation on the basis of ingredients,,9.6,Calculation on the basis of ingredients,,1.1,Calculation on the basis of ingredients,,3.9,Calculation on the basis of ingredients,,0.4,Automated calculation,,0,Calculation on the basis of ingredients,,72.7,Automated calculation,,154,Automated calculation,,129,Automated calculation,,104,Calculation on the basis of ingredients,,298,Calculation on the basis of ingredients,,263,Calculation on the basis of ingredients,,0.06,Calculation on the basis of ingredients,,0.08,Calculation on the basis of ingredients,,0.07,Calculation on the basis of ingredients,,0.17,Calculation on the basis of ingredients,,0.41,Calculation on the basis of ingredients,,13.6,Calculation on the basis of ingredients,,0.41,Calculation on the basis of ingredients,,8.7,Calculation on the basis of ingredients,,0.4,Calculation on the basis of ingredients,,0.76,Calculation on the basis of ingredients,,180,Calculation on the basis of ingredients,,140,Calculation on the basis of ingredients,,230,Calculation on the basis of ingredients,,34,Calculation on the basis of ingredients,,11,Calculation on the basis of ingredients,,64,Calculation on the basis of ingredients,,0.6,Calculation on the basis of ingredients,,5.6,Calculation on the basis of ingredients,,0.4,Calculation on the basis of ingredients,,n.d.,,,Nein
1617,,,"Tomato quiche, baked (with puff pastry)",,"Prepared dishes/Cakes, pies and gratins",,per 100g edible portion,646,Automated calculation,,155,Automated calculation,,11.1,Calculation on the basis of ingredients,,6.2,Calculation on the basis of ingredients,,2.7,Calculation on the basis of ingredients,,0.8,Calculation on the basis of ingredients,,74,Calculation on the basis of ingredients,,10,Calculation on the basis of ingredients,,2.6,Calculation on the basis of ingredients,,7.3,Calculation on the basis of ingredients,,1,Calculation on the basis of ingredients,,3.5,Calculation on the basis of ingredients,,0.4,Automated calculation,,0,Calculation on the basis of ingredients,,74.6,Automated calculation,,164,Automated calculation,,138,Automated calculation,,113,Calculation on the basis of ingredients,,302,Calculation on the basis of ingredients,,267,Calculation on the basis of ingredients,,0.05,Calculation on the basis of ingredients,,0.08,Calculation on the basis of ingredients,,0.07,Calculation on the basis of ingredients,,0.17,Calculation on the basis of ingredients,,0.39,Calculation on the basis of ingredients,,13.3,Calculation on the basis of ingredients,,0.39,Calculation on the basis of ingredients,,8.7,Calculation on the basis of ingredients,,0.5,Calculation on the basis of ingredients,,0.77,Calculation on the basis of ingredients,,170,Calculation on the basis of ingredients,,140,Calculation on the basis of ingredients,,240,Calculation on the basis of ingredients,,34,Calculation on the basis of ingredients,,9.8,Calculation on the basis of ingredients,,61,Calculation on the basis of ingredients,,0.6,Calculation on the basis of ingredients,,5.6,Calculation on the basis of ingredients,,0.4,Calculation on the basis of ingredients,,n.d.,,,Nein
348,4329,1000809,"Tomato, raw",,Vegetables/Fresh vegetables,,per 100g edible portion,89,Automated calculation,,21,Automated calculation,,0.3,-,43,0.1,-,43,0.1,-,43,0.1,-,43,0,-,43,3.2,-,43,3.2,-,43,tr.,-,43,1.2,-,43,0.8,-,43,0,Automated calculation,,0,-,43,93.8,-,43,76,Automated calculation,,38,Automated calculation,,0,Estimation,51,456,-,51;1662,432,-,87;1669,0.05,-,43;1669,0.04,-,43,0.08,-,43;1669,0,-,43,0.6,-,43,24,-,43,0.3,-,43,20.6,-,43;1669,0,-,43,1,-,43,220,-,318,1.6,-,318,30,-,36,8.5,-,318,6.3,-,318,17,-,318,0.2,-,318,1.1,-,36,0.1,-,318,n.d.,,,Nein
667,4404,1001226,Tomato sauce,,Various/Sauces,,per 100g edible portion,288,Automated calculation,,69,Automated calculation,,2.1,-,22,0.5,-,22,0.9,-,22,0.6,-,22,0,-,43,9.7,-,22,4.1,-,22,5.5,-,22,1.9,-,43,1.8,-,22,1.4,Automated calculation,,0,-,43,82.5,-,22,121,Automated calculation,,62,Automated calculation,,3,-,8,709,Estimation,51,709,-,8,0.06,-,43,0.05,-,43,0,-,43,0,-,43,1,-,43,12,-,43,0.3,-,43,11,-,43,0.1,-,43,0.5,-,43,360,-,43,540,-,43,tr.,-,22,23,-,43,17,-,43,33,-,43,1.4,-,43,1.6,-,9,0.4,-,9,n.d.,,,Nein
670,4199,1001229,Tomato soup,,Prepared dishes/Stews and soups,1,per 100g edible portion,177,Automated calculation,,42,Automated calculation,,1.1,-,22,<0.5,-,18,0.4,-,22,0,-,22,<1,-,18,6.6,-,22,3.5,-,18,3.1,-,22,0.7,-,18,1,-,22,1,Automated calculation,,0,-,43,89,-,22,25,Automated calculation,,12,Automated calculation,,0,Estimation,51,147,Estimation,51,147,-,110,0.03,-,43,0.02,-,43,0.06,-,43,0,-,43,0.6,-,43,6,-,43,0.2,-,43,7,-,43,0,-,43,0.08,-,22,140,-,43,410,-,18,330,-,9,8,-,43,8,-,43,16,-,43,0.4,-,43,3,-,9,0.2,-,9,n.d.,,,Nein
1027,4261,,"Tomato, stewed (without addition of fat and salt)",,Vegetables/Cooked vegetables (incl. cans),,per 100g edible portion,117,Automated calculation,,28,Automated calculation,,0.4,Calculation on the basis of ingredients,,0.1,Calculation on the basis of ingredients,,0.1,Calculation on the basis of ingredients,,0.2,Calculation on the basis of ingredients,,0,Calculation on the basis of ingredients,,4.2,Calculation on the basis of ingredients,,4.2,Calculation on the basis of ingredients,,0,Calculation on the basis of ingredients,,1.6,Calculation on the basis of ingredients,,1.1,Calculation on the basis of ingredients,,0,Automated calculation,,0,Calculation on the basis of ingredients,,92.8,Automated calculation,,100,Automated calculation,,50,Automated calculation,,0,Calculation on the basis of ingredients,,600,Calculation on the basis of ingredients,,511,Calculation on the basis of ingredients,,0.05,Calculation on the basis of ingredients,,0.05,Calculation on the basis of ingredients,,0.09,Calculation on the basis of ingredients,,0,Calculation on the basis of ingredients,,0.75,Calculation on the basis of ingredients,,15.8,Calculation on the basis of ingredients,,0.36,Calculation on the basis of ingredients,,23,Calculation on the basis of ingredients,,0,Calculation on the basis of ingredients,,1.32,Calculation on the basis of ingredients,,290,Calculation on the basis of ingredients,,2.1,Calculation on the basis of ingredients,,39,Calculation on the basis of ingredients,,11,Calculation on the basis of ingredients,,8.3,Calculation on the basis of ingredients,,22,Calculation on the basis of ingredients,,0.2,Calculation on the basis of ingredients,,1.4,Calculation on the basis of ingredients,,0.1,Calculation on the basis of ingredients,,n.d.,,,Ja
615,3891,1001159,Tomme cheese,,Milk and dairy products/Soft cheese,,per 100g edible portion,1180,Automated calculation,,284,Automated calculation,,22.5,-,184,13.5,-,184,5.3,-,184,1,-,184,68,-,184,0,Estimation,1408,0,Estimation,1408,0,-,22,0,-,22,20.3,Estimation,1662,1.8,Automated calculation,,0,-,22,55,-,184,191,Automated calculation,,183,Automated calculation,,175,Estimation,51,100,Estimation,51,100,-,61,0.01,-,184,0.4,-,184,0.18,-,184,1.8,-,43,0.12,-,43,24,-,43,0.36,-,43,tr.,-,22,0.2,-,43,0.59,-,184,76,-,184,720,-,184,980,-,184,290,-,184,18,-,184,230,-,184,0.1,-,184,tr.,-,22,1.9,-,184,n.d.,,,Nein
10378,,,"Tongue (average of veal and beef), raw",,Meat and offal/Veal;Meat and offal/Beef,,per 100g edible portion,785,Automated calculation,,188,Automated calculation,,12.3,Calculation on the basis of ingredients,,4.4,Calculation on the basis of ingredients,,5.6,Calculation on the basis of ingredients,,1,Calculation on the basis of ingredients,,104,Calculation on the basis of ingredients,,2.8,Calculation on the basis of ingredients,,0,Calculation on the basis of ingredients,,0,Calculation on the basis of ingredients,,0,Calculation on the basis of ingredients,,16.6,Calculation on the basis of ingredients,,0.2,Automated calculation,,0,Calculation on the basis of ingredients,,68.3,Automated calculation,,15,Automated calculation,,13,Automated calculation,,11,Calculation on the basis of ingredients,,22,Calculation on the basis of ingredients,,22,Calculation on the basis of ingredients,,0.14,Calculation on the basis of ingredients,,0.29,Calculation on the basis of ingredients,,0.13,Calculation on the basis of ingredients,,4.5,Calculation on the basis of ingredients,,4.15,Calculation on the basis of ingredients,,6,Calculation on the basis of ingredients,,2,Calculation on the basis of ingredients,,2.9,Calculation on the basis of ingredients,,0,Calculation on the basis of ingredients,,0.18,Calculation on the basis of ingredients,,230,Calculation on the basis of ingredients,,83,Calculation on the basis of ingredients,,14,Calculation on the basis of ingredients,,9.5,Calculation on the basis of ingredients,,18,Calculation on the basis of ingredients,,180,Calculation on the basis of ingredients,,2.9,Calculation on the basis of ingredients,,2.3,Calculation on the basis of ingredients,,2.8,Calculation on the basis of ingredients,,n.d.,,,Ja
932,3566,1001605,"Tortilla chips, corn-based",,Savoury snacks/Chips/Crisps,,per 100g edible portion,2130,Automated calculation,,509,Automated calculation,,27.2,-,43,6.6,-,43,11.4,-,43,8.1,-,43,0,-,43,56,-,43,2.4,-,43,53.6,-,43,4.4,-,43,7.8,-,43,2.4,Automated calculation,,0,-,43,2,-,43,0,Automated calculation,,0,Automated calculation,,0,-,155,0,Estimation,51,0,-,155,0.15,-,43,0.2,-,43,0.17,-,43,0,-,43,1.8,-,43,18,-,43,0.3,-,43,0,-,43,0,-,43,5.9,-,43,190,-,43,970,-,43,tr.,-,43,67,-,43,43,-,43,130,-,43,1.9,-,43,tr.,-,43,tr.,-,43,n.d.,,,Nein
289,4019,851005,"Trout, raw",,Fish/Fresh water fish,,per 100g edible portion,533,Automated calculation,,127,Automated calculation,,7,-,84,1.7,Estimation,1003,2.2,Estimation,1003,2.5,Estimation,1003,n.d.,,,0,-,65,0,-,65,0,Estimation,51,0,-,65,16,-,84,0.1,Automated calculation,,0,Estimation,51,75.3,-,84,12,Automated calculation,,12,Automated calculation,,12,-,145,0,-,145,0,Estimation,51,0.08,-,65,0.06,-,65,0.54,-,145,5,-,145,n.d.,,,n.d.,,,n.d.,,,n.d.,,,n.d.,,,0.65,-,145,470,-,65,40,-,65,n.d.,,,14,-,65,30,-,145,220,-,65,2,-,65,14,-,88,0.4,-,145,n.d.,,,Nein
13349,,,"Trout, whole, boiled (without addition of fat and salt)",,Fish/Fresh water fish,,per 100g edible portion,666,Automated calculation,,159,Automated calculation,,8.8,Calculation on the basis of ingredients,,2.1,Calculation on the basis of ingredients,,2.8,Calculation on the basis of ingredients,,3.1,Calculation on the basis of ingredients,,n.d.,,,0,Calculation on the basis of ingredients,,0,Calculation on the basis of ingredients,,0,Calculation on the basis of ingredients,,0,Calculation on the basis of ingredients,,20.1,Calculation on the basis of ingredients,,0.1,Automated calculation,,0,Calculation on the basis of ingredients,,71.2,Automated calculation,,15,Automated calculation,,15,Automated calculation,,15,Calculation on the basis of ingredients,,0,Calculation on the basis of ingredients,,0,Calculation on the basis of ingredients,,0.08,Calculation on the basis of ingredients,,0.05,Calculation on the basis of ingredients,,0.47,Calculation on the basis of ingredients,,5,Calculation on the basis of ingredients,,n.d.,,,n.d.,,,n.d.,,,n.d.,,,n.d.,,,0.57,Calculation on the basis of ingredients,,440,Calculation on the basis of ingredients,,43,Calculation on the basis of ingredients,,n.d.,,,18,Calculation on the basis of ingredients,,32,Calculation on the basis of ingredients,,230,Calculation on the basis of ingredients,,2,Calculation on the basis of ingredients,,15,Calculation on the basis of ingredients,,0.6,Calculation on the basis of ingredients,,n.d.,,,Ja
418,4355,1000890,"Tuna in oil, drained",,Fish/Sea fish,,per 100g edible portion,780,Automated calculation,,186,Automated calculation,,8.4,-,43,1.5,-,43,2.6,-,43,3.7,-,43,33,-,43,0,-,43,0,-,43,0,Estimation,51,0,-,43,27.6,-,43,0.9,Automated calculation,,0,-,43,62.4,-,43,6,Automated calculation,,6,Automated calculation,,6,Estimation,51,0,Estimation,51,0,-,128,0.02,-,43,0.1,-,43,0.52,-,43,5,-,43,14,-,43,5,-,43,0.3,-,43,0,-,43,2.4,-,43;61;81;999,2,-,43,270,-,43,350,-,43,tr.,-,22,10,-,43,33,-,43,200,-,1404,1.2,-,43,43,-,9,0.6,-,36,n.d.,,,Nein
417,4352,1000889,"Tuna in water, drained",,Fish/Sea fish,,per 100g edible portion,494,Automated calculation,,117,Automated calculation,,1.6,-,43,0.5,-,43,0.4,-,43,0.5,-,43,54,-,43,0,-,43,0,-,43,0,Estimation,51,0,-,43,25.6,-,43,1,Automated calculation,,0,-,43,72,-,43,372,Automated calculation,,372,Automated calculation,,372,-,145,0,Estimation,51,0,Estimation,51,0.02,-,43,0.07,-,43,0.37,-,43,3,-,43,11.2,-,43,7,-,43,0.3,-,43,0,-,43,2.2,-,43;999,0.9,-,43,280,-,43,420,-,43,tr.,-,22,9,-,43,28,-,43,160,-,1404,1.6,-,43,tr.,-,22,0.7,-,9,n.d.,,,Nein
1613,,,Tuna salad on oil-vinagre-dressing (made from tuna in water),,Prepared dishes/Salads,,per 100g edible portion,456,Automated calculation,,109,Automated calculation,,4.8,Calculation on the basis of ingredients,,0.7,Calculation on the basis of ingredients,,3.2,Calculation on the basis of ingredients,,0.6,Calculation on the basis of ingredients,,16,Calculation on the basis of ingredients,,6.8,Calculation on the basis of ingredients,,3.2,Calculation on the basis of ingredients,,3.6,Calculation on the basis of ingredients,,1.1,Calculation on the basis of ingredients,,9,Calculation on the basis of ingredients,,0.8,Automated calculation,,0,Calculation on the basis of ingredients,,78.3,Automated calculation,,130,Automated calculation,,121,Automated calculation,,113,Calculation on the basis of ingredients,,103,Calculation on the basis of ingredients,,99,Calculation on the basis of ingredients,,0.03,Calculation on the basis of ingredients,,0.05,Calculation on the basis of ingredients,,0.16,Calculation on the basis of ingredients,,0.91,Calculation on the basis of ingredients,,3.95,Calculation on the basis of ingredients,,16.5,Calculation on the basis of ingredients,,0.29,Calculation on the basis of ingredients,,3.6,Calculation on the basis of ingredients,,0.7,Calculation on the basis of ingredients,,1.76,Calculation on the basis of ingredients,,190,Calculation on the basis of ingredients,,330,Calculation on the basis of ingredients,,67,Calculation on the basis of ingredients,,8.7,Calculation on the basis of ingredients,,18,Calculation on the basis of ingredients,,77,Calculation on the basis of ingredients,,0.8,Calculation on the basis of ingredients,,0.6,Calculation on the basis of ingredients,,0.4,Calculation on the basis of ingredients,,n.d.,,,Nein
713,3778,1001301,"Turkey, breast (schnitzel, ground), raw",,Meat and offal/Poultry,,per 100g edible portion,457,Automated calculation,,108,Automated calculation,,1.3,-,24,0.3,-,24,0.3,-,24,0.3,-,24,37,-,24,0,-,24,0,-,22,0,Estimation,51,0,-,22,24,-,24,0.2,Automated calculation,,0,-,22,73.5,-,24,3,Automated calculation,,3,Automated calculation,,3,-,145;1662;1690,0,Estimation,51,0,Estimation,51,0.12,-,43;1673;1690,0.1,-,43;1673;1690,0.4,-,43;1673;1690,0.7,-,43,9.19,-,43;1673;1690,8,-,43,0.8,-,43,0,-,43,tr.,-,22,tr.,-,22,330,-,43,63,-,43,tr.,-,22,7.9,-,43,32,-,43,210,-,43,0.7,-,43,1.5,-,1007,1.8,-,36,8.9,-,1544,Nein
13275,,,"Turkey, brest, schnitzel, ground, pan fried (without addition of fat and salt)",,Meat and offal/Poultry,,per 100g edible portion,617,Automated calculation,,146,Automated calculation,,1.8,Calculation on the basis of ingredients,,0.4,Calculation on the basis of ingredients,,0.4,Calculation on the basis of ingredients,,0.4,Calculation on the basis of ingredients,,50,Calculation on the basis of ingredients,,0,Calculation on the basis of ingredients,,0,Calculation on the basis of ingredients,,0,Calculation on the basis of ingredients,,0,Calculation on the basis of ingredients,,32.4,Calculation on the basis of ingredients,,0.2,Automated calculation,,0,Calculation on the basis of ingredients,,65.8,Automated calculation,,4,Automated calculation,,4,Automated calculation,,4,Calculation on the basis of ingredients,,0,Calculation on the basis of ingredients,,0,Calculation on the basis of ingredients,,0.11,Calculation on the basis of ingredients,,0.13,Calculation on the basis of ingredients,,0.3,Calculation on the basis of ingredients,,0.61,Calculation on the basis of ingredients,,9.93,Calculation on the basis of ingredients,,5.4,Calculation on the basis of ingredients,,0.86,Calculation on the basis of ingredients,,0,Calculation on the basis of ingredients,,0,Calculation on the basis of ingredients,,0,Calculation on the basis of ingredients,,400,Calculation on the basis of ingredients,,72,Calculation on the basis of ingredients,,0,Calculation on the basis of ingredients,,11,Calculation on the basis of ingredients,,35,Calculation on the basis of ingredients,,240,Calculation on the basis of ingredients,,0.9,Calculation on the basis of ingredients,,2,Calculation on the basis of ingredients,,2.4,Calculation on the basis of ingredients,,12,Calculation on the basis of ingredients,,Ja
887,4661,1001559,Tyrolese cake,,Sweets/Cakes and tarts,,per 100g edible portion,1720,Automated calculation,,411,Automated calculation,,23.2,Calculation on the basis of ingredients,,10.3,Calculation on the basis of ingredients,,9,Calculation on the basis of ingredients,,1.8,Calculation on the basis of ingredients,,114,Calculation on the basis of ingredients,,41.1,Calculation on the basis of ingredients,,20.5,Calculation on the basis of ingredients,,20.2,Calculation on the basis of ingredients,,2.5,Calculation on the basis of ingredients,,8.2,Calculation on the basis of ingredients,,0.1,Automated calculation,,0,Calculation on the basis of ingredients,,25.7,Automated calculation,,158,Automated calculation,,153,Automated calculation,,148,Calculation on the basis of ingredients,,62,Calculation on the basis of ingredients,,52,Calculation on the basis of ingredients,,0.1,Calculation on the basis of ingredients,,0.11,Calculation on the basis of ingredients,,0.11,Calculation on the basis of ingredients,,0.26,Calculation on the basis of ingredients,,0.42,Calculation on the basis of ingredients,,12.9,Calculation on the basis of ingredients,,0.57,Calculation on the basis of ingredients,,0.3,Calculation on the basis of ingredients,,0.7,Calculation on the basis of ingredients,,2.87,Calculation on the basis of ingredients,,250,Calculation on the basis of ingredients,,53,Calculation on the basis of ingredients,,100,Calculation on the basis of ingredients,,55,Calculation on the basis of ingredients,,39,Calculation on the basis of ingredients,,130,Calculation on the basis of ingredients,,1.7,Calculation on the basis of ingredients,,8.4,Calculation on the basis of ingredients,,1.1,Calculation on the basis of ingredients,,n.d.,,,Ja
536,4613,1001053,Vacherin Fribourgeois,,Milk and dairy products/Hard cheese,,per 100g edible portion,1540,Automated calculation,,370,Automated calculation,,30.4,-,184,18.2,-,184,7.1,-,184,1.4,-,184,91,-,184,0,Estimation,1408,0,Estimation,1408,0,-,22,0,-,22,23.5,Estimation,1662,1.5,Automated calculation,,0,-,22,42.3,-,184,525,Automated calculation,,513,Automated calculation,,500,Estimation,51,150,-,127,150,Estimation,,0.01,-,184,0.33,-,184;1659,0.09,-,1075,1.62,-,35;1659,0.14,-,35,33.2,-,35,0.42,-,35;1659,tr.,-,22,0.4,-,35;1659,0.81,-,184,88,-,184,600,-,1075,760,-,184,640,-,1075,25,-,184,460,-,1075,0.1,-,184,27,-,35,2.7,-,184,n.d.,,,Nein
534,4616,1001049,Vacherin Mont d'or,,Milk and dairy products/Soft cheese,,per 100g edible portion,1160,Automated calculation,,279,Automated calculation,,23.2,-,184,13.9,-,184,5.4,-,184,1.1,-,184,70,-,184,0,Estimation,1408,0,Estimation,1408,0,-,22,0,-,22,17.2,Estimation,1662,1.7,Automated calculation,,0,-,22,56.8,-,184,503,Automated calculation,,492,Automated calculation,,480,Estimation,51,140,-,127,n.d.,,,0.01,-,184,0.26,-,184,0.26,-,184,2.06,-,35,0.2,-,35,51.5,-,35,0.4,-,35,tr.,-,22,0.5,-,35,0.64,-,184,78,-,184,690,-,1075,1010,-,184,430,-,1075,20,-,184,300,-,1075,0.1,-,184,20,-,35,1.9,-,184,n.d.,,,Nein
13413,,,"Vanille cream, cooked",,Sweets/Creams and puddings,,per 100g edible portion,460,Automated calculation,,110,Automated calculation,,4.6,Calculation on the basis of ingredients,,2.3,Calculation on the basis of ingredients,,1.3,Calculation on the basis of ingredients,,0.4,Calculation on the basis of ingredients,,78,Calculation on the basis of ingredients,,12.7,Calculation on the basis of ingredients,,11.6,Calculation on the basis of ingredients,,1.2,Calculation on the basis of ingredients,,0,Calculation on the basis of ingredients,,4.2,Calculation on the basis of ingredients,,0.1,Calculation on the basis of ingredients,,0,Calculation on the basis of ingredients,,78.3,Automated calculation,,60,Automated calculation,,59,Automated calculation,,57,Calculation on the basis of ingredients,,18,Calculation on the basis of ingredients,,15,Calculation on the basis of ingredients,,0.03,Calculation on the basis of ingredients,,0.19,Calculation on the basis of ingredients,,0.03,Calculation on the basis of ingredients,,0.4,Calculation on the basis of ingredients,,0.08,Calculation on the basis of ingredients,,10.9,Calculation on the basis of ingredients,,0.49,Calculation on the basis of ingredients,,0.5,Calculation on the basis of ingredients,,0.5,Calculation on the basis of ingredients,,0.14,Calculation on the basis of ingredients,,140,Calculation on the basis of ingredients,,50,Calculation on the basis of ingredients,,100,Calculation on the basis of ingredients,,100,Calculation on the basis of ingredients,,9.4,Calculation on the basis of ingredients,,100,Calculation on the basis of ingredients,,0.3,Calculation on the basis of ingredients,,12,Calculation on the basis of ingredients,,0.5,Calculation on the basis of ingredients,,n.d.,,,Ja
1106,4027,,"Veal (average excluding offal, chop), raw",,Meat and offal/Veal,,per 100g edible portion,536,Automated calculation,,128,Automated calculation,,4.8,Calculation on the basis of ingredients,,1.9,Calculation on the basis of ingredients,,2,Calculation on the basis of ingredients,,0.5,Calculation on the basis of ingredients,,71,Calculation on the basis of ingredients,,0,Calculation on the basis of ingredients,,0,Calculation on the basis of ingredients,,0,Calculation on the basis of ingredients,,0,Calculation on the basis of ingredients,,21.1,Calculation on the basis of ingredients,,0.2,Automated calculation,,0,Calculation on the basis of ingredients,,74.1,Automated calculation,,6,Automated calculation,,5,Automated calculation,,5,Calculation on the basis of ingredients,,5,Calculation on the basis of ingredients,,5,Calculation on the basis of ingredients,,0.08,Calculation on the basis of ingredients,,0.23,Calculation on the basis of ingredients,,0.45,Calculation on the basis of ingredients,,1.47,Calculation on the basis of ingredients,,8.27,Calculation on the basis of ingredients,,10.1,Calculation on the basis of ingredients,,1.4,Calculation on the basis of ingredients,,0,Calculation on the basis of ingredients,,2.5,Calculation on the basis of ingredients,,0.35,Calculation on the basis of ingredients,,340,Calculation on the basis of ingredients,,66,Calculation on the basis of ingredients,,68,Calculation on the basis of ingredients,,9.7,Calculation on the basis of ingredients,,22,Calculation on the basis of ingredients,,200,Calculation on the basis of ingredients,,1.1,Calculation on the basis of ingredients,,1.3,Calculation on the basis of ingredients,,2.6,Calculation on the basis of ingredients,,n.d.,,,Ja
1071,3556,,"Veal, breast, cooked (without addition of fat and salt)",,Meat and offal/Veal,,per 100g edible portion,1210,Automated calculation,,291,Automated calculation,,20.7,Calculation on the basis of ingredients,,8.8,Calculation on the basis of ingredients,,9.7,Calculation on the basis of ingredients,,1.6,Calculation on the basis of ingredients,,104,Calculation on the basis of ingredients,,0,Calculation on the basis of ingredients,,0,Calculation on the basis of ingredients,,n.d.,,,0,Calculation on the basis of ingredients,,26.1,Calculation on the basis of ingredients,,0.1,Automated calculation,,0,Calculation on the basis of ingredients,,53.1,Automated calculation,,8,Automated calculation,,8,Automated calculation,,7,Calculation on the basis of ingredients,,7,Calculation on the basis of ingredients,,5,Calculation on the basis of ingredients,,0.05,Calculation on the basis of ingredients,,0.22,Calculation on the basis of ingredients,,0.18,Calculation on the basis of ingredients,,1.37,Calculation on the basis of ingredients,,n.d.,,,6.5,Calculation on the basis of ingredients,,1.29,Calculation on the basis of ingredients,,0,Calculation on the basis of ingredients,,5.4,Calculation on the basis of ingredients,,0.31,Calculation on the basis of ingredients,,220,Calculation on the basis of ingredients,,41,Calculation on the basis of ingredients,,96,Calculation on the basis of ingredients,,6.1,Calculation on the basis of ingredients,,15,Calculation on the basis of ingredients,,160,Calculation on the basis of ingredients,,0.9,Calculation on the basis of ingredients,,2.7,Calculation on the basis of ingredients,,3.7,Calculation on the basis of ingredients,,n.d.,,,Ja
1,3551,811047,"Veal, breast, raw",,Meat and offal/Veal,,per 100g edible portion,848,Automated calculation,,204,Automated calculation,,14.5,-,146,6.2,-,146,6.8,-,146,1.1,-,146,73,-,146,0,Estimation,51,0,Estimation,51,n.d.,,,0,Estimation,51,18.3,-,146,0.2,Automated calculation,,0,Estimation,51,63.9,-,146,6,Automated calculation,,5,Automated calculation,,<5,-,163,<5,-,51,<5,-,163,0.08,-,108,0.19,-,108,0.32,-,146,1.6,-,163,n.d.,,,7,-,34,1.5,-,163,0,Estimation,51,5,-,163,0.29,-,107,310,-,146,64,-,146,67,-,8,5.3,-,146,18,-,146,170,-,146,0.6,-,146,1.9,-,88,2.6,-,146,n.d.,,,Nein
13325,,,"Veal, chopped, pan fried  (without addition of fat and salt)",,Meat and offal/Veal,,per 100g edible portion,560,Automated calculation,,132,Automated calculation,,1.5,Calculation on the basis of ingredients,,0.6,Calculation on the basis of ingredients,,0.6,Calculation on the basis of ingredients,,0.4,Calculation on the basis of ingredients,,89,Calculation on the basis of ingredients,,0,Calculation on the basis of ingredients,,0,Calculation on the basis of ingredients,,n.d.,,,0,Calculation on the basis of ingredients,,29.7,Calculation on the basis of ingredients,,0.1,Automated calculation,,0,Calculation on the basis of ingredients,,68.8,Automated calculation,,8,Automated calculation,,7,Automated calculation,,7,Calculation on the basis of ingredients,,7,Calculation on the basis of ingredients,,4,Calculation on the basis of ingredients,,0.05,Calculation on the basis of ingredients,,0.22,Calculation on the basis of ingredients,,0.28,Calculation on the basis of ingredients,,1.51,Calculation on the basis of ingredients,,n.d.,,,8,Calculation on the basis of ingredients,,1.62,Calculation on the basis of ingredients,,0,Calculation on the basis of ingredients,,3.7,Calculation on the basis of ingredients,,0.37,Calculation on the basis of ingredients,,290,Calculation on the basis of ingredients,,59,Calculation on the basis of ingredients,,92,Calculation on the basis of ingredients,,5.8,Calculation on the basis of ingredients,,25,Calculation on the basis of ingredients,,230,Calculation on the basis of ingredients,,0.8,Calculation on the basis of ingredients,,2.6,Calculation on the basis of ingredients,,4.5,Calculation on the basis of ingredients,,n.d.,,,Ja
13,4434,812050,"Veal, chopped, raw",,Meat and offal/Veal,,per 100g edible portion,415,Automated calculation,,98,Automated calculation,,1.1,-,146,0.5,-,146,0.5,-,146,0.3,-,146,66,-,146,0,Estimation,51,0,Estimation,51,n.d.,,,0,Estimation,51,22,-,146,0.1,Automated calculation,,0,Estimation,51,75.2,-,146,6,Automated calculation,,5,Automated calculation,,<5,-,163,<5,-,51,<5,-,163,0.08,-,108,0.19,-,108,0.46,-,146,1.6,-,163,n.d.,,,7,-,34,1.5,-,163,0,Estimation,51,5,-,163,0.5,-,163,360,-,146,51,-,146,68,-,8,4.8,-,146,22,-,146,200,-,146,0.6,-,146,1.9,-,88,3.3,-,146,n.d.,,,Nein
2,4427,811051,"Veal, chop, raw",,Meat and offal/Veal,,per 100g edible portion,674,Automated calculation,,161,Automated calculation,,8.7,-,146,3.6,-,146,3.7,-,146,0.8,-,146,62,-,146,0,Estimation,51,0,Estimation,51,n.d.,,,0,Estimation,51,20.7,-,146,0.1,Automated calculation,,0,Estimation,51,69.8,-,146,6,Automated calculation,,5,Automated calculation,,<5,-,163,<5,-,51,<5,-,163,0.08,-,108,0.19,-,108,0.62,-,146,1.6,-,163,n.d.,,,7,-,34,1.5,-,163,0,Estimation,51,5,-,163,0.79,-,163,340,-,146,51,-,146,67,-,8,5.3,-,146,19,-,146,180,-,146,0.6,-,146,0.1,-,8,2.9,-,146,n.d.,,,Nein
14,4756,812053,"Veal, eye of round, raw",,Meat and offal/Veal,,per 100g edible portion,439,Automated calculation,,104,Automated calculation,,1.8,-,146,0.8,-,146,0.9,-,146,0.4,-,146,63,-,146,0,Estimation,51,0,Estimation,51,n.d.,,,0,Estimation,51,21.9,-,146,0.1,Automated calculation,,0,Estimation,51,74.6,-,146,6,Automated calculation,,5,Automated calculation,,<5,-,163,<5,-,51,<5,-,163,0.08,-,108,0.19,-,108,0.46,-,146,1.6,-,163,n.d.,,,7,-,34,1.5,-,163,0,Estimation,51,5,-,163,0.5,-,163,370,-,146,43,-,146,67,-,8,4,-,146,20,-,146,210,-,146,0.5,-,146,1.8,-,88,2.1,-,146,n.d.,,,Nein
660,3727,1001217,"Veal, filet, raw",,Meat and offal/Veal,,per 100g edible portion,502,Automated calculation,,119,Automated calculation,,3.8,-,24,1.3,-,24,1.3,-,24,0.4,-,24,78,-,24,0,-,24,0,-,22,0,Estimation,51,0,-,22,21.2,-,24,0.2,Automated calculation,,0,-,22,73.7,-,24,6,Automated calculation,,5,Automated calculation,,<5,-,163,<5,-,51,<5,-,163,0.07,-,9,0.26,-,9,0.56,-,9,1.2,-,9,9.08,-,9,14,-,9,1.39,-,9,0,-,9,tr.,-,22,0.3,-,9,320,-,9,91,-,9,69,-,9,17,-,9,25,-,9,210,-,9,1.4,-,9,0.1,-,9,2.5,-,9,n.d.,,,Nein
3,4428,811052,"Veal, filet, steak, raw",,Meat and offal/Veal,,per 100g edible portion,476,Automated calculation,,113,Automated calculation,,2.4,-,146,1.1,-,146,1.2,-,146,0.4,-,146,65,-,146,0,Estimation,51,0,Estimation,51,n.d.,,,0,Estimation,51,22.8,-,146,0.1,Automated calculation,,0,Estimation,51,73.4,-,146,6,Automated calculation,,5,Automated calculation,,<5,-,163,<5,-,51,<5,-,163,0.08,-,108,0.19,-,108,0.51,-,146,1.6,-,163,n.d.,,,7,-,34,1.5,-,163,0,Estimation,51,5,-,163,0.5,-,163,360,-,146,44,-,146,67,-,8,4.7,-,146,21,-,146,200,-,146,0.5,-,146,3.5,-,88,2.3,-,146,n.d.,,,Nein
673,4594,1001233,"Veal, kidney, raw",,Meat and offal/Veal,,per 100g edible portion,470,Automated calculation,,112,Automated calculation,,5,-,9,2.2,-,9,1.2,-,9,0.3,-,9,364,-,9,1,-,9,tr.,-,22,0,-,22,0,-,22,15.8,-,9,0.4,Automated calculation,,0,-,22,77,-,9,210,Automated calculation,,210,Automated calculation,,210,-,8,0,Estimation,51,0,Estimation,51,0.37,-,9,2.5,-,9,0.5,-,9,28.2,-,9,6.47,-,9,80,-,9,4,-,9,12.7,-,9,0.5,-,9,0.2,-,9,270,-,9,180,-,9,250,-,9,11,-,9,16,-,9,240,-,9,12,-,9,4.2,-,9,1.8,-,9,n.d.,,,Nein
13377,,,"Veal, knuckle, braised (whitout addition of fat and salt)",,Meat and offal/Veal,,per 100g edible portion,802,Automated calculation,,191,Automated calculation,,6.8,Calculation on the basis of ingredients,,2.2,Calculation on the basis of ingredients,,2.1,Calculation on the basis of ingredients,,0.6,Calculation on the basis of ingredients,,109,Calculation on the basis of ingredients,,0,Calculation on the basis of ingredients,,0,Calculation on the basis of ingredients,,0,Calculation on the basis of ingredients,,0,Calculation on the basis of ingredients,,32.3,Calculation on the basis of ingredients,,0.1,Automated calculation,,0,Calculation on the basis of ingredients,,60.9,Automated calculation,,9,Automated calculation,,8,Automated calculation,,8,Calculation on the basis of ingredients,,8,Calculation on the basis of ingredients,,6,Calculation on the basis of ingredients,,0.06,Calculation on the basis of ingredients,,0.35,Calculation on the basis of ingredients,,0.32,Calculation on the basis of ingredients,,0.94,Calculation on the basis of ingredients,,8.7,Calculation on the basis of ingredients,,14.2,Calculation on the basis of ingredients,,1.16,Calculation on the basis of ingredients,,0,Calculation on the basis of ingredients,,0,Calculation on the basis of ingredients,,0.35,Calculation on the basis of ingredients,,280,Calculation on the basis of ingredients,,44,Calculation on the basis of ingredients,,100,Calculation on the basis of ingredients,,6.6,Calculation on the basis of ingredients,,26,Calculation on the basis of ingredients,,270,Calculation on the basis of ingredients,,3.5,Calculation on the basis of ingredients,,0.2,Calculation on the basis of ingredients,,3.5,Calculation on the basis of ingredients,,n.d.,,,Ja
661,4595,1001218,"Veal, knuckle, raw",,Meat and offal/Veal,,per 100g edible portion,513,Automated calculation,,122,Automated calculation,,4.4,-,9,1.4,-,9,1.4,-,9,0.4,-,9,70,-,9,0,-,9,0,-,9,0,Estimation,51,0,-,22,20.7,-,9,0.2,Automated calculation,,0,-,22,73.8,-,9,6,Automated calculation,,5,Automated calculation,,<5,-,163,<5,-,51,<5,-,163,0.08,-,9,0.27,-,9,0.45,-,9,1,-,9,9.28,-,9,14,-,9,1.06,-,9,0,-,9,tr.,-,22,0.3,-,9,360,-,9,62,-,9,66,-,9,5,-,9,26,-,9,220,-,9,2.3,-,9,0.1,-,9,2.3,-,9,n.d.,,,Nein
10,4430,811090,"Veal, liver, raw",,Meat and offal/Veal,,per 100g edible portion,569,Automated calculation,,135,Automated calculation,,4.3,-,8,1.3,-,8,0.8,-,8,1.1,-,8,350,-,8,4.6,-,8,0,Estimation,51,n.d.,,,0,Estimation,51,19.6,-,8,0.2,Automated calculation,,0,Estimation,51,70.3,-,8,11457,Automated calculation,,11443,Automated calculation,,11430,-,100,160,-,145,n.d.,,,0.24,-,8,2.54,-,8,0.9,-,8,60,-,8,14.44,-,8,240,-,34,7.9,-,163,23,-,8,0.3,-,8,0.24,-,8,300,-,8,68,-,8,90,-,8,9,-,8,19,-,8,330,-,8,7.4,-,8,4.3,-,8,4,-,8,n.d.,,,Nein
11,4431,812048,"Veal, minced, raw",,Meat and offal/Veal,,per 100g edible portion,437,Automated calculation,,104,Automated calculation,,2.4,-,146,1.2,-,146,1.3,-,146,0.4,-,146,72,-,146,0,Estimation,51,0,Estimation,51,n.d.,,,0,Estimation,51,20.5,-,1406,0.1,Automated calculation,,0,Estimation,51,75.3,-,146,6,Automated calculation,,5,Automated calculation,,<5,-,163,<5,-,51,<5,-,163,0.08,-,108,0.19,-,108,0.51,-,146,1.6,-,163,n.d.,,,7,-,34,1.5,-,163,0,Estimation,51,5,-,163,0.5,-,163,330,-,146,57,-,146,68,-,8,4.9,-,146,20,-,146,190,-,146,0.8,-,146,1.9,-,88,3.3,-,146,n.d.,,,Nein
1667,,,"Veal piccata, prepared",,Prepared dishes/Other savoury dishes,,per 100g edible portion,931,Automated calculation,,223,Automated calculation,,11.9,Calculation on the basis of ingredients,,3.1,Calculation on the basis of ingredients,,5.9,Calculation on the basis of ingredients,,1.5,Calculation on the basis of ingredients,,185,Calculation on the basis of ingredients,,5.5,Calculation on the basis of ingredients,,0.1,Calculation on the basis of ingredients,,5.3,Calculation on the basis of ingredients,,0.3,Calculation on the basis of ingredients,,23.3,Calculation on the basis of ingredients,,0.8,Automated calculation,,0,Calculation on the basis of ingredients,,59.1,Automated calculation,,76,Automated calculation,,72,Automated calculation,,67,Calculation on the basis of ingredients,,54,Calculation on the basis of ingredients,,49,Calculation on the basis of ingredients,,0.06,Calculation on the basis of ingredients,,0.28,Calculation on the basis of ingredients,,0.2,Calculation on the basis of ingredients,,1.11,Calculation on the basis of ingredients,,5.89,Calculation on the basis of ingredients,,23.1,Calculation on the basis of ingredients,,1.22,Calculation on the basis of ingredients,,0,Calculation on the basis of ingredients,,0.8,Calculation on the basis of ingredients,,0.58,Calculation on the basis of ingredients,,230,Calculation on the basis of ingredients,,340,Calculation on the basis of ingredients,,500,Calculation on the basis of ingredients,,100,Calculation on the basis of ingredients,,24,Calculation on the basis of ingredients,,260,Calculation on the basis of ingredients,,2.3,Calculation on the basis of ingredients,,12,Calculation on the basis of ingredients,,2.6,Calculation on the basis of ingredients,,n.d.,,,Ja
15,4755,812054,"Veal, ragout, raw",,Meat and offal/Veal,,per 100g edible portion,429,Automated calculation,,102,Automated calculation,,2.4,-,146,1.1,-,146,1.3,-,146,0.4,-,146,72,-,146,0,Estimation,51,0,Estimation,51,n.d.,,,0,Estimation,51,20,-,146,0.1,Automated calculation,,0,Estimation,51,74.1,-,146,6,Automated calculation,,5,Automated calculation,,<5,-,163,<5,-,51,<5,-,163,0.08,-,108,0.19,-,108,0.51,-,146,1.6,-,163,n.d.,,,7,-,34,1.5,-,163,0,Estimation,51,5,-,163,0.29,-,107,330,-,146,57,-,146,68,-,8,4.7,-,146,19,-,146,190,-,146,0.6,-,146,0.8,-,88,3.7,-,146,n.d.,,,Nein
1669,,,"Veal ragout with gravy, prepared",,Prepared dishes/Other savoury dishes,,per 100g edible portion,384,Automated calculation,,91,Automated calculation,,3.5,Calculation on the basis of ingredients,,0.8,Calculation on the basis of ingredients,,2.3,Calculation on the basis of ingredients,,0.5,Calculation on the basis of ingredients,,40,Calculation on the basis of ingredients,,3,Calculation on the basis of ingredients,,1.5,Calculation on the basis of ingredients,,1.5,Calculation on the basis of ingredients,,0.6,Calculation on the basis of ingredients,,11.6,Calculation on the basis of ingredients,,0.7,Automated calculation,,0,Calculation on the basis of ingredients,,81.3,Automated calculation,,167,Automated calculation,,85,Automated calculation,,3,Calculation on the basis of ingredients,,984,Calculation on the basis of ingredients,,708,Calculation on the basis of ingredients,,0.03,Calculation on the basis of ingredients,,0.1,Calculation on the basis of ingredients,,0.15,Calculation on the basis of ingredients,,0.53,Calculation on the basis of ingredients,,n.d.,,,5.2,Calculation on the basis of ingredients,,0.63,Calculation on the basis of ingredients,,0.8,Calculation on the basis of ingredients,,2.1,Calculation on the basis of ingredients,,0.86,Calculation on the basis of ingredients,,120,Calculation on the basis of ingredients,,290,Calculation on the basis of ingredients,,460,Calculation on the basis of ingredients,,10,Calculation on the basis of ingredients,,9,Calculation on the basis of ingredients,,91,Calculation on the basis of ingredients,,0.4,Calculation on the basis of ingredients,,1,Calculation on the basis of ingredients,,2.1,Calculation on the basis of ingredients,,n.d.,,,Ja
662,4723,1001219,"Veal, round, schnitzel, raw",,Meat and offal/Veal,,per 100g edible portion,434,Automated calculation,,103,Automated calculation,,1.6,-,24,0.5,-,24,0.5,-,24,0.2,-,24,65,-,24,0,-,24,0,-,22,0,Estimation,51,0,-,22,22.2,-,24,0.2,Automated calculation,,0,-,22,75.3,-,24,6,Automated calculation,,5,Automated calculation,,<5,-,163,<5,-,51,<5,-,163,0.08,-,9,0.28,-,9,0.47,-,9,1.1,-,9,9.56,-,9,14,-,9,1.09,-,9,0,-,9,tr.,-,22,0.26,-,9,370,-,9,64,-,9,69,-,9,5,-,9,27,-,9,220,-,9,2.3,-,9,0.1,-,9,2.3,-,9,n.d.,,,Nein
1681,,,"Veal schnitzel, pan fried in rapeseed oil HOLL",,Meat and offal/Veal,,per 100g edible portion,817,Automated calculation,,195,Automated calculation,,9.1,Calculation on the basis of ingredients,,1.1,Calculation on the basis of ingredients,,6,Calculation on the basis of ingredients,,1.2,Calculation on the basis of ingredients,,83,Calculation on the basis of ingredients,,0,Calculation on the basis of ingredients,,0,Calculation on the basis of ingredients,,0,Calculation on the basis of ingredients,,0,Calculation on the basis of ingredients,,28.2,Calculation on the basis of ingredients,,1,Automated calculation,,0,Calculation on the basis of ingredients,,62.7,Automated calculation,,7,Automated calculation,,7,Automated calculation,,6,Calculation on the basis of ingredients,,6,Calculation on the basis of ingredients,,3,Calculation on the basis of ingredients,,0.05,Calculation on the basis of ingredients,,0.3,Calculation on the basis of ingredients,,0.27,Calculation on the basis of ingredients,,0.98,Calculation on the basis of ingredients,,9.73,Calculation on the basis of ingredients,,15.1,Calculation on the basis of ingredients,,1.11,Calculation on the basis of ingredients,,0,Calculation on the basis of ingredients,,0,Calculation on the basis of ingredients,,0.63,Calculation on the basis of ingredients,,280,Calculation on the basis of ingredients,,390,Calculation on the basis of ingredients,,560,Calculation on the basis of ingredients,,5.8,Calculation on the basis of ingredients,,29,Calculation on the basis of ingredients,,240,Calculation on the basis of ingredients,,2.8,Calculation on the basis of ingredients,,0.3,Calculation on the basis of ingredients,,3,Calculation on the basis of ingredients,,n.d.,,,Ja
13316,,,"Veal schnitzel, pan fried (without addition of fat and salt)",,Meat and offal/Veal,,per 100g edible portion,587,Automated calculation,,139,Automated calculation,,2.1,Calculation on the basis of ingredients,,0.6,Calculation on the basis of ingredients,,0.6,Calculation on the basis of ingredients,,0.3,Calculation on the basis of ingredients,,88,Calculation on the basis of ingredients,,0,Calculation on the basis of ingredients,,0,Calculation on the basis of ingredients,,0,Calculation on the basis of ingredients,,0,Calculation on the basis of ingredients,,29.9,Calculation on the basis of ingredients,,0.2,Automated calculation,,0,Calculation on the basis of ingredients,,68,Automated calculation,,8,Automated calculation,,7,Automated calculation,,7,Calculation on the basis of ingredients,,7,Calculation on the basis of ingredients,,4,Calculation on the basis of ingredients,,0.05,Calculation on the basis of ingredients,,0.32,Calculation on the basis of ingredients,,0.29,Calculation on the basis of ingredients,,1.04,Calculation on the basis of ingredients,,10.34,Calculation on the basis of ingredients,,16.1,Calculation on the basis of ingredients,,1.18,Calculation on the basis of ingredients,,0,Calculation on the basis of ingredients,,0,Calculation on the basis of ingredients,,0.19,Calculation on the basis of ingredients,,300,Calculation on the basis of ingredients,,74,Calculation on the basis of ingredients,,93,Calculation on the basis of ingredients,,6.1,Calculation on the basis of ingredients,,31,Calculation on the basis of ingredients,,260,Calculation on the basis of ingredients,,3,Calculation on the basis of ingredients,,0.1,Calculation on the basis of ingredients,,3.2,Calculation on the basis of ingredients,,n.d.,,,Ja
1073,4318,,"Veal, shoulder, roast in oven (without addition of fat and salt)",,Meat and offal/Veal,,per 100g edible portion,776,Automated calculation,,185,Automated calculation,,7.1,Calculation on the basis of ingredients,,2.1,Calculation on the basis of ingredients,,2,Calculation on the basis of ingredients,,0.7,Calculation on the basis of ingredients,,121,Calculation on the basis of ingredients,,0,Calculation on the basis of ingredients,,0,Calculation on the basis of ingredients,,0,Calculation on the basis of ingredients,,0,Calculation on the basis of ingredients,,30.1,Calculation on the basis of ingredients,,0.3,Automated calculation,,0,Calculation on the basis of ingredients,,62.8,Automated calculation,,9,Automated calculation,,8,Automated calculation,,7,Calculation on the basis of ingredients,,7,Calculation on the basis of ingredients,,5,Calculation on the basis of ingredients,,0.08,Calculation on the basis of ingredients,,0.38,Calculation on the basis of ingredients,,0.31,Calculation on the basis of ingredients,,1.9,Calculation on the basis of ingredients,,7.38,Calculation on the basis of ingredients,,14.8,Calculation on the basis of ingredients,,1.71,Calculation on the basis of ingredients,,0,Calculation on the basis of ingredients,,0,Calculation on the basis of ingredients,,0.22,Calculation on the basis of ingredients,,330,Calculation on the basis of ingredients,,120,Calculation on the basis of ingredients,,100,Calculation on the basis of ingredients,,30,Calculation on the basis of ingredients,,30,Calculation on the basis of ingredients,,270,Calculation on the basis of ingredients,,2,Calculation on the basis of ingredients,,0.1,Calculation on the basis of ingredients,,5.9,Calculation on the basis of ingredients,,n.d.,,,Ja
658,3902,1001215,"Veal, shoulder, roast, raw",,Meat and offal/Veal,,per 100g edible portion,520,Automated calculation,,124,Automated calculation,,4.8,-,24,1.4,-,9,1.4,-,9,0.5,-,9,81,-,24,0,-,24,0,-,24,0,Estimation,51,0,-,22,20.2,-,24,0.2,Automated calculation,,0,-,22,73.7,-,24,6,Automated calculation,,5,Automated calculation,,<5,-,163,<5,-,51,<5,-,163,0.09,-,9,0.29,-,9,0.39,-,9,1.7,-,9,6.18,-,9,11.7,-,9,1.43,-,9,0,-,9,tr.,-,22,0.27,-,9,310,-,9,91,-,9,68,-,9,22,-,9,23,-,9,200,-,9,1.4,-,9,0.1,-,9,4,-,9,n.d.,,,Nein
13324,,,"Veal,steak, pan fried (without addition of fat and salt)",,Meat and offal/Veal,,per 100g edible portion,678,Automated calculation,,161,Automated calculation,,5.1,Calculation on the basis of ingredients,,1.8,Calculation on the basis of ingredients,,1.7,Calculation on the basis of ingredients,,0.5,Calculation on the basis of ingredients,,106,Calculation on the basis of ingredients,,0,Calculation on the basis of ingredients,,0,Calculation on the basis of ingredients,,0,Calculation on the basis of ingredients,,0,Calculation on the basis of ingredients,,28.7,Calculation on the basis of ingredients,,0.3,Automated calculation,,0,Calculation on the basis of ingredients,,66.2,Automated calculation,,8,Automated calculation,,7,Automated calculation,,7,Calculation on the basis of ingredients,,7,Calculation on the basis of ingredients,,4,Calculation on the basis of ingredients,,0.04,Calculation on the basis of ingredients,,0.3,Calculation on the basis of ingredients,,0.34,Calculation on the basis of ingredients,,1.14,Calculation on the basis of ingredients,,9.82,Calculation on the basis of ingredients,,16.1,Calculation on the basis of ingredients,,1.5,Calculation on the basis of ingredients,,0,Calculation on the basis of ingredients,,0,Calculation on the basis of ingredients,,0.22,Calculation on the basis of ingredients,,260,Calculation on the basis of ingredients,,100,Calculation on the basis of ingredients,,93,Calculation on the basis of ingredients,,21,Calculation on the basis of ingredients,,29,Calculation on the basis of ingredients,,240,Calculation on the basis of ingredients,,1.8,Calculation on the basis of ingredients,,0.1,Calculation on the basis of ingredients,,3.4,Calculation on the basis of ingredients,,n.d.,,,Ja
672,4721,1001232,"Veal, sweetbread, raw",,Meat and offal/Veal,,per 100g edible portion,418,Automated calculation,,99,Automated calculation,,3.4,-,9,1.3,-,9,1.1,-,9,0.2,-,9,268,-,9,0,-,36,0,-,36,0,-,22,0,-,22,17.2,-,9,0.2,Automated calculation,,0,-,22,77.8,-,9,5,Automated calculation,,5,Automated calculation,,5,-,8,0,Estimation,51,0,Estimation,51,0.08,-,9,0.17,-,9,0.03,-,9,6,-,9,2.58,-,9,15,-,9,1,-,9,56,-,9,tr.,-,22,0.2,-,9,430,-,9,83,-,9,120,-,9,4,-,9,16,-,9,560,-,9,1.9,-,9,4,-,9,1.9,-,9,n.d.,,,Nein
674,4593,1001234,"Veal, tongue, raw",,Meat and offal/Veal,,per 100g edible portion,754,Automated calculation,,181,Automated calculation,,11.6,-,9,4.2,-,9,5.3,-,9,0.9,-,9,100,-,9,1.9,-,9,tr.,-,22,0,-,22,0,-,22,17.2,-,9,0.2,Automated calculation,,0,-,22,68.4,-,9,13,Automated calculation,,12,Automated calculation,,10,Estimation,51,19,Estimation,51,19,-,110,0.15,-,9,0.29,-,9,0.13,-,9,4,-,9,3.7,-,9,5,-,9,2,-,9,2.7,-,9,tr.,-,22,0.1,-,9,210,-,9,86,-,9,15,-,9,9,-,9,17,-,9,190,-,9,2.8,-,9,2.3,-,9,2.6,-,9,n.d.,,,Nein
1580,,,"Vegetable au gratin, baked",,"Prepared dishes/Cakes, pies and gratins",,per 100g edible portion,238,Automated calculation,,57,Automated calculation,,3.6,Calculation on the basis of ingredients,,2,Calculation on the basis of ingredients,,0.8,Calculation on the basis of ingredients,,0.2,Calculation on the basis of ingredients,,9,Calculation on the basis of ingredients,,2.3,Calculation on the basis of ingredients,,1.6,Calculation on the basis of ingredients,,0.8,Calculation on the basis of ingredients,,1.9,Calculation on the basis of ingredients,,3,Calculation on the basis of ingredients,,0.3,Automated calculation,,0,Calculation on the basis of ingredients,,89.2,Automated calculation,,43,Automated calculation,,38,Automated calculation,,33,Calculation on the basis of ingredients,,57,Calculation on the basis of ingredients,,22,Calculation on the basis of ingredients,,0.06,Calculation on the basis of ingredients,,0.05,Calculation on the basis of ingredients,,0.07,Calculation on the basis of ingredients,,0.07,Calculation on the basis of ingredients,,0.82,Calculation on the basis of ingredients,,39.7,Calculation on the basis of ingredients,,0.29,Calculation on the basis of ingredients,,28.9,Calculation on the basis of ingredients,,0.1,Calculation on the basis of ingredients,,1.84,Calculation on the basis of ingredients,,310,Calculation on the basis of ingredients,,110,Calculation on the basis of ingredients,,150,Calculation on the basis of ingredients,,90,Calculation on the basis of ingredients,,21,Calculation on the basis of ingredients,,71,Calculation on the basis of ingredients,,0.4,Calculation on the basis of ingredients,,4.1,Calculation on the basis of ingredients,,0.4,Calculation on the basis of ingredients,,n.d.,,,Nein
1666,,,"Vegetable lasagne, prepared",,Prepared dishes/Italian dishes,,per 100g edible portion,561,Automated calculation,,134,Automated calculation,,7.4,Calculation on the basis of ingredients,,4.1,Calculation on the basis of ingredients,,1.9,Calculation on the basis of ingredients,,0.5,Calculation on the basis of ingredients,,20,Calculation on the basis of ingredients,,11.7,Calculation on the basis of ingredients,,2.5,Calculation on the basis of ingredients,,9.1,Calculation on the basis of ingredients,,1.1,Calculation on the basis of ingredients,,4.8,Calculation on the basis of ingredients,,1.2,Automated calculation,,0,Calculation on the basis of ingredients,,75.1,Automated calculation,,99,Automated calculation,,83,Automated calculation,,67,Calculation on the basis of ingredients,,189,Calculation on the basis of ingredients,,155,Calculation on the basis of ingredients,,0.02,Calculation on the basis of ingredients,,0.09,Calculation on the basis of ingredients,,0.06,Calculation on the basis of ingredients,,0.12,Calculation on the basis of ingredients,,0.37,Calculation on the basis of ingredients,,6.2,Calculation on the basis of ingredients,,0.18,Calculation on the basis of ingredients,,7.9,Calculation on the basis of ingredients,,0.1,Calculation on the basis of ingredients,,0.47,Calculation on the basis of ingredients,,140,Calculation on the basis of ingredients,,470,Calculation on the basis of ingredients,,760,Calculation on the basis of ingredients,,120,Calculation on the basis of ingredients,,14,Calculation on the basis of ingredients,,94,Calculation on the basis of ingredients,,0.3,Calculation on the basis of ingredients,,5.7,Calculation on the basis of ingredients,,0.5,Calculation on the basis of ingredients,,n.d.,,,Ja
1152,4095,,"Vegetables (average), raw",,Vegetables/Fresh vegetables,,per 100g edible portion,111,Automated calculation,,26,Automated calculation,,0.3,Calculation on the basis of ingredients,,0,Calculation on the basis of ingredients,,0,Calculation on the basis of ingredients,,0.1,Calculation on the basis of ingredients,,0,Calculation on the basis of ingredients,,3.7,Calculation on the basis of ingredients,,3.5,Calculation on the basis of ingredients,,0.2,Calculation on the basis of ingredients,,2,Calculation on the basis of ingredients,,1.3,Calculation on the basis of ingredients,,0,Automated calculation,,0,Calculation on the basis of ingredients,,92.7,Automated calculation,,276,Automated calculation,,138,Automated calculation,,0,Calculation on the basis of ingredients,,1656,Calculation on the basis of ingredients,,1414,Calculation on the basis of ingredients,,0.05,Calculation on the basis of ingredients,,0.05,Calculation on the basis of ingredients,,0.11,Calculation on the basis of ingredients,,0,Calculation on the basis of ingredients,,0.56,Calculation on the basis of ingredients,,41.9,Calculation on the basis of ingredients,,0.3,Calculation on the basis of ingredients,,30.3,Calculation on the basis of ingredients,,0,Calculation on the basis of ingredients,,0.8,Calculation on the basis of ingredients,,230,Calculation on the basis of ingredients,,15,Calculation on the basis of ingredients,,41,Calculation on the basis of ingredients,,27,Calculation on the basis of ingredients,,13,Calculation on the basis of ingredients,,30,Calculation on the basis of ingredients,,0.4,Calculation on the basis of ingredients,,2.6,Calculation on the basis of ingredients,,0.2,Calculation on the basis of ingredients,,n.d.,,,Ja
514,4691,1001018,"Vermouth, 15 vol%",,Alcoholic beverages/Wine,1,per 100ml food volume,582,Automated calculation,,139,Automated calculation,,0,-,43,0,-,43,0,-,43,0,-,43,0,Estimation,51,13.5,-,43,13.5,-,43,0,-,43,0,-,43,0.1,-,43,0.1,Automated calculation,,12.1,-,43,74,-,43,0,Automated calculation,,0,Automated calculation,,0,Estimation,51,0,-,145,0,Estimation,51,tr.,-,43,tr.,-,43,tr.,-,43,0,-,43,tr.,-,43,tr.,-,43,tr.,-,43,0,-,43,0,-,43,0,-,43,42,-,43,20,-,43,tr.,-,22,8,-,43,5.4,-,43,6.9,-,43,0.5,-,43,tr.,-,22,tr.,-,22,n.d.,,,Nein
1202,4706,,Vinaigrette dressing (with rapeseed oil),,Fats and oils/Salad dressings,1.1,per 100ml food volume,1050,Automated calculation,,255,Automated calculation,,25.3,Calculation on the basis of ingredients,,2.5,Calculation on the basis of ingredients,,14.3,Calculation on the basis of ingredients,,6.5,Calculation on the basis of ingredients,,152,Calculation on the basis of ingredients,,2.3,Calculation on the basis of ingredients,,1.9,Calculation on the basis of ingredients,,0.3,Calculation on the basis of ingredients,,0.5,Calculation on the basis of ingredients,,4.4,Calculation on the basis of ingredients,,0.3,Automated calculation,,0,Calculation on the basis of ingredients,,67.5,Automated calculation,,52,Automated calculation,,51,Automated calculation,,49,Calculation on the basis of ingredients,,20,Calculation on the basis of ingredients,,14,Calculation on the basis of ingredients,,0.04,Calculation on the basis of ingredients,,0.09,Calculation on the basis of ingredients,,0.07,Calculation on the basis of ingredients,,0.37,Calculation on the basis of ingredients,,0.11,Calculation on the basis of ingredients,,20.4,Calculation on the basis of ingredients,,0.64,Calculation on the basis of ingredients,,2.2,Calculation on the basis of ingredients,,0.9,Calculation on the basis of ingredients,,7.46,Calculation on the basis of ingredients,,86,Calculation on the basis of ingredients,,120,Calculation on the basis of ingredients,,61,Calculation on the basis of ingredients,,27,Calculation on the basis of ingredients,,8.1,Calculation on the basis of ingredients,,80,Calculation on the basis of ingredients,,0.8,Calculation on the basis of ingredients,,12,Calculation on the basis of ingredients,,0.6,Calculation on the basis of ingredients,,n.d.,,,Ja
1693,,,Vinegar,,"Various/Salt, spices and flavours",1.0056,per 100ml food volume,93,Automated calculation,,22,Automated calculation,,0,Estimation,1129,0,Estimation,1129,0,Estimation,1129,0,Estimation,1129,0,Estimation,1129,0.7,-,1404,0.3,-,1404,0,-,1404,0,-,1404,0.1,-,1404,0,Automated calculation,,0.1,-,1404,93.4,-,1404,0,Automated calculation,,0,Automated calculation,,0,-,1129,0,-,1129,0,-,1404,0,-,1404,0,-,1404,0,-,1404,0,-,1404,0,-,1404,0,-,1404,0,-,1404,0,-,1404,0,-,1404,0,-,1129,35,-,1404,7.7,-,1404,0.1,-,1660,7,-,1404,7.7,-,1404,12,-,1404,0.2,-,1404,<5,-,1404,0.2,-,1404,n.d.,,,Nein
1199,4707,,Vinegar-oil-salad dressing (with rapeseed oil),,Fats and oils/Salad dressings,1.1,per 100ml food volume,1290,Automated calculation,,314,Automated calculation,,33,Calculation on the basis of ingredients,,2.4,Calculation on the basis of ingredients,,19.7,Calculation on the basis of ingredients,,8.9,Calculation on the basis of ingredients,,0,Calculation on the basis of ingredients,,3,Calculation on the basis of ingredients,,2.8,Calculation on the basis of ingredients,,0,Calculation on the basis of ingredients,,0.9,Calculation on the basis of ingredients,,0.8,Calculation on the basis of ingredients,,0.7,Automated calculation,,0,Calculation on the basis of ingredients,,62.3,Automated calculation,,3,Automated calculation,,2,Automated calculation,,1,Calculation on the basis of ingredients,,10,Calculation on the basis of ingredients,,8,Calculation on the basis of ingredients,,0.03,Calculation on the basis of ingredients,,0.01,Calculation on the basis of ingredients,,0.04,Calculation on the basis of ingredients,,0,Calculation on the basis of ingredients,,0.16,Calculation on the basis of ingredients,,3.8,Calculation on the basis of ingredients,,0.06,Calculation on the basis of ingredients,,2.3,Calculation on the basis of ingredients,,0,Calculation on the basis of ingredients,,11.05,Calculation on the basis of ingredients,,61,Calculation on the basis of ingredients,,260,Calculation on the basis of ingredients,,400,Calculation on the basis of ingredients,,18,Calculation on the basis of ingredients,,11,Calculation on the basis of ingredients,,27,Calculation on the basis of ingredients,,0.2,Calculation on the basis of ingredients,,3.4,Calculation on the basis of ingredients,,0.2,Calculation on the basis of ingredients,,n.d.,,,Nein
1680,,,Vitello tonnato with garnish,,Meat and offal/Veal,,per 100g edible portion,764,Automated calculation,,183,Automated calculation,,11.6,Calculation on the basis of ingredients,,2.7,Calculation on the basis of ingredients,,3.5,Calculation on the basis of ingredients,,3.8,Calculation on the basis of ingredients,,116,Calculation on the basis of ingredients,,0.6,Calculation on the basis of ingredients,,0.6,Calculation on the basis of ingredients,,0,Calculation on the basis of ingredients,,0.2,Calculation on the basis of ingredients,,19,Calculation on the basis of ingredients,,0.6,Automated calculation,,0,Calculation on the basis of ingredients,,68.6,Automated calculation,,42,Automated calculation,,36,Automated calculation,,30,Calculation on the basis of ingredients,,68,Calculation on the basis of ingredients,,64,Calculation on the basis of ingredients,,0.04,Calculation on the basis of ingredients,,0.2,Calculation on the basis of ingredients,,0.22,Calculation on the basis of ingredients,,1.86,Calculation on the basis of ingredients,,4.69,Calculation on the basis of ingredients,,15.5,Calculation on the basis of ingredients,,0.84,Calculation on the basis of ingredients,,2.5,Calculation on the basis of ingredients,,0.8,Calculation on the basis of ingredients,,3.33,Calculation on the basis of ingredients,,190,Calculation on the basis of ingredients,,250,Calculation on the basis of ingredients,,190,Calculation on the basis of ingredients,,27,Calculation on the basis of ingredients,,19,Calculation on the basis of ingredients,,150,Calculation on the basis of ingredients,,1.3,Calculation on the basis of ingredients,,13,Calculation on the basis of ingredients,,2.7,Calculation on the basis of ingredients,,n.d.,,,Ja
1679,,,Vitello tonnato without garnish,,Meat and offal/Veal,,per 100g edible portion,887,Automated calculation,,213,Automated calculation,,13.3,Calculation on the basis of ingredients,,3.1,Calculation on the basis of ingredients,,3.8,Calculation on the basis of ingredients,,4.7,Calculation on the basis of ingredients,,86,Calculation on the basis of ingredients,,0.3,Calculation on the basis of ingredients,,0.3,Calculation on the basis of ingredients,,0,Calculation on the basis of ingredients,,0,Calculation on the basis of ingredients,,22.9,Calculation on the basis of ingredients,,0.7,Automated calculation,,0,Calculation on the basis of ingredients,,63.5,Automated calculation,,20,Automated calculation,,20,Automated calculation,,19,Calculation on the basis of ingredients,,11,Calculation on the basis of ingredients,,10,Calculation on the basis of ingredients,,0.04,Calculation on the basis of ingredients,,0.22,Calculation on the basis of ingredients,,0.27,Calculation on the basis of ingredients,,2.27,Calculation on the basis of ingredients,,6,Calculation on the basis of ingredients,,8.8,Calculation on the basis of ingredients,,0.79,Calculation on the basis of ingredients,,0,Calculation on the basis of ingredients,,0.7,Calculation on the basis of ingredients,,4.09,Calculation on the basis of ingredients,,200,Calculation on the basis of ingredients,,270,Calculation on the basis of ingredients,,220,Calculation on the basis of ingredients,,27,Calculation on the basis of ingredients,,23,Calculation on the basis of ingredients,,160,Calculation on the basis of ingredients,,1.5,Calculation on the basis of ingredients,,13,Calculation on the basis of ingredients,,3.2,Calculation on the basis of ingredients,,n.d.,,,Ja
271,4152,841002,Walnut,,"Nuts, seeds and oleaginous fruit",,per 100g edible portion,3080,Automated calculation,,747,Automated calculation,,70.8,-,138,6.3,-,138,11.9,-,138,49.4,-,138,0,Estimation,1003,7,Estimation,1003,2,-,43,1.5,-,43,6.7,-,1002,17,-,1640,0,Automated calculation,,0,Estimation,51,4.1,-,138,0,Automated calculation,,0,Automated calculation,,0,Estimation,51,0,Estimation,51,0,-,103,0.43,-,43;1672,0.14,-,43,0.41,-,43,0.1,-,43,1.3,-,43,137,-,43,1.74,-,43;1672,2.1,-,43,0,-,81,3.72,Automated calculation,,420,-,106;1542,0.3,-,106;1542,23,-,8,78,-,141;1542,140,-,141;1542,360,-,106;1542,3,-,141;1542,2,-,43,4,-,141,n.d.,,,Nein
13402,,,Walnut oil,,Fats and oils/Oils,0.9,per 100g edible portion,3700,Automated calculation,,900,Automated calculation,,100,-,1660,10,-,1660,16.8,-,1660,69.6,-,1660,0,Estimation,1648,0,Estimation,1648,0,Estimation,1648,0,Estimation,1648,0,Estimation,1648,0,Estimation,1648,0,Automated calculation,,0,Estimation,1648,0,Estimation,1648,0,Automated calculation,,0,Automated calculation,,0,Estimation,1648,0,-,1662,0,-,1667,0,Estimation,1648,0,Estimation,1648,0,Estimation,1648,0,Estimation,1648,0,Estimation,1648,0,Estimation,1648,0,Estimation,1648,0,Estimation,1648,0,Estimation,1648,5.55,Automated calculation,,0,Estimation,1648,0,Estimation,1648,0,Estimation,1648,0,Estimation,1648,0,Estimation,1648,0,Estimation,1648,0,Estimation,1648,0,Estimation,1648,0,Estimation,1648,n.d.,,,Nein
10542,,,Wasabi Paste,,Various/Sauces,,per 100g edible portion,1300,Automated calculation,,308,Automated calculation,,10.6,-,1480;1481,n.d.,,,n.d.,,,n.d.,,,n.d.,,,49.6,-,1480;1481,n.d.,,,n.d.,,,1.3,-,1481,2.9,-,1480;1481,5.8,Automated calculation,,n.d.,,,n.d.,,,n.d.,,,n.d.,,,n.d.,,,n.d.,,,n.d.,,,n.d.,,,n.d.,,,n.d.,,,n.d.,,,n.d.,,,n.d.,,,n.d.,,,n.d.,,,n.d.,,,n.d.,,,n.d.,,,2330,-,1481,n.d.,,,n.d.,,,n.d.,,,n.d.,,,n.d.,,,n.d.,,,n.d.,,,n.d.,,,Nein
371,4640,1000834,"Water cress, raw",,Vegetables/Fresh vegetables,,per 100g edible portion,71,Automated calculation,,17,Automated calculation,,0.2,-,43,0.1,-,43,0,-,43,0.1,-,43,0,-,43,0.3,-,43,0.3,-,43,0,-,43,2.6,-,43,2.2,-,43,0.1,Automated calculation,,0,-,43,93.5,-,43,453,Automated calculation,,227,Automated calculation,,0,Estimation,51,2720,Estimation,51,2720,-,130,0.1,-,43,0.12,-,43,0.13,-,43,0,-,43,0.4,-,43,214,-,43,0.2,-,43,60,-,43,0,-,43,1.2,-,43,300,-,43,42,-,43,110,-,9,160,-,43,20,-,43,53,-,43,1.3,-,43,2,-,9,0.2,-,9,n.d.,,,Nein
893,4163,1001565,Water ice,,Sweets/Water based ice cream,1,per 100g edible portion,375,Automated calculation,,88,Automated calculation,,0,-,5,0,-,5,0,-,5,0,-,5,0,Estimation,51,22,-,22,22,-,5,0,-,5,0,-,5,0,-,22,0,Automated calculation,,0,-,5,78,-,22,0,Automated calculation,,0,Automated calculation,,0,Estimation,51,0,Estimation,51,0,Estimation,51,0,-,5,0,-,5,0,-,5,0,-,5,0,-,5,0,-,5,tr.,-,5,12,-,5,0,-,5,0,-,5,14,-,5,tr.,-,5,tr.,-,5,0,-,5,tr.,-,5,0,-,5,0,-,5,tr.,-,5,tr.,-,5,n.d.,,,Nein
402,4561,1000866,"Watermelon, fresh",,Fruit/Fresh fruit,,per 100g edible portion,129,Automated calculation,,31,Automated calculation,,0.3,-,43,tr.,-,43,tr.,-,43,tr.,-,43,0,-,43,6.3,-,43,6.3,-,43,0,-,43,0.3,-,43,0.5,-,43,0,Automated calculation,,0,-,43,92,-,43,18,Automated calculation,,9,Automated calculation,,0,Estimation,51,108,Estimation,51,77,-,134,0.03,-,43,0.02,-,43,0.1,-,43,0,-,43,0.2,-,43,4,-,43,0.2,-,43,11,-,43,0,-,43,0.1,-,43,110,-,43,2,-,43,8.3,-,36,7,-,43,10,-,43,9,-,43,0.2,-,43,10,-,36,0.1,-,36,n.d.,,,Nein
822,4116,1001491,"Weggli, bread roll made with butter",,"Bread, flakes and breakfast cereals/Bread and bread products",,per 100g edible portion,1300,Automated calculation,,309,Automated calculation,,8.7,Calculation on the basis of ingredients,,4.9,Calculation on the basis of ingredients,,2,Calculation on the basis of ingredients,,0.8,Calculation on the basis of ingredients,,23,Calculation on the basis of ingredients,,47.3,Calculation on the basis of ingredients,,3.4,Calculation on the basis of ingredients,,43.5,Calculation on the basis of ingredients,,2.2,Calculation on the basis of ingredients,,9.4,Calculation on the basis of ingredients,,1.6,Automated calculation,,0,Calculation on the basis of ingredients,,33.1,Automated calculation,,84,Automated calculation,,81,Automated calculation,,78,Calculation on the basis of ingredients,,36,Calculation on the basis of ingredients,,31,Calculation on the basis of ingredients,,0.13,Calculation on the basis of ingredients,,0.15,Calculation on the basis of ingredients,,0.13,Calculation on the basis of ingredients,,0.07,Calculation on the basis of ingredients,,0.83,Calculation on the basis of ingredients,,26.5,Calculation on the basis of ingredients,,0.41,Calculation on the basis of ingredients,,0.3,Calculation on the basis of ingredients,,0.1,Calculation on the basis of ingredients,,0.34,Calculation on the basis of ingredients,,200,Calculation on the basis of ingredients,,650,Calculation on the basis of ingredients,,1020,Calculation on the basis of ingredients,,56,Calculation on the basis of ingredients,,27,Calculation on the basis of ingredients,,130,Calculation on the basis of ingredients,,1.1,Calculation on the basis of ingredients,,n.d.,,,0.9,Calculation on the basis of ingredients,,n.d.,,,Nein
1273,,,Weisswurst (veal sausage),,Sausages and cold meats/Boiled sausage products,,per 100g edible portion,1090,Automated calculation,,262,Automated calculation,,23.2,Calculation on the basis of ingredients,,8.9,Calculation on the basis of ingredients,,10.7,Calculation on the basis of ingredients,,2.4,Calculation on the basis of ingredients,,50,Calculation on the basis of ingredients,,0.6,Calculation on the basis of ingredients,,0.6,Calculation on the basis of ingredients,,0,Calculation on the basis of ingredients,,0,Calculation on the basis of ingredients,,12.7,Calculation on the basis of ingredients,,2,Automated calculation,,0,Calculation on the basis of ingredients,,63.4,Automated calculation,,13,Automated calculation,,11,Automated calculation,,9,Calculation on the basis of ingredients,,22,Calculation on the basis of ingredients,,22,Calculation on the basis of ingredients,,0.2,Calculation on the basis of ingredients,,0.17,Calculation on the basis of ingredients,,0.15,Calculation on the basis of ingredients,,0.43,Calculation on the basis of ingredients,,1.83,Calculation on the basis of ingredients,,2.7,Calculation on the basis of ingredients,,0.33,Calculation on the basis of ingredients,,1,Calculation on the basis of ingredients,,0.1,Calculation on the basis of ingredients,,0.28,Calculation on the basis of ingredients,,140,Calculation on the basis of ingredients,,810,Calculation on the basis of ingredients,,1240,Calculation on the basis of ingredients,,21,Calculation on the basis of ingredients,,10,Calculation on the basis of ingredients,,160,Calculation on the basis of ingredients,,0.7,Calculation on the basis of ingredients,,2.3,Calculation on the basis of ingredients,,1.3,Calculation on the basis of ingredients,,n.d.,,,Ja
431,4742,1000904,"Wheat bran, raw",,"Bread, flakes and breakfast cereals/Flakes, bran and germs",,per 100g edible portion,1090,Automated calculation,,264,Automated calculation,,4.7,-,36,0.8,-,1528,0.8,-,1528,2.3,-,1648,0,-,9,17.7,-,36,1.9,-,1528,13.4,-,1528,45.1,-,1640,15.2,-,1660,0,Automated calculation,,0,Estimation,1648,11.5,-,36,1,Automated calculation,,0,Automated calculation,,0,Estimation,1648,6,Estimation,1648,6,-,91,0.83,-,36;1642,0.51,-,36,0.54,-,36;1642,0,-,9,18,-,36,195,-,36,2.25,-,36;1642,0,-,9,0,-,9,2.7,-,36,1340,-,1640,2,-,36,150,-,9,67,-,36,480,-,1640,1140,-,1640,16,-,36,2.4,-,1528,9.2,-,1640,n.d.,,,Nein
204,4514,831071,"Wheat flour, bakery, type 550",,"Cereal products, pulses and potatoes/Flour and starch",,per 100g edible portion,1460,Automated calculation,,344,Automated calculation,,1.3,-,1441,0.3,-,1441,0.2,-,1441,0.7,-,1441,0,Estimation,1408,69.5,-,1441,0.3,-,1441,68.5,-,1441,3.2,-,1441,12,-,1441,0,Automated calculation,,0,Estimation,1648,15.1,Automated calculation,,0,Automated calculation,,0,Automated calculation,,0,Estimation,1648,0,Estimation,1648,0,-,156,0.21,-,1528;1642,0.04,-,1528,0.16,-,1528;1642,0,-,8,0.8,-,1528,16,-,1528,0.48,-,1528;1642,0,-,8,0,-,8,0.29,-,1528,180,-,1528,2.1,-,1404;1442,45,-,1528,11,-,1528,34,-,1528,120,-,1528,1.5,-,1528,0.9,-,1528,1.1,-,1528,n.d.,,,Nein
203,4516,831070,"Wheat flour, high ash, type 1100",,"Cereal products, pulses and potatoes/Flour and starch",,per 100g edible portion,1440,Automated calculation,,339,Automated calculation,,1.7,-,1439,0.3,-,1439,0.2,-,1439,0.9,-,1439,0,Estimation,1408,64.6,-,1439,0.6,-,1439,63.5,-,1439,5.7,-,1439,13.5,-,1439,0,Automated calculation,,0,Estimation,1648,11.3,-,311,0,Automated calculation,,0,Automated calculation,,0,Estimation,1648,0,Estimation,1648,0,-,8,0.41,-,1642,0.07,-,1528,0.11,-,1642,0,-,8,1.42,-,1528,22,-,1528,0.56,-,1642,0,-,8,0,-,8,0.39,-,1528,200,-,1528,2.6,-,1643,40,-,8,24,-,1528,54,-,1528,210,-,1528,2.2,-,1528,1.4,-,1528,1.9,-,1528,n.d.,,,Nein
207,4503,831074,"Wheat flour, semi white, type 720",,"Cereal products, pulses and potatoes/Flour and starch",,per 100g edible portion,1440,Automated calculation,,340,Automated calculation,,1.5,-,1438,0.2,-,1438,0.2,-,1438,0.7,-,1438,0,Estimation,1408,66.2,-,1438,0.5,-,1438,65.2,-,1438,5,-,1438,13,-,1438,0,Automated calculation,,0,Estimation,1648,15.4,Automated calculation,,0,Automated calculation,,0,Automated calculation,,0,Estimation,1648,0,Estimation,1648,0,-,8,0.26,-,1528,0.06,-,1528,0.28,-,1528,0,-,8,0.89,-,1528,22,-,1528,0.63,-,1528,0,-,8,0,-,8,0.4,-,1528,190,-,1528,<2.7,-,1404,40,-,1528,17,-,1528,53,-,1528,180,-,1528,2.4,-,1528,1.1,-,1528,1.7,-,1528,n.d.,,,Nein
205,4650,831072,"Wheat flour, white, type 400",,"Cereal products, pulses and potatoes/Flour and starch",,per 100g edible portion,1470,Automated calculation,,346,Automated calculation,,1.1,-,1442,0.3,-,1442,0.1,-,1442,0.6,-,1442,0,Estimation,1408,71,-,1442,0.3,-,1442,70,-,1442,3.2,-,1442,11.5,-,1442,0,Automated calculation,,0,Estimation,1648,12.5,-,312,0,Automated calculation,,0,Automated calculation,,0,Estimation,1648,0,Estimation,1648,0,-,156,0.16,-,1642,0.01,-,1528,0.05,-,1642,0,-,8,0.7,-,1528,10,-,1528,0.33,-,1642,0,-,8,0,-,8,0.18,-,1528,170,-,1528,1.5,-,1442,50,-,1528,5,-,1528,14,-,1528,62,-,1528,0.6,-,1528,0.7,-,1528,0.5,-,1528,2.3,-,1544,Nein
206,3890,831073,"Wheat flour, wholemeal, type 1700",,"Cereal products, pulses and potatoes/Flour and starch",,per 100g edible portion,1430,Automated calculation,,338,Automated calculation,,2,-,1440,0.3,-,1440,0.2,-,1440,1.5,-,1440,0,Estimation,1408,61,-,1440,1,-,1440,60,-,1440,11,-,1440,13.5,-,1440,0,Automated calculation,,0,Estimation,1648,13.4,Automated calculation,,1,Automated calculation,,0,Automated calculation,,0,Estimation,1648,5,Estimation,1648,5,-,8,0.47,-,1528,0.17,-,1528,0.46,-,1528,0,-,8,5,-,1528,50,-,8,1.2,-,1528,0,-,8,0,-,8,1.6,-,1528,390,-,1528,17,-,315;1404,37,-,8,26,-,1528,130,-,1528,350,-,1528,5,-,1528,2.4,-,1528,3.4,-,1528,n.d.,,,Nein
430,4011,1000903,Wheat germ,,"Bread, flakes and breakfast cereals/Flakes, bran and germs;Special foods/Supplements",,per 100g edible portion,1580,Automated calculation,,375,Automated calculation,,9.5,-,1660,1.8,-,1660,1.5,-,1660,5.7,-,1660,0,-,1528,35.1,-,1660,10,-,1660,17.8,-,1660,16.3,-,1660,29.2,-,1660,0,Automated calculation,,0,Estimation,1648,7.5,-,1660,10,Automated calculation,,5,Automated calculation,,0,Estimation,1648,62,Estimation,1648,62,-,91,1.99,-,1642;1660,0.14,-,1660,0.9,-,1642;1660,0,Estimation,1648,1.68,-,1660,143,-,1660,1.23,-,1642;1660,0,-,1643,0,-,34,10.2,-,1660,990,-,1660,7.2,-,1660,80,-,9,54,-,1660,250,-,1660,1000,-,1660,6.9,-,1643,0.3,-,1007,18,-,1640,n.d.,,,Nein
593,3932,1001131,Wheat germ oil,,Fats and oils/Oils,0.9,per 100ml food volume,3330,Automated calculation,,810,Automated calculation,,90,-,1660,15.7,-,1660,12.6,-,1660,55.5,-,1660,0,Estimation,1648,0,Estimation,1648,0,Estimation,1648,0,Estimation,1648,0,Estimation,1648,0,Estimation,1648,0,Automated calculation,,0,Estimation,1648,0,Estimation,1648,0,Automated calculation,,0,Automated calculation,,0,Estimation,1648,0,Estimation,1648,0,-,156,0,Estimation,1648,0,Estimation,1648,0,Estimation,1648,0,Estimation,1648,0,Estimation,1648,0,Estimation,1648,0,Estimation,1648,0,Estimation,1648,0,Estimation,1648,122.99,-,1641,0,Estimation,1648,0,Estimation,1648,0.9,-,8,0,Estimation,1648,0,Estimation,1648,0,Estimation,1648,0,Estimation,1648,0,Estimation,1648,0,Estimation,1648,n.d.,,,Nein
1588,,,"Wheat risotto, cooked",,Prepared dishes/Other savoury dishes,,per 100g edible portion,723,Automated calculation,,172,Automated calculation,,3.1,Calculation on the basis of ingredients,,0.4,Calculation on the basis of ingredients,,1.7,Calculation on the basis of ingredients,,0.5,Calculation on the basis of ingredients,,0,Calculation on the basis of ingredients,,27.7,Calculation on the basis of ingredients,,1.6,Calculation on the basis of ingredients,,25.8,Calculation on the basis of ingredients,,6.2,Calculation on the basis of ingredients,,5.3,Calculation on the basis of ingredients,,1.1,Automated calculation,,0,Calculation on the basis of ingredients,,58.1,Automated calculation,,2,Automated calculation,,1,Automated calculation,,0,Calculation on the basis of ingredients,,11,Calculation on the basis of ingredients,,10,Calculation on the basis of ingredients,,0.11,Calculation on the basis of ingredients,,0.03,Calculation on the basis of ingredients,,0.08,Calculation on the basis of ingredients,,0,Calculation on the basis of ingredients,,1.73,Calculation on the basis of ingredients,,27.6,Calculation on the basis of ingredients,,0.41,Calculation on the basis of ingredients,,0.5,Calculation on the basis of ingredients,,0,Calculation on the basis of ingredients,,1.15,Calculation on the basis of ingredients,,140,Calculation on the basis of ingredients,,440,Calculation on the basis of ingredients,,690,Calculation on the basis of ingredients,,22,Calculation on the basis of ingredients,,44,Calculation on the basis of ingredients,,150,Calculation on the basis of ingredients,,1.5,Calculation on the basis of ingredients,,3.5,Calculation on the basis of ingredients,,1.1,Calculation on the basis of ingredients,,n.d.,,,Nein
734,3838,1001329,"Wheat, soft, whole grain",,"Cereal products, pulses and potatoes/Other cereal products",,per 100g edible portion,1380,Automated calculation,,327,Automated calculation,,1.8,-,36,0.3,-,1528,0.2,-,1528,0.8,-,1528,0,-,9,59.6,-,36,0.7,-,1528,58.2,-,1528,13.3,-,36,11.4,-,1640,0,Automated calculation,,0,Estimation,1648,12.6,-,1640,3,Automated calculation,,2,Automated calculation,,0,Estimation,1648,20,Estimation,1648,20,-,8,0.46,-,1640,0.09,-,36,0.27,-,36,0,-,9,5.1,-,36,87,-,36,1.2,-,36,0,-,36,0,-,9,1.4,-,1640,380,-,1640,7.7,-,36,55,-,36,33,-,36,97,-,36,340,-,1640,3.2,-,36,6.7,-,36,2.6,-,36,n.d.,,,Nein
897,4573,1001569,Wheat starch,,"Cereal products, pulses and potatoes/Flour and starch;Various/Gelling and binding agents",,per 100g edible portion,1480,Automated calculation,,348,Automated calculation,,0.1,-,9,0,-,9,0,-,9,0.1,-,9,0,-,9,85.8,-,9,0,-,9,85.8,-,9,1.2,-,9,0.4,-,9,0,Automated calculation,,0,-,9,12.3,-,9,0,Automated calculation,,0,Automated calculation,,0,Estimation,51,0,Estimation,51,0,-,8,0,-,9,0,-,9,0,-,9,0,-,9,0.01,-,9,0,-,9,0,-,9,0,-,9,0,-,9,0,-,9,16,-,9,2,-,9,5,-,9,0,-,9,4,-,9,20,-,9,0,-,9,0,-,9,0.1,-,9,n.d.,,,Nein
939,4388,1001612,Wheat wolemeal flakes,,"Bread, flakes and breakfast cereals/Flakes, bran and germs",,per 100g edible portion,1420,Automated calculation,,335,Automated calculation,,1.8,-,1528,0.3,-,1528,0.2,-,1528,0.8,-,1528,0,Estimation,1648,59.6,-,1528,0.7,-,1528,58.5,-,1528,13.3,-,1528,13.5,Estimation,,0,Automated calculation,,0,Estimation,1648,12.1,-,1528,3,Automated calculation,,2,Automated calculation,,0,Estimation,1648,20,Estimation,1648,20,-,8,0.46,-,1528,0.09,-,1528,0.27,-,1528,0,Estimation,1648,5.1,-,9,87,-,1528,1.18,-,9,0,-,1528,0,-,1528,1,-,1528,380,-,1528,8,-,9,55,-,9,33,-,1528,97,-,1528,340,-,1528,3.2,-,1528,6.7,-,1528,2.6,-,1528,n.d.,,,Nein
823,3576,1001492,White bread,,"Bread, flakes and breakfast cereals/Bread and bread products",,per 100g edible portion,1030,Automated calculation,,242,Automated calculation,,0.8,Calculation on the basis of ingredients,,0.2,Calculation on the basis of ingredients,,0.1,Calculation on the basis of ingredients,,0.4,Calculation on the basis of ingredients,,0,Calculation on the basis of ingredients,,48.9,Calculation on the basis of ingredients,,0.2,Calculation on the basis of ingredients,,48.2,Calculation on the basis of ingredients,,2.5,Calculation on the basis of ingredients,,8.5,Calculation on the basis of ingredients,,1.7,Automated calculation,,0,Calculation on the basis of ingredients,,40,Automated calculation,,0,Automated calculation,,0,Automated calculation,,0,Calculation on the basis of ingredients,,<0,Calculation on the basis of ingredients,,<0,Calculation on the basis of ingredients,,0.11,Calculation on the basis of ingredients,,0.04,Calculation on the basis of ingredients,,0.06,Calculation on the basis of ingredients,,tr.,Calculation on the basis of ingredients,,0.68,Calculation on the basis of ingredients,,16.7,Calculation on the basis of ingredients,,0.24,Calculation on the basis of ingredients,,tr.,Calculation on the basis of ingredients,,0,Calculation on the basis of ingredients,,0.14,Calculation on the basis of ingredients,,130,Calculation on the basis of ingredients,,680,Calculation on the basis of ingredients,,1060,Calculation on the basis of ingredients,,8.3,Calculation on the basis of ingredients,,15,Calculation on the basis of ingredients,,61,Calculation on the basis of ingredients,,0.6,Calculation on the basis of ingredients,,0.9,Calculation on the basis of ingredients,,0.5,Calculation on the basis of ingredients,,n.d.,,,Nein
828,4319,1001497,White bread from Ticino,,"Bread, flakes and breakfast cereals/Bread and bread products",,per 100g edible portion,1360,Automated calculation,,323,Automated calculation,,5.2,Calculation on the basis of ingredients,,0.7,Calculation on the basis of ingredients,,1.5,Calculation on the basis of ingredients,,2.9,Calculation on the basis of ingredients,,0,Calculation on the basis of ingredients,,57.1,Calculation on the basis of ingredients,,0.6,Calculation on the basis of ingredients,,56,Calculation on the basis of ingredients,,2.9,Calculation on the basis of ingredients,,10.3,Calculation on the basis of ingredients,,1.7,Automated calculation,,0,Calculation on the basis of ingredients,,25.4,Automated calculation,,0,Automated calculation,,0,Automated calculation,,0,Calculation on the basis of ingredients,,0,Calculation on the basis of ingredients,,0,Calculation on the basis of ingredients,,0.16,Calculation on the basis of ingredients,,0.07,Calculation on the basis of ingredients,,0.14,Calculation on the basis of ingredients,,tr.,Calculation on the basis of ingredients,,0.95,Calculation on the basis of ingredients,,28.3,Calculation on the basis of ingredients,,0.37,Calculation on the basis of ingredients,,tr.,Calculation on the basis of ingredients,,0,Calculation on the basis of ingredients,,2.04,Calculation on the basis of ingredients,,170,Calculation on the basis of ingredients,,670,Calculation on the basis of ingredients,,1040,Calculation on the basis of ingredients,,13,Calculation on the basis of ingredients,,29,Calculation on the basis of ingredients,,110,Calculation on the basis of ingredients,,1.3,Calculation on the basis of ingredients,,1.1,Calculation on the basis of ingredients,,1,Calculation on the basis of ingredients,,n.d.,,,Nein
453,4008,1000932,"White cabbage, raw",,Vegetables/Fresh vegetables,,per 100g edible portion,125,Automated calculation,,30,Automated calculation,,0.2,-,1009,0,-,1009,0,-,1009,0.1,-,1009,0,-,22,4.2,-,36,4.1,-,22,0.1,-,22,3,-,36,1.4,-,36,0,Automated calculation,,0,-,22,90.4,-,36,8,Automated calculation,,4,Automated calculation,,0,Estimation,51,50,Estimation,51,50,-,150,0.04,-,36,0.05,-,36,0.19,-,36,0,-,8,0.32,-,36,31,-,36,0.26,-,36,48,-,36,0,-,8,1.7,-,36,260,-,318,4.8,-,318,37,-,36,56,-,318,12,-,318,33,-,318,0.3,-,318,3,-,36,0.2,-,318,n.d.,,,Nein
1028,4243,,"White cabbage, steamed (without addition of salt)",,Vegetables/Cooked vegetables (incl. cans),,per 100g edible portion,125,Automated calculation,,30,Automated calculation,,0.2,Calculation on the basis of ingredients,,0,Calculation on the basis of ingredients,,0,Calculation on the basis of ingredients,,0.1,Calculation on the basis of ingredients,,0,Calculation on the basis of ingredients,,4.2,Calculation on the basis of ingredients,,4.1,Calculation on the basis of ingredients,,0.1,Calculation on the basis of ingredients,,3,Calculation on the basis of ingredients,,1.4,Calculation on the basis of ingredients,,0,Automated calculation,,0,Calculation on the basis of ingredients,,91.3,Automated calculation,,8,Automated calculation,,4,Automated calculation,,0,Calculation on the basis of ingredients,,50,Calculation on the basis of ingredients,,45,Calculation on the basis of ingredients,,0.03,Calculation on the basis of ingredients,,0.04,Calculation on the basis of ingredients,,0.16,Calculation on the basis of ingredients,,0,Calculation on the basis of ingredients,,0.26,Calculation on the basis of ingredients,,18.6,Calculation on the basis of ingredients,,0.22,Calculation on the basis of ingredients,,26.4,Calculation on the basis of ingredients,,0,Calculation on the basis of ingredients,,1.7,Calculation on the basis of ingredients,,220,Calculation on the basis of ingredients,,4.1,Calculation on the basis of ingredients,,35,Calculation on the basis of ingredients,,53,Calculation on the basis of ingredients,,11,Calculation on the basis of ingredients,,31,Calculation on the basis of ingredients,,0.2,Calculation on the basis of ingredients,,2.9,Calculation on the basis of ingredients,,0.2,Calculation on the basis of ingredients,,n.d.,,,Ja
1029,3771,,"White cabbage, stewed (without addition of fat and salt) ",,Vegetables/Cooked vegetables (incl. cans),,per 100g edible portion,134,Automated calculation,,32,Automated calculation,,0.2,Calculation on the basis of ingredients,,0,Calculation on the basis of ingredients,,0,Calculation on the basis of ingredients,,0.1,Calculation on the basis of ingredients,,0,Calculation on the basis of ingredients,,4.5,Calculation on the basis of ingredients,,4.4,Calculation on the basis of ingredients,,0.1,Calculation on the basis of ingredients,,3.2,Calculation on the basis of ingredients,,1.5,Calculation on the basis of ingredients,,0,Automated calculation,,0,Calculation on the basis of ingredients,,90.6,Automated calculation,,9,Automated calculation,,4,Automated calculation,,0,Calculation on the basis of ingredients,,54,Calculation on the basis of ingredients,,48,Calculation on the basis of ingredients,,0.04,Calculation on the basis of ingredients,,0.04,Calculation on the basis of ingredients,,0.16,Calculation on the basis of ingredients,,0,Calculation on the basis of ingredients,,0.28,Calculation on the basis of ingredients,,20,Calculation on the basis of ingredients,,0.23,Calculation on the basis of ingredients,,26.8,Calculation on the basis of ingredients,,0,Calculation on the basis of ingredients,,1.83,Calculation on the basis of ingredients,,220,Calculation on the basis of ingredients,,4.5,Calculation on the basis of ingredients,,38,Calculation on the basis of ingredients,,58,Calculation on the basis of ingredients,,10,Calculation on the basis of ingredients,,33,Calculation on the basis of ingredients,,0.3,Calculation on the basis of ingredients,,3.1,Calculation on the basis of ingredients,,0.2,Calculation on the basis of ingredients,,n.d.,,,Ja
211,3579,832004,"Whitefish, raw",,Fish/Fresh water fish,,per 100g edible portion,425,Automated calculation,,101,Automated calculation,,2.7,-,136,0.6,Estimation,51,0.6,Estimation,51,0.6,Estimation,51,54,-,136,0,-,128,0,-,128,0,Estimation,51,0,-,145,19.2,-,136,0.1,Automated calculation,,0,Estimation,51,76.6,-,88,13,Automated calculation,,13,Automated calculation,,13,Estimation,51,0,Estimation,51,0,-,128,0.07,-,128,0.07,-,128,0.45,-,128,1,-,128,4,-,145,10,-,128,n.d.,,,0,-,128,22.1,-,128,1.3,-,136,400,-,136,20,-,136,n.d.,,,34,-,136,26,-,136,230,-,136,0.4,-,136,1.5,-,88,0.6,-,136,21,-,1544,Nein
1064,3613,,"Wholemeal pasta egg-free, cooked in salted water (uniodised)",,"Cereal products, pulses and potatoes/Pasta",,per 100g edible portion,665,Automated calculation,,158,Automated calculation,,1.2,Calculation on the basis of ingredients,,0.2,Calculation on the basis of ingredients,,0.1,Calculation on the basis of ingredients,,0.5,Calculation on the basis of ingredients,,0,Calculation on the basis of ingredients,,28.2,Calculation on the basis of ingredients,,0.3,Calculation on the basis of ingredients,,27.7,Calculation on the basis of ingredients,,5.4,Calculation on the basis of ingredients,,5.9,Calculation on the basis of ingredients,,1,Automated calculation,,0,Calculation on the basis of ingredients,,59.8,Automated calculation,,0,Automated calculation,,0,Automated calculation,,0,Calculation on the basis of ingredients,,0,Calculation on the basis of ingredients,,0,Calculation on the basis of ingredients,,0.27,Calculation on the basis of ingredients,,0.04,Calculation on the basis of ingredients,,0.08,Calculation on the basis of ingredients,,0,Calculation on the basis of ingredients,,1.3,Calculation on the basis of ingredients,,13,Calculation on the basis of ingredients,,0.34,Calculation on the basis of ingredients,,0,Calculation on the basis of ingredients,,0,Calculation on the basis of ingredients,,0.09,Calculation on the basis of ingredients,,110,Calculation on the basis of ingredients,,420,Calculation on the basis of ingredients,,640,Calculation on the basis of ingredients,,15,Calculation on the basis of ingredients,,48,Calculation on the basis of ingredients,,160,Calculation on the basis of ingredients,,1.4,Calculation on the basis of ingredients,,1.1,Calculation on the basis of ingredients,,1.4,Calculation on the basis of ingredients,,n.d.,,,Ja
801,4580,1001466,"Wholemeal pasta egg-free, dry",,"Cereal products, pulses and potatoes/Pasta",,per 100g edible portion,1430,Automated calculation,,338,Automated calculation,,2.5,-,8,0.4,-,8,0.3,-,8,1.1,-,8,0,-,8,60.6,-,8,0.7,-,8,59.5,-,8,11.5,-,8,12.6,-,1660,0,Automated calculation,,0,Estimation,1648,10.5,-,8,0,Automated calculation,,0,Automated calculation,,0,-,155,0,Estimation,1648,0,-,155,0.67,-,8,0.11,-,8,0.2,-,8,0,-,8,3.1,-,8,40,-,8,0.8,-,8,0,-,8,0,-,8,0.2,-,1528,390,-,8,5,-,8,22,-,8,34,-,8,120,-,8,370,-,8,3.9,-,8,1.9,-,1528,3,-,8,n.d.,,,Nein
802,4342,1001468,Wholemeal rice waffles,,"Bread, flakes and breakfast cereals/Crispbreads, rusks, crackers and wafers",,per 100g edible portion,1650,Automated calculation,,390,Automated calculation,,2.8,-,56,0.6,-,56,1,-,56,1,-,56,0,-,56,81.5,-,56,1.5,-,56,80,-,56,4.2,-,56,7.7,-,1660,0.8,Automated calculation,,0,-,22,5.8,-,56,0,Automated calculation,,0,Automated calculation,,0,Estimation,51,0,Estimation,51,0,-,156,0.06,-,56,0.17,-,56,0.15,-,56,0,-,56,7.81,-,56,21,-,56,1,-,56,0,-,56,tr.,-,22,0.72,-,56,290,-,56,330,-,56,tr.,-,22,11,-,56,130,-,56,360,-,56,1.5,-,56,tr.,-,22,3,-,56,n.d.,,,Nein
62,4231,821038,"Whole milk, pasteurized",,Milk and dairy products/Milk,1,per 100ml food volume,282,Automated calculation,,68,Automated calculation,,4,-,181,2.4,Estimation,1662,0.9,Estimation,1662,0.2,Estimation,1662,15,-,181,4.7,Estimation,1662,4.7,-,181,0,Estimation,1662,0,Estimation,1662,3.2,Estimation,1662,0.1,Automated calculation,,0,Estimation,1662,87.3,-,181,49,Automated calculation,,47,Automated calculation,,46,Estimation,1662,17,Estimation,1662,17,-,98,0.02,-,181,0.21,-,181;1653,0.03,-,181,0.33,-,181;1653,0.1,-,181,5.1,-,181,0.32,-,181;1653,1,-,181,0.1,-,1653,0.11,-,181,160,-,181,39,-,181,96,-,181,120,-,181,10,-,181,92,-,181,0,-,181,10,-,1333;1399,0.4,-,181,1.2,-,1075;1544,Nein
585,4140,1001120,Whole milk powder,,Milk and dairy products/Milk,,per 100g edible portion,2010,Automated calculation,,480,Automated calculation,,26.2,-,36,15.7,Estimation,1662,6.2,Estimation,1662,1.2,Estimation,1662,70,-,1640,35.1,-,36,35.1,-,36,0,-,8,0,Estimation,1662,24.7,-,1640,0.9,Automated calculation,,0,Estimation,1662,3.5,-,36,250,Automated calculation,,240,Automated calculation,,230,-,1640,118,-,145,118,Estimation,1698,0.27,-,36,1.4,-,36,0.2,-,36,1.5,-,36,0.7,-,36,40,-,36,2.7,-,36,11,-,36,1.2,-,36,0.5,-,36,1160,-,36,370,-,36,810,-,36,1060,-,1009,88,-,1009,710,-,36,0.7,-,36,27,-,36,3.1,-,36,n.d.,,,Nein
63,3747,821039,"Whole milk, UHT",,Milk and dairy products/Milk,1,per 100ml food volume,284,Automated calculation,,68,Automated calculation,,4.1,-,181,2.5,Estimation,1662,1,Estimation,1662,0.2,Estimation,1662,16,-,181,4.6,Estimation,1662,4.6,-,181,0,Estimation,1662,0,Estimation,1662,3.2,Estimation,1662,0.1,Automated calculation,,0,Estimation,1662,87.2,-,181,47,Automated calculation,,46,Automated calculation,,44,Estimation,1662,18,Estimation,1662,19,-,51;1528,0.02,-,181,0.22,-,181;1653,0.03,-,181,0.16,-,181;1653,0.12,-,181,4.3,-,181,0.37,-,181;1653,1,-,181,0.1,-,1653,0.13,-,181,160,-,181,39,-,181,95,-,181,120,-,181,10,-,181,91,-,181,0,-,181,9.5,-,1333;1399;1675,0.4,-,181,1.1,-,1075;1544,Nein
821,4112,1001490,Wholewheat bread,,"Bread, flakes and breakfast cereals/Bread and bread products",,per 100g edible portion,899,Automated calculation,,213,Automated calculation,,1.3,Calculation on the basis of ingredients,,0.2,Calculation on the basis of ingredients,,0.1,Calculation on the basis of ingredients,,0.9,Calculation on the basis of ingredients,,0,Calculation on the basis of ingredients,,38.3,Calculation on the basis of ingredients,,0.7,Calculation on the basis of ingredients,,37.6,Calculation on the basis of ingredients,,6.9,Calculation on the basis of ingredients,,8.6,Calculation on the basis of ingredients,,1.4,Automated calculation,,0,Calculation on the basis of ingredients,,45.5,Automated calculation,,1,Automated calculation,,0,Automated calculation,,0,Calculation on the basis of ingredients,,<3,Calculation on the basis of ingredients,,<3,Calculation on the basis of ingredients,,0.23,Calculation on the basis of ingredients,,0.11,Calculation on the basis of ingredients,,0.26,Calculation on the basis of ingredients,,tr.,Calculation on the basis of ingredients,,3.03,Calculation on the basis of ingredients,,21.7,Calculation on the basis of ingredients,,0.58,Calculation on the basis of ingredients,,tr.,Calculation on the basis of ingredients,,0,Calculation on the basis of ingredients,,0.99,Calculation on the basis of ingredients,,250,Calculation on the basis of ingredients,,580,Calculation on the basis of ingredients,,880,Calculation on the basis of ingredients,,20,Calculation on the basis of ingredients,,82,Calculation on the basis of ingredients,,220,Calculation on the basis of ingredients,,3.1,Calculation on the basis of ingredients,,1.8,Calculation on the basis of ingredients,,2.2,Calculation on the basis of ingredients,,n.d.,,,Nein
1082,4305,,Wienerli (Swiss sausage),,Sausages and cold meats/Boiled sausage products,,per 100g edible portion,1000,Automated calculation,,242,Automated calculation,,20.4,-,1032,7.8,-,1032,9.4,-,1032,1.6,-,1032,51,-,1032,0.6,-,1011,0.6,-,1011,0,Estimation,1003,0,Estimation,1003,13.9,-,1032,2.2,Automated calculation,,0,Estimation,1003,61.9,-,1032,1,Automated calculation,,1,Automated calculation,,1,-,1003;1662;1690,2,Estimation,,2,Estimation,,0.23,-,1032;1673;1690,0.11,-,1032;1673;1690,0.11,-,1032;1673;1690,0.8,-,1032,3.47,-,1032;1673;1690,0.9,Estimation,,0.5,-,1032,17.5,-,1032,1,-,1032,tr.,-,1032,190,-,1032,870,-,1032,1180,-,1032,7.9,-,1032,13,-,1032,190,-,1032,0.8,-,1032,0.4,Estimation,,1.8,-,1032,7.3,-,1032,Nein
1589,,,"Wienerli (Swiss sausage), cooked",,Sausages and cold meats/Boiled sausage products,,per 100g edible portion,972,Automated calculation,,235,Automated calculation,,19.8,Calculation on the basis of ingredients,,7.6,Calculation on the basis of ingredients,,9.1,Calculation on the basis of ingredients,,1.5,Calculation on the basis of ingredients,,50,Calculation on the basis of ingredients,,0.6,Calculation on the basis of ingredients,,0.6,Calculation on the basis of ingredients,,0,Calculation on the basis of ingredients,,0,Calculation on the basis of ingredients,,13.5,Calculation on the basis of ingredients,,1.8,Automated calculation,,0,Calculation on the basis of ingredients,,66.1,Automated calculation,,1,Automated calculation,,1,Automated calculation,,1,Calculation on the basis of ingredients,,2,Calculation on the basis of ingredients,,1,Calculation on the basis of ingredients,,0.17,Calculation on the basis of ingredients,,0.1,Calculation on the basis of ingredients,,0.08,Calculation on the basis of ingredients,,0.54,Calculation on the basis of ingredients,,2.53,Calculation on the basis of ingredients,,0.6,Calculation on the basis of ingredients,,0.36,Calculation on the basis of ingredients,,11.9,Calculation on the basis of ingredients,,0.9,Calculation on the basis of ingredients,,0,Calculation on the basis of ingredients,,160,Calculation on the basis of ingredients,,720,Calculation on the basis of ingredients,,1150,Calculation on the basis of ingredients,,6.5,Calculation on the basis of ingredients,,13,Calculation on the basis of ingredients,,180,Calculation on the basis of ingredients,,0.7,Calculation on the basis of ingredients,,0.4,Calculation on the basis of ingredients,,1.7,Calculation on the basis of ingredients,,7.1,Calculation on the basis of ingredients,,Ja
489,3899,1000976,"Wild boar, raw",,Meat and offal/Game,,per 100g edible portion,457,Automated calculation,,108,Automated calculation,,3.4,-,9,1.5,-,9,1.4,-,9,0.2,-,9,65,-,9,0,-,43,0,-,43,0,Estimation,51,0,-,43,19.5,-,9,0.2,Automated calculation,,0,-,43,75.9,-,9,8,Automated calculation,,8,Automated calculation,,8,-,8,0,Estimation,51,0,Estimation,51,0.1,-,9,0.2,-,9,0.4,-,9,5,-,9,5.1,-,9,5,-,9,0.7,-,9,0,-,43,tr.,-,22,0.21,-,9,360,-,9,94,-,9,60,-,9,10,-,9,22,-,9,170,-,9,1.8,-,9,6,-,9,2.3,-,9,n.d.,,,Nein
509,4632,1001011,"Wine red, 12 vol%",,Alcoholic beverages/Wine,1,per 100ml food volume,287,Automated calculation,,69,Automated calculation,,0,-,43,0,-,43,0,-,43,0,-,43,0,Estimation,51,0.3,-,43,0.3,-,43,tr.,-,43,0,-,43,0.2,-,43,0,Automated calculation,,9.6,-,43,89.6,-,43,0,Automated calculation,,0,Automated calculation,,0,Estimation,51,0,Estimation,51,0,Estimation,51,tr.,-,43,0.02,-,43,0.02,-,43,0,-,43,0.1,-,43,tr.,-,43,0.1,-,43,0,-,43,0,-,43,0,-,43,120,-,43,5,-,43,10,-,9,8,-,43,15,-,43,14,-,43,0.9,-,43,10,-,9,0.1,-,9,n.d.,,,Nein
10477,,,"Wine red, 13.5 vol%",,Alcoholic beverages/Wine,1,per 100ml food volume,314,Automated calculation,,76,Automated calculation,,0,-,1030,n.d.,,,n.d.,,,n.d.,,,0,-,1030,0.2,-,1030,0.2,-,1030,0,-,1030,0,-,1030,0,-,1030,n.d.,,,10.7,-,1030,89,-,1030,n.d.,,,n.d.,,,n.d.,,,n.d.,,,n.d.,,,n.d.,,,n.d.,,,n.d.,,,n.d.,,,n.d.,,,n.d.,,,n.d.,,,n.d.,,,n.d.,,,n.d.,,,n.d.,,,n.d.,,,n.d.,,,n.d.,,,n.d.,,,n.d.,,,n.d.,,,n.d.,,,n.d.,,,n.d.,,,Nein
508,4690,1001010,"Wine red, 9 vol%",,Alcoholic beverages/Wine,1,per 100ml food volume,224,Automated calculation,,54,Automated calculation,,0,-,43,0,-,43,0,-,43,0,-,43,0,Estimation,51,0.2,-,43,0.2,-,43,tr.,-,43,0,-,43,0.2,-,43,0,Automated calculation,,7.5,-,43,92,-,43,0,Automated calculation,,0,Automated calculation,,0,Estimation,51,0,Estimation,51,0,Estimation,51,tr.,-,43,0.02,-,43,0.02,-,43,0,-,43,0.1,-,43,tr.,-,43,0.1,-,43,0,-,43,0,-,43,0,-,43,120,-,43,5,-,43,10,-,9,8,-,43,15,-,43,14,-,43,0.9,-,43,10,-,9,0.1,-,9,n.d.,,,Nein
510,4688,1001012,"Wine white, 11 vol%",,Alcoholic beverages/Wine,1,per 100ml food volume,291,Automated calculation,,70,Automated calculation,,0,-,43,0,-,43,0,-,43,0,-,43,0,Estimation,51,2,-,43,2,-,43,tr.,-,43,0,-,43,0.1,-,43,0,Automated calculation,,8.8,-,43,89,-,43,0,Automated calculation,,0,Automated calculation,,0,Estimation,51,0,Estimation,51,0,Estimation,51,tr.,-,43,tr.,-,43,0.02,-,43,0,-,43,0.1,-,43,tr.,-,43,0.03,-,43,0,-,43,0,-,43,0,-,43,80,-,43,5,-,43,4,-,9,9,-,43,10,-,43,14,-,43,0.3,-,43,10,-,43,0.2,-,9,n.d.,,,Nein
511,4689,1001014,"Wine white, 12.5 vol%",,Alcoholic beverages/Wine,1,per 100ml food volume,295,Automated calculation,,71,Automated calculation,,0,-,5,0,-,5,0,-,5,0,-,5,0,Estimation,51,0.1,-,9,0.1,-,22,0,-,5,0,-,5,0.2,-,9,0,Automated calculation,,10,-,9,89,-,9,0,Automated calculation,,0,Automated calculation,,0,Estimation,51,0,Estimation,51,0,Estimation,51,0,-,9,0.01,-,9,0.02,-,9,0.1,-,9,0.1,-,9,1,-,9,0.02,-,9,0,-,22,0,-,5,0,-,5,95,-,9,2,-,9,5,-,9,10,-,9,10,-,9,15,-,9,0.6,-,9,10,-,9,0.2,-,9,n.d.,,,Nein
10478,,,"Wine white, spritzer, sour",,Alcoholic beverages/Wine,1,per 100ml food volume,148,Automated calculation,,36,Automated calculation,,0,Calculation on the basis of ingredients,,0,Calculation on the basis of ingredients,,0,Calculation on the basis of ingredients,,0,Calculation on the basis of ingredients,,0,Calculation on the basis of ingredients,,0.1,Calculation on the basis of ingredients,,0.1,Calculation on the basis of ingredients,,0,Calculation on the basis of ingredients,,0,Calculation on the basis of ingredients,,0.1,Calculation on the basis of ingredients,,0,Automated calculation,,5,Calculation on the basis of ingredients,,94.9,Automated calculation,,0,Automated calculation,,0,Automated calculation,,0,Calculation on the basis of ingredients,,0,Calculation on the basis of ingredients,,0,Calculation on the basis of ingredients,,0,Calculation on the basis of ingredients,,0.01,Calculation on the basis of ingredients,,0.01,Calculation on the basis of ingredients,,0.05,Calculation on the basis of ingredients,,0.05,Calculation on the basis of ingredients,,0.5,Calculation on the basis of ingredients,,0.01,Calculation on the basis of ingredients,,0,Calculation on the basis of ingredients,,0,Calculation on the basis of ingredients,,0,Calculation on the basis of ingredients,,48,Calculation on the basis of ingredients,,1.5,Calculation on the basis of ingredients,,3,Calculation on the basis of ingredients,,8.5,Calculation on the basis of ingredients,,5.5,Calculation on the basis of ingredients,,7.5,Calculation on the basis of ingredients,,0.3,Calculation on the basis of ingredients,,5,Calculation on the basis of ingredients,,0.1,Calculation on the basis of ingredients,,n.d.,,,Ja
10479,,,"Wine white, spritzer, sweet",,Alcoholic beverages/Wine,1,per 100ml food volume,228,Automated calculation,,55,Automated calculation,,0,Calculation on the basis of ingredients,,0,Calculation on the basis of ingredients,,0,Calculation on the basis of ingredients,,0,Calculation on the basis of ingredients,,0,Calculation on the basis of ingredients,,4.8,Calculation on the basis of ingredients,,4.8,Calculation on the basis of ingredients,,0,Calculation on the basis of ingredients,,0,Calculation on the basis of ingredients,,0.1,Calculation on the basis of ingredients,,0,Automated calculation,,5,Calculation on the basis of ingredients,,90.1,Automated calculation,,0,Automated calculation,,0,Automated calculation,,0,Calculation on the basis of ingredients,,0,Calculation on the basis of ingredients,,0,Calculation on the basis of ingredients,,0,Calculation on the basis of ingredients,,0.02,Calculation on the basis of ingredients,,0.01,Calculation on the basis of ingredients,,0.05,Calculation on the basis of ingredients,,0.06,Calculation on the basis of ingredients,,0.5,Calculation on the basis of ingredients,,0.01,Calculation on the basis of ingredients,,0,Calculation on the basis of ingredients,,0,Calculation on the basis of ingredients,,0,Calculation on the basis of ingredients,,52,Calculation on the basis of ingredients,,2.5,Calculation on the basis of ingredients,,8,Calculation on the basis of ingredients,,7.5,Calculation on the basis of ingredients,,11,Calculation on the basis of ingredients,,8,Calculation on the basis of ingredients,,0.4,Calculation on the basis of ingredients,,5.9,Calculation on the basis of ingredients,,0.1,Calculation on the basis of ingredients,,n.d.,,,Ja
763,4391,1001409,"Yeast (baking), pressed",,Various/Yeast;Various/Baking ingredients,,per 100g edible portion,402,Automated calculation,,96,Automated calculation,,1.2,-,9,0.2,-,9,0.4,-,9,0.6,-,9,0,-,9,1.1,-,9,0,-,10,1,-,9,6.9,-,9,16.7,-,1640,0.1,Automated calculation,,0,-,9,72,-,9,0,Automated calculation,,0,Automated calculation,,0,-,145,0,-,145,0,Estimation,51,0.83,-,9;1463,1.39,-,9;1463,0.63,-,9;1463,0,-,57,9.75,-,9;1463,642,-,9;1009;1463,2.29,-,9;1463,0,-,10,0,-,9,0.1,-,9,570,-,9;1463,22,-,9;1463,100,-,9,16,-,9;1463,41,-,9;1463,370,-,9;1463,2.9,-,9;1463,0.6,-,9,2.4,-,9;1463,n.d.,,,Nein
910,4151,1001583,"Yeast dough (with butter), sweet, raw",,"Cereal products, pulses and potatoes/Dough",,per 100g edible portion,1310,Automated calculation,,311,Automated calculation,,11.1,Calculation on the basis of ingredients,,6.1,Calculation on the basis of ingredients,,2.7,Calculation on the basis of ingredients,,1,Calculation on the basis of ingredients,,67,Calculation on the basis of ingredients,,43.2,Calculation on the basis of ingredients,,6.4,Calculation on the basis of ingredients,,36.4,Calculation on the basis of ingredients,,1.9,Calculation on the basis of ingredients,,8.6,Calculation on the basis of ingredients,,0.9,Automated calculation,,0,Calculation on the basis of ingredients,,35.8,Automated calculation,,113,Automated calculation,,109,Automated calculation,,105,Calculation on the basis of ingredients,,44,Calculation on the basis of ingredients,,43,Calculation on the basis of ingredients,,0.15,Calculation on the basis of ingredients,,0.14,Calculation on the basis of ingredients,,0.12,Calculation on the basis of ingredients,,0.15,Calculation on the basis of ingredients,,0.79,Calculation on the basis of ingredients,,37.9,Calculation on the basis of ingredients,,0.6,Calculation on the basis of ingredients,,0.2,Calculation on the basis of ingredients,,0.4,Calculation on the basis of ingredients,,0.4,Calculation on the basis of ingredients,,160,Calculation on the basis of ingredients,,380,Calculation on the basis of ingredients,,590,Calculation on the basis of ingredients,,34,Calculation on the basis of ingredients,,22,Calculation on the basis of ingredients,,110,Calculation on the basis of ingredients,,1.1,Calculation on the basis of ingredients,,5.2,Calculation on the basis of ingredients,,0.9,Calculation on the basis of ingredients,,n.d.,,,Ja
1177,4657,,"Yeast dough (with vegetable fat), sweet, raw",,"Cereal products, pulses and potatoes/Dough",,per 100g edible portion,1280,Automated calculation,,304,Automated calculation,,11.5,Calculation on the basis of ingredients,,3.4,Calculation on the basis of ingredients,,4.9,Calculation on the basis of ingredients,,2.2,Calculation on the basis of ingredients,,46,Calculation on the basis of ingredients,,40,Calculation on the basis of ingredients,,1.1,Calculation on the basis of ingredients,,38.5,Calculation on the basis of ingredients,,2.1,Calculation on the basis of ingredients,,9.1,Calculation on the basis of ingredients,,1,Automated calculation,,0,Calculation on the basis of ingredients,,38.1,Automated calculation,,119,Automated calculation,,115,Automated calculation,,112,Calculation on the basis of ingredients,,45,Calculation on the basis of ingredients,,44,Calculation on the basis of ingredients,,0.16,Calculation on the basis of ingredients,,0.15,Calculation on the basis of ingredients,,0.13,Calculation on the basis of ingredients,,0.17,Calculation on the basis of ingredients,,0.86,Calculation on the basis of ingredients,,40.3,Calculation on the basis of ingredients,,0.64,Calculation on the basis of ingredients,,0.2,Calculation on the basis of ingredients,,0.8,Calculation on the basis of ingredients,,2.46,Calculation on the basis of ingredients,,170,Calculation on the basis of ingredients,,400,Calculation on the basis of ingredients,,630,Calculation on the basis of ingredients,,35,Calculation on the basis of ingredients,,23,Calculation on the basis of ingredients,,120,Calculation on the basis of ingredients,,1.1,Calculation on the basis of ingredients,,5.7,Calculation on the basis of ingredients,,0.9,Calculation on the basis of ingredients,,n.d.,,,Ja
839,3754,1001508,"Yeast, dried",,Special foods/Supplements;Various/Yeast,,per 100g edible portion,1500,Automated calculation,,354,Automated calculation,,4.2,-,36,0.6,-,9,1.3,-,9,2.1,-,9,0,-,9,26.5,-,9,3.2,-,9,23.3,-,9,9.5,-,9,47.9,-,1640,0.2,Automated calculation,,0,-,36,6,-,36,0,Automated calculation,,0,Automated calculation,,0,-,8,0,Estimation,51,0,-,8,12,-,36,3.8,-,36,4.4,-,36,n.d.,,,45,-,36,3200,-,36,7.2,-,36,0,-,9,0,-,9,0.1,-,9,1410,-,36,77,-,36,400,-,9,50,-,36,230,-,36,1900,-,36,18,-,36,4,-,36,8,-,36,n.d.,,,Ja
403,4566,1000867,"Yellow plum, fresh",,Fruit/Fresh fruit,,per 100g edible portion,242,Automated calculation,,57,Automated calculation,,0.2,-,43,tr.,-,43,tr.,-,43,tr.,-,43,0,-,43,12,-,43,12,-,43,0,-,43,2.3,-,43,0.7,-,43,0,Automated calculation,,0,-,43,82.7,-,43,42,Automated calculation,,21,Automated calculation,,0,Estimation,51,254,Estimation,51,180,-,121,0.06,-,43,0.04,-,43,0.05,-,43,0,-,43,0.5,-,43,10,-,43,0.2,-,43,7,-,43,0,-,43,0.5,-,43,230,-,43,tr.,-,43,3,-,9,12,-,43,15,-,43,33,-,43,0.5,-,43,1,-,9,0.1,-,9,n.d.,,,Nein
1192,4710,,Yoghurt with added sugar (average),,Milk and dairy products/Yogurt and curdled milk,1.1,per 100g edible portion,443,Automated calculation,,105,Automated calculation,,3.4,Calculation on the basis of ingredients,,2,Calculation on the basis of ingredients,,0.9,Calculation on the basis of ingredients,,0.2,Calculation on the basis of ingredients,,10,Calculation on the basis of ingredients,,14.7,Calculation on the basis of ingredients,,13.8,Calculation on the basis of ingredients,,0.1,Calculation on the basis of ingredients,,0.4,Calculation on the basis of ingredients,,3.7,Calculation on the basis of ingredients,,0.1,Automated calculation,,0,Calculation on the basis of ingredients,,77.7,Automated calculation,,30,Automated calculation,,28,Automated calculation,,27,Calculation on the basis of ingredients,,17,Calculation on the basis of ingredients,,15,Calculation on the basis of ingredients,,0.01,Calculation on the basis of ingredients,,0.15,Calculation on the basis of ingredients,,0.08,Calculation on the basis of ingredients,,0.3,Calculation on the basis of ingredients,,0.1,Calculation on the basis of ingredients,,10.9,Calculation on the basis of ingredients,,0.29,Calculation on the basis of ingredients,,2.1,Calculation on the basis of ingredients,,0.1,Calculation on the basis of ingredients,,0.27,Calculation on the basis of ingredients,,170,Calculation on the basis of ingredients,,43,Calculation on the basis of ingredients,,100,Calculation on the basis of ingredients,,120,Calculation on the basis of ingredients,,15,Calculation on the basis of ingredients,,100,Calculation on the basis of ingredients,,0.1,Calculation on the basis of ingredients,,6.1,Calculation on the basis of ingredients,,0.5,Calculation on the basis of ingredients,,n.d.,,,Ja
58,4522,821034,"Yogurt Bifidus, plain",,Milk and dairy products/Yogurt and curdled milk,,per 100g edible portion,276,Automated calculation,,66,Automated calculation,,3.6,-,178,2.2,-,178,0.9,-,178,0.2,-,178,11,-,178,4.5,Automated calculation,,4.5,-,178,0,Estimation,51,0,Estimation,51,4,Estimation,1662,0.1,Automated calculation,,0,Estimation,51,85.5,-,178,40,Automated calculation,,38,Automated calculation,,37,Estimation,51,16,-,83,15,-,61,0.02,-,178,0.13,-,178;1653,0.04,-,178,0.5,-,9;1653,0.09,-,9,5,-,9,0.33,-,9;1653,tr.,-,22,0.2,-,43;1653,0.11,-,178,180,-,178,45,-,178,120,-,178,150,-,178,12,-,178,110,-,178,0,-,178,7.5,-,9,0.5,-,178,n.d.,,,Nein
54,4470,821029,"Yogurt, chocolate",,Milk and dairy products/Yogurt and curdled milk,1.1,per 100g edible portion,505,Automated calculation,,120,Automated calculation,,3.9,-,178,2.4,-,178,0.9,-,178,0.2,-,178,11,-,178,16.9,Estimation,51,15.5,-,178,0.5,-,8,0.8,-,8,3.9,Estimation,1662,0.1,Automated calculation,,0,Estimation,51,73.5,-,178,31,Automated calculation,,30,Automated calculation,,29,Estimation,51,14,Estimation,51,14,-,8,0.01,-,178,0.12,-,178,0.06,-,178,0.3,-,9,0.09,-,127,9,-,9,0.3,-,127,tr.,-,22,0.1,-,127,0.43,-,178,200,-,178,44,-,178,110,-,178,130,-,178,18,-,178,110,-,178,0.3,-,178,6,-,9,0.5,-,178,n.d.,,,Nein
1612,,,Yogurt dressing (without oil),,Fats and oils/Salad dressings,1.1,per 100ml food volume,280,Automated calculation,,67,Automated calculation,,3.3,Calculation on the basis of ingredients,,2,Calculation on the basis of ingredients,,0.8,Calculation on the basis of ingredients,,0.2,Calculation on the basis of ingredients,,10,Calculation on the basis of ingredients,,5.7,Calculation on the basis of ingredients,,5.7,Calculation on the basis of ingredients,,0,Calculation on the basis of ingredients,,0.1,Calculation on the basis of ingredients,,3.6,Calculation on the basis of ingredients,,0.6,Automated calculation,,0,Calculation on the basis of ingredients,,87.3,Automated calculation,,35,Automated calculation,,34,Automated calculation,,32,Calculation on the basis of ingredients,,18,Calculation on the basis of ingredients,,16,Calculation on the basis of ingredients,,0.03,Calculation on the basis of ingredients,,0.16,Calculation on the basis of ingredients,,0.04,Calculation on the basis of ingredients,,0.27,Calculation on the basis of ingredients,,0.1,Calculation on the basis of ingredients,,6.4,Calculation on the basis of ingredients,,0.33,Calculation on the basis of ingredients,,6.7,Calculation on the basis of ingredients,,0.1,Calculation on the basis of ingredients,,0.1,Calculation on the basis of ingredients,,170,Calculation on the basis of ingredients,,220,Calculation on the basis of ingredients,,370,Calculation on the basis of ingredients,,130,Calculation on the basis of ingredients,,15,Calculation on the basis of ingredients,,100,Calculation on the basis of ingredients,,0,Calculation on the basis of ingredients,,15,Calculation on the basis of ingredients,,0.4,Calculation on the basis of ingredients,,n.d.,,,Nein
590,3618,1001127,"Yogurt flavored, low fat, with sweetener",,Milk and dairy products/Yogurt and curdled milk,1.1,per 100g edible portion,198,Automated calculation,,47,Automated calculation,,0.1,-,41,0.1,-,3,0,-,3,0,-,3,0,-,3,7,-,41,7,-,22,tr.,-,22,0,-,43,4.4,-,1660,0.1,Automated calculation,,0,-,22,86.6,-,43,0,Automated calculation,,0,Automated calculation,,0,-,61,1,Estimation,51,1,-,61,0.04,-,43,0.17,-,43,0.07,-,43,0.4,-,43,0.1,-,43,2,-,43,0.5,-,43,tr.,-,22,tr.,-,43,0.03,-,43,210,-,43,45,-,43,93,-,9,100,-,37,11,-,43,120,-,43,0.1,-,43,6,-,43,0.4,-,9,n.d.,,,Nein
55,3882,821030,"Yogurt, hazelnut",,Milk and dairy products/Yogurt and curdled milk,1.1,per 100g edible portion,497,Automated calculation,,119,Automated calculation,,4.6,-,178,2.5,-,178,1.6,-,178,0.4,-,178,11,-,178,15,Estimation,51,14,-,178,0.1,-,9,0.9,-,9,3.8,Estimation,1662,0.1,Automated calculation,,0,Estimation,51,74.7,-,178,32,Automated calculation,,29,Automated calculation,,27,Estimation,51,30,-,127,n.d.,,,0.01,-,178,0.13,-,178,0.07,-,178,0.4,-,127,0.09,-,127,9,-,127,0.31,-,127,tr.,-,22,0.1,-,127,0.78,-,178,150,-,178,46,-,178,99,-,178,110,-,178,16,-,178,100,-,178,0.1,-,178,6.5,-,127,0.5,-,178,n.d.,,,Nein
587,4141,1001123,"Yogurt, low fat",,Milk and dairy products/Yogurt and curdled milk,1.1,per 100g edible portion,178,Automated calculation,,42,Automated calculation,,0.1,-,9,0.1,-,3,0,-,3,0,-,3,0,-,3,5.5,-,9,5.5,-,22,0,-,9,0,-,9,4.7,-,1660,0.2,Automated calculation,,0,-,22,88.2,-,9,1,Automated calculation,,1,Automated calculation,,1,-,61,2,Estimation,51,2,-,61,0.05,-,9,0.26,-,9;1653,0.06,-,9,0.44,-,9;1653,0.13,-,9,13,-,9,0.4,-,9;1653,tr.,-,22,0.1,-,9;1653,tr.,-,9,210,-,9,60,-,9,130,-,9,160,-,9,15,-,9,130,-,9,0.1,-,9,9.5,-,9,0.5,-,9,n.d.,,,Nein
57,3887,821032,"Yogurt, mocca",,Milk and dairy products/Yogurt and curdled milk,1.1,per 100g edible portion,417,Automated calculation,,99,Automated calculation,,3.1,-,178,1.9,-,178,0.7,-,178,0.1,-,178,9,-,178,14.1,Estimation,51,13.2,-,178,0,-,8,0,-,8,3.7,Estimation,1662,0.1,Automated calculation,,0,Estimation,51,77.4,-,178,28,Automated calculation,,27,Automated calculation,,26,Estimation,51,14,Estimation,51,14,-,8,0.01,-,178,0.22,-,178;1653,0.12,-,178,0.15,-,9;1653,0.11,-,9,10.3,-,97,0.26,-,97;1653,tr.,-,22,0.1,-,127;1653,0.09,-,178,170,-,178,42,-,178,110,-,178,130,-,178,13,-,178,100,-,178,0.1,-,178,6,-,9,0.4,-,178,n.d.,,,Nein
99,4520,822033,"Yogurt, mocca, organic",,Milk and dairy products/Yogurt and curdled milk,1.1,per 100g edible portion,401,Automated calculation,,95,Automated calculation,,3.3,-,178,n.d.,,,n.d.,,,n.d.,,,n.d.,,,13.1,Estimation,51,12.4,-,178,0,Estimation,51,0,Estimation,51,3.4,Estimation,1662,0.1,Automated calculation,,0,Estimation,51,78.2,-,178,34,Automated calculation,,33,Automated calculation,,32,Estimation,51,14,Estimation,51,14,-,8,0.01,-,178,0.16,-,178,0.18,-,178,0.3,-,51,0.1,-,51,10.3,-,97,0.29,-,97,tr.,-,51,0.1,-,51,0.12,-,178,200,-,178,42,-,178,110,-,178,120,-,178,18,-,178,100,-,178,0.2,-,178,6,-,51,0.5,-,178,n.d.,,,Nein
52,4469,821027,Yogurt natural,,Milk and dairy products/Yogurt and curdled milk,1.1,per 100g edible portion,277,Automated calculation,,66,Automated calculation,,3.6,-,178,2.2,-,178,0.9,-,178,0.2,-,178,11,-,178,4.5,Automated calculation,,4.5,-,1075,0,Estimation,51,0,Estimation,51,3.9,Estimation,1662,0.1,Automated calculation,,0,Estimation,51,85.6,-,178,39,Automated calculation,,37,Automated calculation,,36,Estimation,51,18,Estimation,51,18,-,8,0.02,-,178,0.18,-,178;1653,0.04,-,178,0.3,-,127;1653,0.09,-,127,5,-,127,0.33,-,127;1653,2,-,127,0.1,-,127;1653,0.1,-,178,170,-,178,49,-,178,120,-,178,140,-,178,12,-,178,110,-,178,0,-,178,16,-,88,0.4,-,178,n.d.,,,Nein
53,3883,821028,"Yogurt, strawberry",,Milk and dairy products/Yogurt and curdled milk,1.1,per 100g edible portion,424,Automated calculation,,101,Automated calculation,,2.7,-,178,1.6,-,178,0.6,-,178,0.1,-,178,8,-,178,15.2,Estimation,51,14.3,-,178,0.1,-,9,0.9,-,9,3.4,Estimation,1662,0.1,Automated calculation,,0,Estimation,51,76.8,-,178,29,Automated calculation,,27,Automated calculation,,26,Estimation,51,18,Estimation,51,18,-,8,0.01,-,178,0.15,-,178;1653,0.04,-,178,0.27,-,9;1653,0.15,-,9,13.6,-,97,0.25,-,97;1653,12.3,-,9,0.1,-,9;1653,0.1,-,178,150,-,178,42,-,178,99,-,178,110,-,178,11,-,178,97,-,178,0.1,-,178,5.5,-,9,0.4,-,178,n.d.,,,Nein
56,4468,821031,"Yogurt, vanilla",,Milk and dairy products/Yogurt and curdled milk,1.1,per 100g edible portion,413,Automated calculation,,98,Automated calculation,,3,-,178,1.8,-,178,0.7,-,178,0.1,-,178,9,-,178,14,Estimation,51,13.1,-,178,0,Estimation,51,0,Estimation,51,3.7,Estimation,1662,0.1,Automated calculation,,0,Estimation,51,77.6,-,178,24,Automated calculation,,23,Automated calculation,,22,Estimation,51,14,Estimation,51,14,-,8,0.02,-,178,0.14,-,178,0.03,-,178,0.4,-,127,0.09,-,127,13,-,97,0.34,-,97,tr.,-,22,0.1,-,127,0.08,-,178,130,-,178,45,-,178,110,-,178,130,-,178,11,-,178,100,-,178,0,-,178,6.5,-,127,0.5,-,178,n.d.,,,Nein
588,4611,1001125,"Yogurt with fruit, low fat, with sweetener",,Milk and dairy products/Yogurt and curdled milk,1.1,per 100g edible portion,206,Automated calculation,,49,Automated calculation,,0.1,-,41,0.1,-,3,0,-,3,0,-,3,0,-,3,7,-,41,7,-,22,0.1,-,22,0.9,-,22,4.5,-,1660,0.1,Automated calculation,,0,-,22,86.6,-,43,21,Automated calculation,,21,Automated calculation,,20,-,61,8,Estimation,51,8,-,61,0.04,-,43,0.17,-,43,0.07,-,43,0.4,-,43,0.1,-,43,2,-,43,0.5,-,43,4,-,43,tr.,-,43,0.03,-,43,210,-,43,45,-,43,93,-,9,110,-,37,11,-,43,120,-,43,0.1,-,43,6,-,9,0.4,-,9,n.d.,,,Nein
759,4583,1001402,Zampone,Stuffed porc foot,Meat and offal/Pork,,per 100g edible portion,1490,Automated calculation,,361,Automated calculation,,31.6,-,5,10.4,-,5,15.5,-,5,4.2,-,5,95,-,5,0,-,5,0,-,5,0,-,5,0,-,5,19.1,-,5,3.4,Automated calculation,,0,-,5,45.5,-,5,0,Automated calculation,,0,Automated calculation,,0,Estimation,51,0,-,81,0,Estimation,51,0.26,-,5,0.21,-,5,0.14,-,5,tr.,-,22,3,-,5,8,-,5,tr.,-,22,0,-,5,0.9,-,5,1.17,-,5,190,-,5,1380,-,5,tr.,-,22,20,-,5,tr.,-,22,170,-,5,2.1,-,5,tr.,-,22,4.3,-,5,n.d.,,,Nein
506,4529,1001008,Ziger white,,Milk and dairy products/Fresh cheese and curds,,per 100g edible portion,509,Automated calculation,,122,Automated calculation,,7.2,-,185,4.3,-,185,1.7,-,185,0.3,-,185,22,-,185,3.3,Estimation,1408,3.3,Estimation,1408,0,-,22,0,-,22,10.9,Estimation,1662,0.1,Automated calculation,,0,-,22,77,-,185,67,Automated calculation,,64,Automated calculation,,61,Estimation,51,40,Estimation,51,40,Estimation,51,tr.,-,22,tr.,-,22,0.04,-,185,tr.,-,22,tr.,-,22,tr.,-,22,tr.,-,22,tr.,-,22,tr.,-,22,0.2,-,185,120,-,185,33,-,185,81,-,185,170,-,185,11,-,185,130,-,185,0.2,-,185,tr.,-,22,0.3,-,185,n.d.,,,Nein
1661,,,"Zucchini piccata, prepared",,Prepared dishes/Other savoury dishes,,per 100g edible portion,627,Automated calculation,,151,Automated calculation,,11.3,Calculation on the basis of ingredients,,4.4,Calculation on the basis of ingredients,,4.6,Calculation on the basis of ingredients,,1.1,Calculation on the basis of ingredients,,86,Calculation on the basis of ingredients,,6.4,Calculation on the basis of ingredients,,2,Calculation on the basis of ingredients,,4.3,Calculation on the basis of ingredients,,1,Calculation on the basis of ingredients,,5.4,Calculation on the basis of ingredients,,0.6,Automated calculation,,0,Calculation on the basis of ingredients,,75.9,Automated calculation,,111,Automated calculation,,98,Automated calculation,,85,Calculation on the basis of ingredients,,155,Calculation on the basis of ingredients,,122,Calculation on the basis of ingredients,,0.06,Calculation on the basis of ingredients,,0.1,Calculation on the basis of ingredients,,0.07,Calculation on the basis of ingredients,,0.3,Calculation on the basis of ingredients,,0.43,Calculation on the basis of ingredients,,24.8,Calculation on the basis of ingredients,,0.48,Calculation on the basis of ingredients,,7.5,Calculation on the basis of ingredients,,0.5,Calculation on the basis of ingredients,,0.37,Calculation on the basis of ingredients,,200,Calculation on the basis of ingredients,,250,Calculation on the basis of ingredients,,390,Calculation on the basis of ingredients,,77,Calculation on the basis of ingredients,,21,Calculation on the basis of ingredients,,97,Calculation on the basis of ingredients,,0.8,Calculation on the basis of ingredients,,9.3,Calculation on the basis of ingredients,,0.6,Calculation on the basis of ingredients,,n.d.,,,Ja
367,4370,1000830,"Zucchini, raw",,Vegetables/Fresh vegetables,,per 100g edible portion,80,Automated calculation,,19,Automated calculation,,0.2,-,43,0,-,43,0,-,43,0.1,-,43,0,-,43,2,-,43,1.9,-,43,0.1,-,43,1,-,43,1.8,-,43,0,Automated calculation,,0,-,43,94,-,43,27,Automated calculation,,13,Automated calculation,,0,Estimation,51,160,-,51;1662,152,-,78;1669,0.06,-,43;1669,0.04,-,43,0.08,-,43;1669,0,-,43,0.6,-,43,50,-,43,0.21,-,43;1669,15.4,-,43;1669,0,-,43,0,-,43,230,-,43,3,-,43,24,-,36,19,-,43,23,-,43,31,-,43,0.8,-,43,2.3,-,36,0.2,-,36,n.d.,,,Nein
1657,,,"Zucchini slices, breaded, prepared",,Prepared dishes/Other savoury dishes,,per 100g edible portion,537,Automated calculation,,128,Automated calculation,,5.6,Calculation on the basis of ingredients,,0.7,Calculation on the basis of ingredients,,3.5,Calculation on the basis of ingredients,,0.9,Calculation on the basis of ingredients,,58,Calculation on the basis of ingredients,,13.5,Calculation on the basis of ingredients,,2.2,Calculation on the basis of ingredients,,11.3,Calculation on the basis of ingredients,,1.6,Calculation on the basis of ingredients,,5.1,Calculation on the basis of ingredients,,0.6,Automated calculation,,0,Calculation on the basis of ingredients,,74.4,Automated calculation,,43,Automated calculation,,31,Automated calculation,,19,Calculation on the basis of ingredients,,148,Calculation on the basis of ingredients,,113,Calculation on the basis of ingredients,,0.08,Calculation on the basis of ingredients,,0.07,Calculation on the basis of ingredients,,0.08,Calculation on the basis of ingredients,,0.17,Calculation on the basis of ingredients,,0.54,Calculation on the basis of ingredients,,28.1,Calculation on the basis of ingredients,,0.44,Calculation on the basis of ingredients,,8.5,Calculation on the basis of ingredients,,0.4,Calculation on the basis of ingredients,,0.33,Calculation on the basis of ingredients,,210,Calculation on the basis of ingredients,,240,Calculation on the basis of ingredients,,390,Calculation on the basis of ingredients,,28,Calculation on the basis of ingredients,,23,Calculation on the basis of ingredients,,67,Calculation on the basis of ingredients,,1,Calculation on the basis of ingredients,,6.5,Calculation on the basis of ingredients,,0.5,Calculation on the basis of ingredients,,n.d.,,,Ja
1031,4259,,"Zucchini, stewed (without addition of fat and salt)",,Vegetables/Cooked vegetables (incl. cans),,per 100g edible portion,105,Automated calculation,,25,Automated calculation,,0.3,Calculation on the basis of ingredients,,0.1,Calculation on the basis of ingredients,,0,Calculation on the basis of ingredients,,0.1,Calculation on the basis of ingredients,,0,Calculation on the basis of ingredients,,2.6,Calculation on the basis of ingredients,,2.5,Calculation on the basis of ingredients,,0.1,Calculation on the basis of ingredients,,1.3,Calculation on the basis of ingredients,,2.4,Calculation on the basis of ingredients,,0,Automated calculation,,0,Calculation on the basis of ingredients,,93.4,Automated calculation,,35,Automated calculation,,18,Automated calculation,,0,Calculation on the basis of ingredients,,211,Calculation on the basis of ingredients,,179,Calculation on the basis of ingredients,,0.07,Calculation on the basis of ingredients,,0.05,Calculation on the basis of ingredients,,0.09,Calculation on the basis of ingredients,,0,Calculation on the basis of ingredients,,0.75,Calculation on the basis of ingredients,,32.9,Calculation on the basis of ingredients,,0.25,Calculation on the basis of ingredients,,17.2,Calculation on the basis of ingredients,,0,Calculation on the basis of ingredients,,0,Calculation on the basis of ingredients,,300,Calculation on the basis of ingredients,,3.9,Calculation on the basis of ingredients,,32,Calculation on the basis of ingredients,,25,Calculation on the basis of ingredients,,30,Calculation on the basis of ingredients,,41,Calculation on the basis of ingredients,,1.1,Calculation on the basis of ingredients,,3,Calculation on the basis of ingredients,,0.3,Calculation on the basis of ingredients,,n.d.,,,Ja
